time,carts_cpu,carts-db_cpu,catalogue_cpu,catalogue-db_cpu,front-end_cpu,orders_cpu,orders-db_cpu,payment_cpu,queue-master_cpu,rabbitmq_cpu,rabbitmq-exporter_cpu,session-db_cpu,shipping_cpu,user_cpu,user-db_cpu,carts_mem,carts-db_mem,catalogue_mem,catalogue-db_mem,front-end_mem,orders_mem,orders-db_mem,payment_mem,queue-master_mem,rabbitmq_mem,rabbitmq-exporter_mem,session-db_mem,shipping_mem,user_mem,user-db_mem,carts-db_diskio,catalogue-db_diskio,orders-db_diskio,queue-master_diskio,rabbitmq_diskio,session-db_diskio,user_diskio,user-db_diskio,carts_socket,carts-db_socket,catalogue_socket,catalogue-db_socket,front-end_socket,orders_socket,orders-db_socket,payment_socket,queue-master_socket,rabbitmq_socket,rabbitmq-exporter_socket,session-db_socket,shipping_socket,user_socket,user-db_socket,carts_workload,catalogue_workload,front-end_workload,orders_workload,payment_workload,shipping_workload,user_workload,carts_latency-50,catalogue_latency-50,front-end_latency-50,orders_latency-50,payment_latency-50,shipping_latency-50,user_latency-50,carts_latency-90,catalogue_latency-90,front-end_latency-90,orders_latency-90,payment_latency-90,shipping_latency-90,user_latency-90
1705783105,4.784739389748462,2.771365756757364,0.17577407557903302,0.21784870546260976,4.749079821172771,1.2649965828482626,0.43933744352012094,0.08734025350790246,0.5539666154184025,0.8469571538181992,0,0.29579742114479346,1.0332656094488755,1.1203070035177825,1.0287205874828051,207609856,76398592,5988352,425590784,102219776,334479360,38637568,4427776,279502848,92831744,4718592,2883584,301015040,8740864,42471424,1919871.4371805466,0,639972.9741142688,170929.05776411158,0,27944.420439815338,0,1107845.6477535819,11,8,8,4,7,15,6,6,3,11,1,3,6,31,16,8.067,4.267,25.267,1.933,2.133,2.067,18.733,0.0144273127753304,0.0030718562874251496,0.03072429906542056,0.0355,0.0021333333333333334,0.00315,0.006624513618677042,0.02383700440528635,0.00472934131736527,0.0813537906137184,0.0471,0.004426666666666666,0.00487,0.00965953307392996
1705783106,4.784739389748462,2.771365756757364,0.18145063094974534,0.21784870546260976,4.749079821172771,1.2649965828482626,0.43933744352012094,0.08734025350790246,0.5539666154184025,0.8469571538181992,0,0.29579742114479346,0.9548833647502484,1.1203070035177825,1.0493524589946215,207609856,76398592,5988352,425590784,102219776,334479360,38637568,4427776,279502848,92831744,4718592,2883584,301019136,8740864,42471424,1919871.4371805466,0,639972.9741142688,170929.05776411158,0,27944.420439815338,0,1130064.4400451856,11,8,8,4,7,15,6,6,3,11,1,3,6,31,16,8.067,4.267,25.267,1.933,2.133,2.067,18.733,0.0144273127753304,0.0030718562874251496,0.03072429906542056,0.0355,0.0021333333333333334,0.00315,0.006624513618677042,0.02383700440528635,0.00472934131736527,0.0813537906137184,0.0471,0.004426666666666666,0.00487,0.00965953307392996
1705783107,4.784739389748462,2.771365756757364,0.18145063094974534,0.21784870546260976,4.749079821172771,1.2649965828482626,0.43933744352012094,0.08734025350790246,0.5539666154184025,0.8469571538181992,0,0.29579742114479346,0.9548833647502484,1.1203070035177825,1.2379122907089906,207609856,76398592,5988352,425590784,102219776,334479360,38637568,4427776,279502848,92831744,4718592,2883584,301019136,8740864,42471424,1919871.4371805466,0,639972.9741142688,170929.05776411158,0,27944.420439815338,0,1333127.5374962252,11,8,8,4,7,15,6,6,3,11,1,3,6,31,16,8.067,4.267,25.267,1.933,2.133,2.067,18.733,0.0144273127753304,0.0030718562874251496,0.03072429906542056,0.0355,0.0021333333333333334,0.00315,0.006624513618677042,0.02383700440528635,0.00472934131736527,0.0813537906137184,0.0471,0.004426666666666666,0.00487,0.00965953307392996
1705783108,4.784739389748462,2.771365756757364,0.18145063094974534,0.21784870546260976,4.749079821172771,1.2649965828482626,0.43933744352012094,0.08734025350790246,0.5539666154184025,0.8469571538181992,0,0.29579742114479346,0.9548833647502484,1.1203070035177825,1.2379122907089906,207609856,76398592,5988352,425590784,102219776,334479360,38637568,4427776,279502848,92831744,4718592,2883584,301019136,8740864,42471424,1919871.4371805466,0,639972.9741142688,170929.05776411158,0,27944.420439815338,0,1333127.5374962252,11,8,8,4,7,15,6,6,3,11,1,3,6,31,16,8.067,4.267,25.267,1.933,2.133,2.067,18.733,0.0144273127753304,0.0030718562874251496,0.03072429906542056,0.0355,0.0021333333333333334,0.00315,0.006624513618677042,0.02383700440528635,0.00472934131736527,0.0813537906137184,0.0471,0.004426666666666666,0.00487,0.00965953307392996
1705783109,4.784739389748462,2.771365756757364,0.18145063094974534,0.21784870546260976,4.749079821172771,1.2649965828482626,0.43933744352012094,0.08734025350790246,0.5539666154184025,0.8469571538181992,0,0.29579742114479346,0.9548833647502484,1.1203070035177825,1.0490017171789208,207609856,76398592,5988352,425590784,102219776,334479360,38637568,4427776,279502848,92831744,4718592,2883584,301019136,8740864,42471424,1919871.4371805466,0,639972.9741142688,170929.05776411158,0,27944.420439815338,0,1129686.7205762283,11,8,8,4,7,15,6,6,3,11,1,3,6,31,16,8.067,4.267,25.267,1.933,2.133,2.067,18.733,0.0144273127753304,0.0030718562874251496,0.03072429906542056,0.0355,0.0021333333333333334,0.00315,0.006624513618677042,0.02383700440528635,0.00472934131736527,0.0813537906137184,0.0471,0.004426666666666666,0.00487,0.00965953307392996
1705783110,4.784739389748462,2.771365756757364,0.18145063094974534,0.21784870546260976,4.749079821172771,1.2649965828482626,0.43933744352012094,0.08734025350790246,0.5539666154184025,0.8469571538181992,0,0.29579742114479346,0.9548833647502484,1.1203070035177825,1.2224337518920407,207609856,76398592,5988352,425590784,102219776,334479360,38637568,4427776,279502848,92831744,4718592,2883584,301019136,8740864,42557440,1919871.4371805466,0,639972.9741142688,170929.05776411158,0,27944.420439815338,0,1615451.851536018,11,8,8,4,7,15,6,6,3,11,1,3,6,31,16,8.067,4.267,25.267,1.933,2.133,2.067,18.733,0.0144273127753304,0.0030718562874251496,0.03072429906542056,0.0355,0.0021333333333333334,0.00315,0.006624513618677042,0.02383700440528635,0.00472934131736527,0.0813537906137184,0.0471,0.004426666666666666,0.00487,0.00965953307392996
1705783111,4.784739389748462,2.771365756757364,0.1784993460990417,0.21784870546260976,4.749079821172771,1.2649965828482626,0.43933744352012094,0.08734025350790246,0.5539666154184025,0.8469571538181992,0,0.29579742114479346,0.9548833647502484,1.1672131581735623,1.2224337518920407,207609856,76398592,6000640,425590784,102219776,334479360,38637568,4427776,279502848,92831744,4718592,2883584,301019136,8740864,42557440,1919871.4371805466,0,639972.9741142688,170929.05776411158,0,27944.420439815338,0,1615451.851536018,11,8,8,4,7,15,6,6,3,11,1,3,6,31,16,8.067,4,25.267,1.933,2.133,2.067,18.733,0.0144273127753304,0.003069767441860465,0.03072429906542056,0.0355,0.0021333333333333334,0.00315,0.006624513618677042,0.02383700440528635,0.004725581395348837,0.0813537906137184,0.0471,0.004426666666666666,0.00487,0.00965953307392996
1705783112,4.784739389748462,2.7713657567573637,0.1784993460990417,0.21784870546260976,4.749079821172771,1.2649965828482626,0.43664951400800417,0.08734025350790246,0.5539666154184025,0.8294508184182335,0,0.29579742114479346,0.9548833647502484,1.1672131581735623,1.2224337518920407,207609856,76398592,6000640,425590784,102219776,334479360,38637568,4427776,279502848,92831744,4718592,2883584,301019136,8740864,42557440,1919871.437180546,0,637519.8526141922,170929.05776411158,0,27944.420439815338,0,1615451.851536018,11,8,8,4,7,15,6,6,3,11,1,3,6,31,16,8.067,4,25.267,1.933,2.133,2.067,17.6,0.0144273127753304,0.003069767441860465,0.03072429906542056,0.0355,0.0021333333333333334,0.00315,0.006570450097847358,0.02383700440528635,0.004725581395348837,0.0813537906137184,0.0471,0.004426666666666666,0.00487,0.009619373776908026
1705783113,4.784739389748462,2.7713657567573637,0.1784993460990417,0.21986827661909975,4.749079821172771,1.2649965828482626,0.45347163231546606,0.08734025350790246,0.5539666154184025,0.8294508184182335,0.00010756216728651018,0.29579742114479346,0.9548833647502484,1.1672131581735623,1.2224337518920407,207609856,76398592,6000640,425590784,102219776,334479360,38662144,4427776,279502848,92831744,4718592,2883584,301019136,8740864,42557440,1919871.437180546,0,888165.6011087764,170929.05776411158,0,27944.420439815338,0,1615451.851536018,11,8,8,4,7,15,6,6,3,11,1,3,6,31,16,8.067,4,25.267,1.933,1.733,2.067,17.6,0.0144273127753304,0.0030697674418604646,0.03072429906542056,0.0355,0.0019285714285714284,0.00315,0.006570450097847358,0.02383700440528635,0.004725581395348837,0.0813537906137184,0.0471,0.004385714285714285,0.00487,0.009619373776908026
1705783114,4.784739389748462,2.7713657567573637,0.1784993460990417,0.21986827661909975,4.749079821172771,1.2649965828482626,0.45347163231546606,0.08734025350790246,0.5539666154184025,0.8294508184182335,0.00010756216728651018,0.29579742114479346,0.9548833647502484,1.1672131581735623,1.2224337518920407,207609856,76398592,6000640,425590784,102219776,334479360,38662144,4427776,279502848,92831744,4718592,2883584,301019136,8740864,42557440,1919871.437180546,0,888165.6011087764,170929.05776411158,0,27944.420439815338,0,1615451.851536018,11,8,8,4,7,15,6,6,3,11,1,3,6,31,16,8.067,4,25.267,1.933,1.733,1.733,17.6,0.0144273127753304,0.0030697674418604646,0.03072429906542056,0.0355,0.0019285714285714284,0.0031518987341772153,0.006570450097847358,0.02383700440528635,0.004725581395348837,0.0813537906137184,0.0471,0.004385714285714285,0.004873417721518987,0.009619373776908026
1705783115,5.830197321042793,2.7713657567573637,0.1784993460990417,0.21986827661909975,4.640671086929896,1.2649965828482626,0.45347163231546606,0.08734025350790246,0.5539666154184025,0.8294508184182335,0.00010756216728651018,0.29579742114479346,1.2154612111885623,1.1672131581735623,1.2224337518920407,207609856,76398592,6000640,425590784,105533440,334479360,38662144,4427776,279502848,92831744,4718592,2883584,301019136,8740864,42557440,1919871.437180546,0,888165.6011087764,170929.05776411158,0,27944.420439815338,0,1615451.851536018,11,8,8,4,7,15,6,6,3,11,1,3,6,31,16,8.133,4,25.267,2,1.8,1.8,17.8,0.01438053097345133,0.0030697674418604646,0.03072429906542056,0.0346830985915493,0.0019285714285714284,0.003125,0.0065,0.023831858407079656,0.004725581395348837,0.0813537906137184,0.046936619718309855,0.004385714285714285,0.004824999999999999,0.009585148514851486
1705783116,5.830197321042793,2.701025393246365,0.1784993460990417,0.1564577506726626,4.640671086929896,1.112478619492378,0.45347163231546606,0.08734025350790246,0.405490000000004,0.8294508184182335,0.00010756216728651018,0.29579742114479346,1.2154612111885623,1.1672131581735623,1.2224337518920407,207609856,76423168,6000640,425590784,105533440,334479360,38662144,4427776,279502848,92831744,4718592,2883584,301019136,8740864,42557440,1920423.7576278164,0,888165.6011087764,112640.00000000003,0,27944.420439815338,0,1615451.851536018,11,8,8,4,7,15,6,6,3,11,1,3,6,31,16,8.133,4,25.267,2,1.8,1.8,17.8,0.01438053097345133,0.0030697674418604646,0.03072429906542056,0.0346830985915493,0.0019285714285714284,0.003125,0.0065,0.023831858407079656,0.004725581395348837,0.0813537906137184,0.046936619718309855,0.004385714285714285,0.004824999999999999,0.009585148514851486
1705783117,5.830197321042793,2.701025393246365,0.1784993460990417,0.1603124104821605,4.640671086929896,1.0370263944020197,0.45347163231546606,0.08734025350790246,0.42753673901634887,0.8294508184182335,0.00010756216728651018,0.2909819013938016,1.2154612111885623,1.1672131581735623,1.2224337518920407,207609856,76423168,6000640,425590784,105533440,334323712,38662144,4427776,279511040,92831744,4718592,2883584,301019136,8740864,42557440,1920423.7576278164,0,888165.6011087764,121181.26655670517,0,21302.26752652382,0,1615451.851536018,11,8,8,4,7,14,6,6,3,11,1,3,6,31,16,8.133,4,25.267,2,1.8,1.8,17.8,0.01438053097345133,0.0030697674418604646,0.03072429906542056,0.0346830985915493,0.0019285714285714284,0.003125,0.0065,0.023831858407079656,0.004725581395348837,0.0813537906137184,0.046936619718309855,0.004385714285714285,0.004824999999999999,0.009585148514851486
1705783118,5.830197321042793,2.701025393246365,0.1784993460990417,0.16416707029165836,3.5609338639818136,1.0594253402398965,0.45347163231546606,0.0906550333546902,0.43656545396611657,0.8294508184182335,0.00015299639550863926,0.2909819013938016,1.2154612111885623,1.1672131581735623,1.2224337518920407,207609856,76423168,6000640,425590784,105533440,334323712,38662144,4464640,279511040,92831744,4718592,2883584,301019136,8740864,42557440,1920423.7576278164,0,888165.6011087764,123740.37087019545,0,21302.26752652382,0,1615451.851536018,11,8,8,4,7,14,6,6,3,11,1,3,6,31,16,7.2,3.8,25,1.733,1.8,1.8,16.733,0.014,0.003057803468208092,0.0303627760252366,0.033712121212121214,0.0019285714285714284,0.003125,0.006488439306358382,0.02344,0.004704046242774567,0.08137323943661974,0.046742424242424245,0.004385714285714285,0.004824999999999999,0.00950578034682081
1705783119,5.830197321042793,2.701025393246365,0.1506982250494464,0.16802173010115629,3.6362648603533727,1.0818242860777731,0.45347163231546606,0.0906550333546902,0.44559416891588427,0.6920004496711019,0.00015299639550863926,0.2871353679493603,1.2154612111885623,1.1672131581735623,1.2224337518920407,207609856,76423168,6000640,425590784,105533440,334323712,38662144,4464640,279511040,92831744,4718592,2883584,301019136,8740864,42557440,1920423.7576278164,0,888165.6011087764,126299.47518368572,0,0,0,1615451.851536018,11,8,8,4,7,14,6,6,3,11,1,3,6,31,16,7.2,3.8,24.533,1.733,1.8,1.8,16.733,0.014,0.003057803468208092,0.030108359133126934,0.033712121212121214,0.0019285714285714284,0.003125,0.006488439306358382,0.02344,0.004704046242774567,0.08125850340136054,0.046742424242424245,0.004385714285714285,0.004824999999999999,0.00950578034682081
1705783120,4.77626769282012,2.6238905148011322,0.15379066008957873,0.1718763899106542,3.7115958567249323,1.3439367502726074,0.45347163231546606,0.0906550333546902,0.45462288386565197,0.6781762693641314,0.00015299639550863926,0.2871353679493603,1.2154612111885623,1.302174799762663,1.2224337518920407,207609856,76423168,6000640,425590784,105533440,334323712,38662144,4464640,279511040,92831744,4718592,2883584,301019136,8818688,42557440,1464050.280669769,0,888165.6011087764,128858.57949717599,0,0,159527.38850983884,1615451.851536018,11,8,8,4,7,14,6,6,3,11,1,3,6,31,16,7.2,3.8,24.533,1.733,1.8,1.8,16.733,0.014,0.003057803468208092,0.030108359133126934,0.033712121212121214,0.0019285714285714284,0.003125,0.006488439306358382,0.02344,0.004704046242774567,0.08125850340136054,0.046742424242424245,0.004385714285714285,0.004824999999999999,0.00950578034682081
1705783121,4.679097737469407,2.6238905148011322,0.1501005555555557,0.17573104972015208,3.7869268530964924,1.3439367502726074,0.45347163231546606,0.0906550333546902,0.4636515988154196,0.6643520890571608,0.00015299639550863926,0.2871353679493603,0.9359559680372824,1.302174799762663,1.2224337518920407,207609856,76423168,5996544,425590784,105533440,334323712,38662144,4464640,279511040,92831744,4718592,2883584,301015040,8818688,42557440,1464050.280669769,0,888165.6011087764,131417.6838106663,0,0,160919.6558884604,1615451.851536018,11,8,8,4,7,14,6,6,3,11,1,3,6,31,16,7.2,3.8,24.533,1.733,1.8,1.8,16.733,0.014,0.003057803468208092,0.030108359133126934,0.033712121212121214,0.0019285714285714284,0.003125,0.006488439306358382,0.02344,0.004704046242774567,0.08125850340136054,0.046742424242424245,0.004385714285714285,0.004824999999999999,0.00950578034682081
1705783122,4.581927782118694,2.6238905148011322,0.15311753086419772,0.17958570952965,3.8622578494680515,1.3439367502726074,0.45347163231546606,0.0906550333546902,0.5417228969860607,0.6505279087501903,0.00015299639550863926,0.2871353679493603,0.9359559680372824,1.302174799762663,1.2224337518920407,207609856,76423168,5996544,425590784,105533440,334323712,38662144,4464640,279511040,92831744,4718592,2883584,301015040,8818688,42557440,1464050.280669769,0,888165.6011087764,153546.2588094167,0,0,162311.923267082,1615451.851536018,11,8,8,4,7,14,6,6,3,11,1,3,6,31,16,7.2,3.8,24.533,1.733,1.8,1.8,16.733,0.014,0.003057803468208092,0.030108359133126934,0.033712121212121214,0.0019285714285714284,0.003125,0.006488439306358382,0.02344,0.004704046242774567,0.08125850340136054,0.046742424242424245,0.004385714285714285,0.004824999999999999,0.00950578034682081
1705783123,4.48475782676798,2.6238905148011322,0.1810185185185187,0.1834403693391479,3.9375888458396116,1.3439367502726074,0.4505631137940359,0.0906550333546902,0.5417228969860607,0.6367037284432198,0.00015299639550863926,0.2871353679493603,0.9359559680372824,1.302174799762663,1.2454689007807636,207609856,76423168,5996544,425590784,105533440,334323712,38662144,4464640,279511040,92831744,4718592,2883584,301015040,8818688,42557440,1464050.280669769,0,826654.6535723939,153546.2588094167,0,0,163704.19064570358,1796648.8288446355,11,8,8,4,7,14,6,6,3,11,1,3,6,31,16,7.2,3.8,24.533,1.733,1.8,1.8,16.733,0.014,0.003057803468208092,0.030108359133126934,0.033712121212121214,0.0019285714285714284,0.003125,0.006488439306358382,0.02344,0.004704046242774567,0.08125850340136054,0.046742424242424245,0.004385714285714285,0.004824999999999999,0.00950578034682081
1705783124,4.387587871417267,2.6238905148011322,0.1810185185185187,0.18729502914864576,4.519859782293581,1.3439367502726074,0.4505631137940359,0.0906550333546902,0.5417228969860607,0.6228795481362491,0.00015299639550863926,0.2871353679493603,0.9359559680372824,1.302174799762663,1.2454689007807636,207609856,76423168,5996544,425590784,105533440,334323712,38662144,4464640,279511040,92831744,4718592,2883584,301015040,8818688,42557440,1464050.280669769,0,826654.6535723939,153546.2588094167,0,0,165096.45802432514,1796648.8288446355,11,8,8,4,7,14,6,6,3,11,1,3,6,31,16,7.2,3.8,24.533,1.733,1.8,1.8,16.733,0.014,0.003057803468208092,0.030108359133126934,0.033712121212121214,0.0019285714285714284,0.003125,0.006488439306358382,0.02344,0.004704046242774567,0.08125850340136054,0.046742424242424245,0.004385714285714285,0.004824999999999999,0.00950578034682081
1705783125,4.290417916066554,2.6238905148011322,0.1810185185185187,0.19114968895814366,4.519859782293581,1.3439367502726074,0.4505631137940359,0.07644528939695923,0.5417228969860607,0.6090553678292787,0.00015299639550863926,0.2871353679493603,0.9359559680372824,1.302174799762663,1.2454689007807636,207609856,76423168,5996544,425590784,105533440,334323712,38662144,4464640,279511040,92831744,4718592,2883584,301015040,8818688,42557440,1464050.280669769,0,826654.6535723939,153546.2588094167,0,0,166488.7254029467,1796648.8288446355,11,8,8,4,7,14,6,6,3,11,1,3,6,31,16,7.2,3.8,24.533,1.733,1.8,1.8,16.733,0.014,0.003057803468208092,0.030108359133126934,0.033712121212121214,0.0019285714285714284,0.003125,0.006488439306358382,0.02344,0.004704046242774567,0.08125850340136054,0.046742424242424245,0.004385714285714285,0.004824999999999999,0.00950578034682081
1705783126,4.199896905287359,2.6238905148011322,0.1810185185185187,0.1950043487676416,4.519859782293581,1.3439367502726074,0.4505631137940359,0.09231547318001931,0.5417228969860607,0.5952311875223081,0.00015299639550863926,0.2871353679493603,0.9359559680372824,1.393391324318934,1.2454689007807636,207609856,76423168,5996544,425590784,105533440,334323712,38662144,4464640,279511040,92831744,4718592,2883584,301015040,8818688,42557440,1464050.280669769,0,826654.6535723939,153546.2588094167,0,0,218767.29767748975,1796648.8288446355,11,8,8,4,7,14,6,6,3,11,1,3,6,31,16,7.2,3.8,24.533,1.733,1.8,1.8,16.733,0.014,0.003071856287425149,0.030108359133126934,0.033712121212121214,0.0019285714285714284,0.003125,0.006488439306358382,0.02344,0.00472934131736527,0.08125850340136054,0.046742424242424245,0.004385714285714285,0.004824999999999999,0.00950578034682081
1705783127,4.107517372139067,2.6238905148011322,0.1810185185185187,0.23127958856987396,4.519859782293581,1.3439367502726074,0.450563113794036,0.09231547318001931,0.5417228969860607,0.5814070072153376,0.00011240022099025844,0.29037989004578535,0.9359559680372824,1.393391324318934,1.2454689007807636,207609856,76423168,5996544,425590784,105533440,334323712,38662144,4464640,279511040,92831744,4718592,3014656,301015040,8818688,42557440,1464050.280669769,0,826654.653572394,153546.2588094167,0,0,220923.1077809357,1796648.8288446355,11,8,8,4,7,14,6,6,3,11,1,3,6,31,16,7.2,3.8,24.533,1.733,1.8,1.8,16.6,0.014,0.003071856287425149,0.030108359133126934,0.033712121212121214,0.0019285714285714284,0.003125,0.006374755381604697,0.02344,0.00472934131736527,0.08125850340136054,0.046742424242424245,0.004385714285714285,0.004824999999999999,0.009470645792563601
1705783128,4.015137838990776,2.6238905148011322,0.1810185185185187,0.23127958856987396,4.519859782293581,1.3439367502726074,0.27441660749732877,0.09231547318001931,0.5417228969860607,0.5675828269083669,0.00011240022099025844,0.29037989004578535,0.9359559680372824,1.393391324318934,1.2601727002279486,207609856,76423168,5996544,425590784,105533440,334323712,38662144,4464640,279511040,92831744,4718592,3014656,301015040,8818688,42627072,1464050.280669769,0,629032.0742930912,153546.2588094167,0,0,223078.91788438166,1701193.833790519,11,8,8,4,7,14,6,6,3,11,1,3,6,31,16,7.2,3.8,24.533,1.733,1.8,1.8,16.6,0.014,0.0030718562874251496,0.030108359133126934,0.033712121212121214,0.0018928571428571427,0.003125,0.006374755381604697,0.02344,0.00472934131736527,0.08125850340136054,0.046742424242424245,0.004378571428571428,0.004824999999999999,0.009470645792563601
1705783129,3.9227583058424846,2.6238905148011322,0.1810185185185187,0.23441225823545114,3.9411294026690746,1.3439367502726074,0.2822300141242948,0.09231547318001931,0.5417228969860607,0.5536649890337966,0.00011240022099025844,0.29037989004578535,0.9359559680372824,1.393391324318934,1.2601727002279486,207609856,76423168,5996544,425590784,105533440,334323712,38662144,4464640,279511040,92831744,4718592,3014656,301015040,8818688,42627072,1464050.280669769,0,646942.372881356,153546.2588094167,0,0,225234.72798782765,1701193.833790519,11,8,8,4,7,14,6,6,3,11,1,3,6,31,16,7.2,3.8,24.533,1.733,1.8,1.933,16.6,0.014,0.0030718562874251496,0.030108359133126934,0.033712121212121214,0.0018928571428571427,0.0031204819277108435,0.006374755381604697,0.02344,0.00472934131736527,0.08125850340136054,0.046742424242424245,0.004378571428571428,0.004816867469879519,0.009470645792563601
1705783130,3.598163592936284,2.6238905148011322,0.1810185185185187,0.23441225823545114,3.8657984062975146,1.3439367502726074,0.29004342075126077,0.09231547318001931,0.5417228969860607,0.8215201323772705,0.00011240022099025844,0.29037989004578535,0.9359559680372824,1.393391324318934,1.2601727002279486,207675392,76423168,5996544,425590784,105533440,334323712,38662144,4464640,279511040,92569600,4718592,3014656,301015040,8818688,42627072,1464050.280669769,0,664852.6714696207,153546.2588094167,0,0,227390.53809127363,1701193.833790519,12,8,8,4,7,14,6,6,3,11,1,3,6,31,16,7.333,3.8,24.533,1.867,1.933,2.067,17,0.013950892857142858,0.0030718562874251496,0.030108359133126934,0.032661290322580645,0.0018928571428571427,0.0030705882352941175,0.006364077669902913,0.023433035714285715,0.00472934131736527,0.08125850340136054,0.04653225806451613,0.004378571428571428,0.0047270588235294115,0.00943592233009709
1705783131,3.598163592936284,2.6238905148011322,0.1810185185185187,0.23441225823545114,3.790467409925955,1.3439367502726074,0.2978568273782267,0.09231547318001931,0.5417228969860607,0.8215201323772705,0.00011240022099025844,0.22514349201607758,0.9359559680372824,1.393391324318934,1.2601727002279486,207675392,76423168,5996544,425590784,105533440,334323712,38662144,4464640,279511040,92569600,4718592,3014656,301015040,8818688,42627072,1464050.280669769,0,682762.9700578854,153546.2588094167,0,0,229546.34819471958,1701193.833790519,12,8,8,4,7,14,6,6,3,11,1,3,6,31,16,7.333,3.8,24.533,1.867,1.933,2.067,17,0.013950892857142858,0.0030718562874251496,0.030108359133126934,0.032661290322580645,0.0018928571428571427,0.0030705882352941175,0.006364077669902913,0.023433035714285715,0.00472934131736527,0.08125850340136054,0.04653225806451613,0.004378571428571428,0.0047270588235294115,0.00943592233009709
1705783132,3.598163592936284,2.2169979818031096,0.1810185185185187,0.23441225823545114,3.715136413554396,1.3439367502726074,0.3056702340051927,0.09231547318001931,0.46045543372320186,0.8215201323772705,0.00011240022099025844,0.22993180941777214,0.9359559680372824,1.393391324318934,1.2601727002279486,207675392,76423168,5996544,425590784,105533440,334323712,38662144,4464640,279511040,92569600,4718592,3014656,301015040,8818688,42627072,1237016.75020124,0,700673.26864615,130511.76088369073,0,0,231702.15829816554,1701193.833790519,12,8,8,4,7,14,6,6,3,11,1,3,6,31,16,7.333,3.8,24.533,1.867,1.933,2.067,17,0.013950892857142858,0.0030718562874251496,0.030108359133126934,0.032661290322580645,0.0018928571428571427,0.0030705882352941175,0.006364077669902913,0.023433035714285715,0.00472934131736527,0.08125850340136054,0.04653225806451613,0.004378571428571428,0.0047270588235294115,0.00943592233009709
1705783133,3.598163592936284,2.1732664732230913,0.1810185185185187,0.23441225823545114,3.639805417182836,1.3439367502726074,0.31348364063215867,0.09231547318001931,0.45142671877343415,0.8215201323772705,0.00011240022099025844,0.23472012681946672,0.3860229734944012,1.393391324318934,1.2601727002279486,207675392,76423168,5996544,425590784,105533440,334323712,38662144,4464640,279511040,92569600,4718592,3014656,301015040,8818688,42627072,1212615.9121900771,0,718583.5672344147,127952.65657020046,0,0,233857.96840161152,1701193.833790519,12,8,8,4,7,14,6,6,3,11,1,3,6,31,16,11.6,4.467,26.4,2.067,1.933,2.067,19.733,0.013675298804780876,0.003070175438596491,0.030431547619047622,0.03245967741935484,0.0018928571428571427,0.0030705882352941175,0.006335227272727273,0.02302191235059761,0.004726315789473684,0.08102389078498294,0.04649193548387097,0.004378571428571428,0.0047270588235294115,0.009380681818181818
1705783134,3.598163592936284,2.129534964643072,0.1810185185185187,0.23441225823545114,3.5644744208112753,1.3439367502726074,0.32129704725912467,0.0891661128899091,0.550777511961731,0.8215201323772705,0.00011240022099025844,0.23950844422116127,0.3860229734944012,1.393391324318934,1.2601727002279486,207675392,76423168,5996544,425590784,105533440,334323712,38662144,4464640,279482368,92569600,4718592,3014656,301015040,8818688,42627072,1188215.0741789143,0,736493.8658226795,108077.6808330988,0,0,236013.77850505745,1701193.833790519,12,8,8,4,7,14,6,6,3,11,1,3,6,31,16,11.6,4.467,28.133,2.067,1.933,2.067,19.733,0.013675298804780876,0.003070175438596491,0.030718475073313784,0.03245967741935484,0.0018928571428571427,0.0030705882352941175,0.006335227272727273,0.02302191235059761,0.004726315789473684,0.08099315068493153,0.04649193548387097,0.004378571428571428,0.0047270588235294115,0.009380681818181818
1705783135,3.598163592936284,1.311317499999998,0.1810185185185187,0.23441225823545114,4.970780090057203,1.3439367502726074,0.3291104538860906,0.0891661128899091,0.550777511961731,0.8215201323772705,0.00014933924361386016,0.2442967616228559,0.3860229734944012,1.393391324318934,1.2601727002279486,207675392,76423168,5996544,425590784,109944832,334323712,38662144,4464640,279482368,92569600,4718592,3014656,301015040,8818688,42627072,880640.0000000001,0,754404.1644109441,108077.6808330988,0,0,238169.58860850343,1701193.833790519,12,8,8,4,7,14,6,6,3,11,1,3,6,31,16,11.6,4.467,28.133,2.067,1.933,2.067,19.733,0.013675298804780876,0.003070175438596491,0.030718475073313784,0.03245967741935484,0.0018928571428571427,0.0030705882352941175,0.006335227272727273,0.02302191235059761,0.004726315789473684,0.08099315068493153,0.04649193548387097,0.004378571428571428,0.0047270588235294115,0.009380681818181818
1705783136,3.598163592936284,1.311317499999998,0.15422777777777796,0.23441225823545114,4.970780090057203,1.3439367502726074,0.3369238605130566,0.0891661128899091,0.550777511961731,0.8215201323772705,0.00015252960547659873,0.24908507902455043,0.3860229734944012,1.393391324318934,1.2427537276843688,207675392,76423168,5996544,425590784,109944832,334323712,38662144,4464640,279482368,92569600,4718592,3014656,301015040,8818688,42627072,880640.0000000001,0,772314.4629992088,108077.6808330988,0,0,240325.3987119494,1807423.6437573906,12,8,8,4,7,14,6,6,3,11,1,3,6,31,16,11.6,4.467,28.133,2.067,1.933,2.067,19.733,0.013675298804780876,0.003070175438596491,0.030718475073313784,0.03245967741935484,0.0018928571428571427,0.0030705882352941175,0.006335227272727273,0.02302191235059761,0.004726315789473684,0.08099315068493153,0.04649193548387097,0.004378571428571428,0.0047270588235294115,0.009380681818181818
1705783137,3.598163592936284,1.311317499999998,0.151210802469136,0.23441225823545114,4.970780090057203,1.2977283968063202,0.281435000000001,0.0891661128899091,0.44565591297879864,0.8215201323772705,0.00015571996733933729,0.2872990441016743,0.3860229734944012,1.3816215064593054,1.2427537276843688,207675392,76423168,5996544,425590784,109944832,334036992,38662144,4464640,279482368,92569600,4718592,3014656,301015040,8826880,42627072,880640.0000000001,0,645120.0000000001,66641.87430271477,0,0,163590.63250114594,1807423.6437573906,12,8,8,4,7,14,6,6,3,11,1,3,6,31,16,11.6,4.467,28.133,2.067,1.933,2.067,19.733,0.013675298804780876,0.003070175438596491,0.030718475073313784,0.03245967741935484,0.0018928571428571427,0.0030705882352941175,0.006335227272727273,0.02302191235059761,0.004726315789473684,0.08099315068493153,0.04649193548387097,0.004378571428571428,0.0047270588235294115,0.009380681818181818
1705783138,3.598163592936284,1.311317499999998,0.18688944723618076,0.23441225823545114,4.259125122094038,1.2977283968063202,0.281435000000001,0.0891661128899091,0.44565591297879864,0.8215201323772705,0.00015891032920207582,0.2872990441016743,0.48658019651123574,1.3816215064593054,1.2427537276843688,207675392,76423168,5988352,425590784,109944832,334036992,38662144,4464640,279482368,92569600,4718592,3014656,301027328,8826880,42627072,880640.0000000001,0,645120.0000000001,66641.87430271477,0,0,165045.05587728304,1807423.6437573906,12,8,8,4,7,14,6,6,3,11,1,3,6,31,16,11.6,4.467,28.133,2.067,1.933,2.067,19.733,0.013675298804780876,0.003070175438596491,0.030718475073313784,0.03245967741935484,0.0018928571428571427,0.0030705882352941175,0.006335227272727273,0.02302191235059761,0.004726315789473684,0.08099315068493153,0.04649193548387097,0.004378571428571428,0.0047270588235294115,0.009380681818181818
1705783139,2.1296003573760056,2.9365505975025736,0.1555929425348916,0.23441225823545114,5.014291324088827,1.2977283968063202,0.281435000000001,0.0891661128899091,0.44565591297879864,0.8215201323772705,0.000191421711764313,0.2872990441016743,0.48658019651123574,1.3816215064593054,1.2427537276843688,207675392,76521472,5988352,425590784,109944832,334036992,38662144,4464640,279482368,92569600,4718592,3014656,301027328,8826880,42627072,2209049.8142594993,0,645120.0000000001,66641.87430271477,0,0,166499.47925342008,1807423.6437573906,12,8,8,4,7,14,6,6,3,11,1,3,6,31,16,11.6,4.467,28.133,2.067,1.933,2.067,19.733,0.013675298804780876,0.003070175438596491,0.030718475073313784,0.03245967741935484,0.0018928571428571427,0.0030705882352941175,0.006335227272727273,0.02302191235059761,0.004726315789473684,0.08099315068493153,0.04649193548387097,0.004378571428571428,0.0047270588235294115,0.009380681818181818
1705783140,2.1296003573760056,2.9365505975025736,0.1824530762423729,0.23441225823545114,5.014291324088827,1.2129663388707745,0.281435000000001,0.0891661128899091,0.44565591297879864,0.8215201323772705,0.000191421711764313,0.2872990441016743,0.48658019651123574,1.3816215064593054,1.2427537276843688,207675392,76521472,5988352,425590784,109944832,334036992,38662144,4464640,279482368,92569600,4718592,3014656,301027328,8826880,42627072,2209049.8142594993,0,645120.0000000001,66641.87430271477,0,0,167953.90262955718,1807423.6437573906,12,8,8,4,7,14,6,6,3,11,1,3,6,31,16,11.6,4.467,28.133,2.067,1.933,2.067,19.733,0.013675298804780876,0.003070175438596491,0.030718475073313784,0.03245967741935484,0.0018928571428571427,0.0030705882352941175,0.006335227272727273,0.02302191235059761,0.004726315789473684,0.08099315068493153,0.04649193548387097,0.004378571428571428,0.0047270588235294115,0.009380681818181818
1705783141,2.1296003573760056,2.9365505975025736,0.1824530762423729,0.23441225823545114,5.014291324088827,1.2129663388707745,0.281435000000001,0.0891661128899091,0.44565591297879864,0.8215201323772705,0.000191421711764313,0.24937237806865212,0.48658019651123574,1.3816215064593054,1.2427537276843688,207675392,76521472,5988352,425590784,109944832,334036992,38662144,4464640,279482368,92569600,4718592,3014656,301027328,8826880,42627072,2209049.8142594993,0,645120.0000000001,66641.87430271477,0,0,169408.32600569425,1807423.6437573906,12,8,8,4,7,14,6,6,3,11,1,3,6,31,16,11.6,5.133,28.133,2.067,1.933,2.067,19.733,0.013675298804780876,0.0030662983425414365,0.030718475073313784,0.03245967741935484,0.0018928571428571427,0.0030705882352941175,0.006335227272727273,0.02302191235059761,0.004719337016574586,0.08099315068493153,0.04649193548387097,0.004378571428571428,0.0047270588235294115,0.009380681818181818
1705783142,2.1296003573760056,2.9365505975025736,0.1824530762423729,0.23441225823545114,5.014291324088827,1.2129663388707745,0.40192581489658463,0.0891661128899091,0.44565591297879864,0.8215201323772705,0.000191421711764313,0.24458406066695756,0.48658019651123574,1.3816215064593054,1.2427537276843688,207675392,76521472,5988352,425590784,109944832,334036992,38694912,4464640,279482368,92569600,4718592,3014656,301027328,8826880,42627072,2209049.8142594993,0,845710.9890257445,66641.87430271477,0,0,170862.74938183132,1807423.6437573906,12,8,8,4,7,14,6,6,3,11,1,3,6,31,16,11.6,5.133,28.133,2.067,1.933,2.067,24.6,0.013675298804780876,0.0030662983425414365,0.030718475073313784,0.03245967741935484,0.0018928571428571427,0.0030705882352941175,0.006267921146953404,0.02302191235059761,0.004719337016574586,0.08099315068493153,0.04649193548387097,0.004378571428571428,0.0047270588235294115,0.009318100358422938
1705783143,2.1296003573760056,2.9365505975025736,0.1824530762423729,0.2330412854417897,5.014291324088828,1.2129663388707745,0.4099180296304911,0.0891661128899091,0.44565591297879864,0.8215201323772705,0.000191421711764313,0.23979574326526298,0.48658019651123574,1.3816215064593054,1.2427537276843688,207675392,76521472,5988352,425590784,109944832,334036992,38694912,4464640,279482368,92569600,4718592,3014656,301027328,8826880,42627072,2209049.8142594993,0,862527.7835102126,66641.87430271477,0,0,172317.17275796842,1807423.6437573906,12,8,8,4,7,14,6,6,3,11,1,3,6,31,16,11.6,5.133,28.133,2.067,2.733,2.067,24.6,0.013675298804780876,0.0030662983425414365,0.030718475073313784,0.03245967741935484,0.0016428571428571427,0.0030705882352941175,0.006267921146953404,0.02302191235059761,0.004719337016574586,0.08099315068493153,0.04649193548387097,0.004328571428571428,0.0047270588235294115,0.009318100358422938
1705783144,2.1296003573760056,2.9365505975025736,0.1824530762423729,0.2330412854417897,5.014291324088828,1.2129663388707745,0.4795328840343955,0.0740935280034666,0.44565591297879864,0.8210295728367966,0.0001608692113857973,0.291638180872409,0.48658019651123574,1.3816215064593054,1.2427537276843688,207675392,76521472,5988352,425590784,109944832,334036992,38694912,4464640,279482368,92569600,4718592,2879488,301027328,8826880,42627072,2209049.8142594993,0,1009007.669068092,66641.87430271477,0,0,173771.59613410546,1807423.6437573906,12,8,8,4,7,14,6,6,3,11,1,3,6,31,16,11.6,5.133,28.133,2.067,2.733,2.733,24.6,0.013675298804780876,0.0030662983425414365,0.030718475073313784,0.03245967741935484,0.0016428571428571427,0.003022727272727273,0.006267921146953404,0.02302191235059761,0.004719337016574586,0.08099315068493153,0.04649193548387097,0.004328571428571428,0.0046409090909090905,0.009318100358422938
1705783145,2.1296003573760056,2.9365505975025736,0.1824530762423729,0.2330412854417897,5.014291324088828,1.2129663388707745,0.4795328840343955,0.07560300693316001,0.44565591297879864,0.8210295728367966,0.00015767884952305874,0.291638180872409,0.48658019651123574,1.2389916254017055,1.3403675003836095,207675392,76521472,5988352,425590784,109944832,334036992,38694912,4464640,279482368,92569600,4718592,2879488,301027328,8826880,42704896,2209049.8142594993,0,1009007.669068092,66641.87430271477,0,0,209250.54036024015,1563418.75095903,12,8,8,4,7,14,6,6,3,11,1,3,6,31,16,12.067,5.133,28.133,2.533,3.2,3.2,26,0.01333,0.0030662983425414365,0.030718475073313784,0.031628787878787874,0.0018484848484848486,0.003020408163265306,0.006234729493891798,0.022954000000000002,0.004719337016574586,0.08099315068493153,0.046325757575757576,0.004369696969696971,0.004636734693877552,0.00930977312390925
1705783146,1.9362408702751448,2.9365505975025736,0.1824530762423729,0.19333007939715274,5.014291324088828,1.2129663388707745,0.4795328840343955,0.09056873578160546,0.44565591297879864,0.8210295728367966,0.0001544884876603202,0.291638180872409,0.48658019651123574,1.484726181090331,1.3403675003836095,207712256,76521472,5988352,425590784,109944832,334036992,38694912,4464640,279482368,92569600,4718592,2879488,301027328,8826880,42704896,2209049.8142594993,0,1009007.669068092,66641.87430271477,0,0,234140.09339559707,1563418.75095903,12,8,8,4,7,14,6,6,3,11,1,3,6,31,16,12.067,5.133,28.133,2.533,3.2,3.2,26,0.01333,0.0030662983425414365,0.030718475073313784,0.031628787878787874,0.0018484848484848486,0.003020408163265306,0.006234729493891798,0.022954000000000002,0.004719337016574586,0.08099315068493153,0.046325757575757576,0.004369696969696971,0.004636734693877552,0.00930977312390925
1705783147,1.9362408702751448,2.9365505975025736,0.1824530762423729,0.18944605797312292,5.014291324088828,1.2129663388707745,0.4795328840343955,0.09056873578160546,0.44565591297879864,0.8210295728367966,0.00015129812579758165,0.291638180872409,0.4261620455702084,1.484726181090331,1.3403675003836095,207712256,76521472,5988352,425590784,109944832,334036992,38694912,4464640,279482368,92569600,4718592,2879488,301027328,8826880,42704896,2209049.8142594993,0,1009007.669068092,66641.87430271477,0,0,236417.16700022237,1563418.75095903,12,8,8,4,7,14,6,6,3,11,1,3,6,31,16,12.067,5.133,28.133,2.533,3.2,3.2,26,0.01333,0.0030662983425414365,0.030718475073313784,0.031628787878787874,0.0018484848484848486,0.003020408163265306,0.006234729493891798,0.022954000000000002,0.004719337016574586,0.08099315068493153,0.046325757575757576,0.004369696969696971,0.004636734693877552,0.00930977312390925
1705783148,1.9362408702751448,2.9365505975025736,0.1824530762423729,0.1855620365490931,5.014291324088828,1.2129663388707745,0.4795328840343955,0.09056873578160546,0.5113116726835087,0.8210295728367966,0.0001481077639348431,0.291638180872409,0.5120985902458381,1.484726181090331,1.3403675003836095,207712256,76521472,5988352,425590784,109944832,334036992,38694912,4464640,279482368,92569600,4718592,2879488,301027328,8826880,42704896,2209049.8142594993,0,1009007.669068092,71434.80004883237,0,0,238694.24060484767,1563418.75095903,12,8,8,4,7,14,6,6,3,11,1,3,6,31,16,7.933,4.267,25.133,3.133,3.2,3.2,25.4,0.013132530120481928,0.0030439560439560437,0.030555555555555555,0.031338028169014084,0.0018484848484848486,0.003020408163265306,0.006285357737104825,0.022867469879518067,0.004679120879120879,0.08102739726027398,0.04626760563380282,0.004369696969696971,0.004636734693877552,0.009323627287853579
1705783149,1.9362408702751448,2.9365505975025736,0.1824530762423729,0.18167801512506324,5.014291324088828,1.2129663388707745,0.4795328840343955,0.09819664247617392,0.5113116726835087,0.8210295728367966,0.00011260186651906897,0.291638180872409,0.5120985902458381,1.532247434536405,1.3403675003836095,207712256,76521472,5988352,425590784,109944832,334036992,38694912,4464640,279482368,92569600,4718592,2879488,301027328,8859648,42704896,2209049.8142594993,0,1009007.669068092,71434.80004883237,0,0,175750.8846426044,1563418.75095903,12,8,8,4,7,14,6,6,3,11,1,3,6,31,16,7.933,4.267,22.667,3.133,3.2,3.2,25.4,0.013132530120481928,0.0030439560439560437,0.03044117647058823,0.031338028169014084,0.0018484848484848486,0.003020408163265306,0.006285357737104825,0.022867469879518067,0.004679120879120879,0.08125423728813558,0.04626760563380282,0.004369696969696971,0.004636734693877552,0.009323627287853579
1705783150,1.9362408702751448,2.9365505975025736,0.1824530762423729,0.17779399370103346,4.292470159399229,1.2129663388707745,0.4795328840343955,0.09819664247617392,0.5113116726835087,0.8210295728367966,0.00011260186651906897,0.291638180872409,0.5120985902458381,1.532247434536405,1.3403675003836095,207712256,76521472,5988352,425590784,109944832,334036992,38694912,4464640,279482368,92569600,4718592,2879488,301027328,8859648,42704896,2209049.8142594993,0,1009007.669068092,71434.80004883237,0,0,177411.6536919085,1563418.75095903,12,8,8,4,7,14,6,6,3,11,1,3,6,31,16,7.933,4.267,22.667,3.133,3.2,3.2,25.4,0.013132530120481928,0.0030439560439560437,0.03044117647058823,0.031338028169014084,0.0018484848484848486,0.003020408163265306,0.006285357737104825,0.022867469879518067,0.004679120879120879,0.08125423728813558,0.04626760563380282,0.004369696969696971,0.004636734693877552,0.009323627287853579
1705783151,1.9362408702751448,2.9365505975025736,0.1824530762423729,0.17390997227700364,4.208898637331082,1.2129663388707745,0.4795328840343955,0.09819664247617392,0.5470215902193747,0.8210295728367966,0.00011260186651906897,0.29345000363081875,0.5120985902458381,1.532247434536405,1.3403675003836095,207712256,76521472,5988352,425590784,109944832,334036992,38694912,4464640,279482368,92569600,4718592,2879488,301027328,8859648,42704896,2209049.8142594993,0,1009007.669068092,62152.08532038499,0,0,179072.42274121256,1563418.75095903,12,8,8,4,7,14,6,6,3,11,1,3,6,31,16,7.933,4.267,22.667,3.133,3.2,3.2,25.4,0.013132530120481928,0.0030439560439560437,0.03044117647058823,0.031338028169014084,0.0018484848484848486,0.003020408163265306,0.006285357737104825,0.022867469879518067,0.004679120879120879,0.08125423728813558,0.04626760563380282,0.004369696969696971,0.004636734693877552,0.009323627287853579
1705783152,1.9362408702751448,2.9365505975025736,0.1824530762423729,0.1700259508529738,4.125327115262935,1.2129663388707745,0.4795328840343955,0.09819664247617392,0.5470215902193747,0.8210295728367966,0.00011260186651906897,0.29345000363081875,0.5120985902458381,1.532247434536405,1.3403675003836095,207712256,76521472,5988352,425590784,109944832,334036992,38694912,4464640,279482368,92569600,4718592,2879488,301027328,8859648,42704896,2209049.8142594993,0,1009007.669068092,62152.08532038499,0,0,180733.19179051663,1563418.75095903,12,8,8,4,7,14,6,6,3,11,1,3,6,31,16,7.933,4.267,22.667,3.133,3.2,3.2,25.4,0.013132530120481928,0.0030439560439560437,0.03044117647058823,0.031338028169014084,0.0018484848484848486,0.003020408163265306,0.006285357737104825,0.022867469879518067,0.004679120879120879,0.08125423728813558,0.04626760563380282,0.004369696969696971,0.004636734693877552,0.009323627287853579
1705783153,1.9362408702751448,2.712134430959854,0.1824530762423729,0.16614192942894396,4.041755593194788,1.2129663388707745,0.4795328840343955,0.09819664247617392,0.5470215902193747,0.8210295728367966,0.00011260186651906897,0.29345000363081875,0.5120985902458381,1.532247434536405,1.4111155514957743,207712256,76537856,5988352,425590784,109944832,334036992,38694912,4464640,279482368,92569600,4718592,2879488,301027328,8859648,42704896,1849335.483323432,0,1009007.669068092,62152.08532038499,0,0,182393.96083982073,1297830.554921215,12,8,8,4,7,14,6,6,3,11,1,3,6,31,16,7.933,4.267,22.667,3.133,3.2,3.2,25.4,0.013132530120481928,0.0030439560439560437,0.03044117647058823,0.031338028169014084,0.0018484848484848486,0.003020408163265306,0.006285357737104825,0.022867469879518067,0.004679120879120879,0.08125423728813558,0.04626760563380282,0.004369696969696971,0.004636734693877552,0.009323627287853579
1705783154,1.9362408702751448,2.7891100434683107,0.18591752542315318,0.16225790800491413,5.1752022320801485,1.2129663388707745,0.4795328840343955,0.09819664247617392,0.5470215902193747,0.8210295728367966,0.00011260186651906897,0.29345000363081875,0.5120985902458381,1.532247434536405,1.4111155514957743,207712256,76537856,6000640,425590784,98422784,334036992,38694912,4464640,279482368,92569600,4718592,2879488,301027328,8859648,42704896,1976398.1614359105,0,1009007.669068092,62152.08532038499,0,0,184054.7298891248,1297830.554921215,12,8,8,4,8,14,6,6,3,11,1,3,6,31,16,7.933,4.267,22.667,3.133,3.2,3.2,25.4,0.013132530120481928,0.0030439560439560437,0.03044117647058823,0.031338028169014084,0.0018484848484848486,0.003020408163265306,0.006285357737104825,0.022867469879518067,0.004679120879120879,0.08125423728813558,0.04626760563380282,0.004369696969696971,0.004636734693877552,0.009323627287853579
1705783155,1.9362408702751448,2.7891100434683107,0.1909080533235935,0.1583738865808843,5.1752022320801485,1.2129663388707745,0.4795328840343955,0.09819664247617392,0.5470215902193747,0.8210295728367966,0.00011260186651906897,0.2934500036308188,0.5120985902458381,1.532247434536405,1.4111155514957743,207712256,76537856,6000640,425590784,98422784,334036992,38694912,4464640,279482368,92569600,4718592,2879488,301027328,8859648,42704896,1976398.1614359105,0,1009007.669068092,62152.08532038499,0,0,185715.49893842888,1297830.554921215,12,8,8,4,8,14,6,6,3,11,1,3,6,31,16,7.933,4.267,22.667,3.133,3.2,3.2,25.4,0.013132530120481928,0.0030439560439560437,0.03044117647058823,0.031338028169014084,0.0018484848484848486,0.003020408163265306,0.006285357737104825,0.022867469879518067,0.004679120879120879,0.08125423728813558,0.04626760563380282,0.004369696969696971,0.004636734693877552,0.009323627287853579
1705783156,1.9362408702751448,2.7891100434683107,0.1909080533235935,0.15448986515685445,5.1752022320801485,1.2129663388707745,0.4795328840343955,0.09819664247617392,0.5470215902193747,0.8210295728367966,0,0.2934500036308188,0.4241392561387373,1.5322474345364048,1.4111155514957743,207712256,76537856,6000640,425590784,98422784,334036992,38694912,4464640,279482368,92569600,4718592,2879488,301027328,8859648,42704896,1976398.1614359105,0,1009007.669068092,62152.08532038499,0,0,187376.26798773295,1297830.554921215,12,8,8,4,8,14,6,6,3,11,1,3,6,31,16,7.933,4,22.667,3.133,3.2,3.2,25.4,0.013132530120481928,0.0030655737704918034,0.03044117647058823,0.031338028169014084,0.0018484848484848486,0.003020408163265306,0.006285357737104825,0.022867469879518067,0.004718032786885246,0.08125423728813558,0.04626760563380282,0.004369696969696971,0.004636734693877552,0.009323627287853579
1705783157,1.9362408702751448,2.7891100434683107,0.1909080533235935,0.15060584373282462,5.1752022320801485,1.2129663388707745,0.4766397779512526,0.09819664247617392,0.5470215902193747,0.8210295728367966,0,0.2934500036308188,0.4156042796346401,1.5322474345364048,1.4111155514957743,207712256,76537856,6000640,425590784,98422784,334036992,38703104,4464640,279482368,92569600,4718592,2879488,301027328,8859648,42704896,1976398.1614359105,0,952145.0255876485,62152.08532038499,0,0,189037.03703703702,1297830.554921215,12,8,8,4,8,14,6,6,3,11,1,3,6,31,16,7.933,4,22.667,3.133,3.2,3.2,20.133,0.013132530120481928,0.0030655737704918034,0.03044117647058823,0.031338028169014084,0.0018484848484848486,0.003020408163265306,0.006341463414634147,0.022867469879518067,0.004718032786885246,0.08125423728813558,0.04626760563380282,0.004369696969696971,0.004636734693877552,0.009378861788617888
1705783158,1.9362408702751448,2.7891100434683107,0.1909080533235935,0.15215170045822551,5.1752022320801485,1.2126931567329005,0.4766397779512526,0.09819664247617392,0.5470215902193747,0.8210295728367966,0,0.2934500036308188,0.4814209842579737,1.5322474345364048,1.4111155514957743,207712256,76537856,6000640,425590784,98422784,334036992,38703104,4464640,279482368,92569600,4718592,2879488,301023232,8859648,42704896,1976398.1614359105,0,952145.0255876485,62152.08532038499,0,0,190697.80608634112,1297830.554921215,12,8,8,4,8,14,6,6,3,11,1,3,6,31,16,7.933,4,22.667,3.133,2.4,3.2,20.133,0.013132530120481928,0.003065573770491803,0.03044117647058823,0.031338028169014084,0.002083333333333333,0.003020408163265306,0.006341463414634147,0.022867469879518067,0.004718032786885246,0.08125423728813558,0.04626760563380282,0.004416666666666666,0.004636734693877552,0.009378861788617888
1705783159,1.9362408702751448,2.7891100434683107,0.1909080533235935,0.14814860377042607,5.1752022320801485,0.9590381714496021,0.47162615727704554,0.09819664247617392,0.5097793283907562,0.8210295728367966,0,0.29279480269146424,0.4814209842579737,1.5322474345364048,1.4111155514957743,207712256,76537856,6000640,425590784,98422784,334036992,38703104,4464640,279482368,92569600,4718592,3014656,301023232,8859648,42704896,1976398.1614359105,0,793494.46984885,50016.5721761884,0,0,192358.5751356452,1297830.554921215,12,8,8,4,8,14,6,6,3,11,1,3,6,31,16,7.933,4,22.667,3.133,2.4,2.267,20.133,0.013132530120481928,0.003065573770491803,0.03044117647058823,0.031338028169014084,0.002083333333333333,0.003019047619047619,0.006341463414634147,0.022867469879518067,0.004718032786885246,0.08125423728813558,0.04626760563380282,0.004416666666666666,0.004634285714285714,0.009378861788617888
1705783160,1.9362408702751448,2.7891100434683107,0.1909080533235935,0.2469823603527938,5.1752022320801485,0.9388266188373873,0.47162615727704554,0.09819664247617392,0.5097793283907562,0.8570392520794673,0,0.29279480269146424,0.4814209842579737,1.5322474345364048,1.4111155514957743,207712256,76537856,6000640,425590784,98422784,334036992,38703104,4464640,279482368,92569600,4718592,3014656,301023232,8859648,42704896,1976398.1614359105,0,793494.46984885,50016.5721761884,0,0,194019.3441849493,1297830.554921215,12,8,8,4,8,14,6,6,3,11,1,3,6,31,16,7.2,4,22.667,2.4,1.667,1.533,17.933,0.013239999999999998,0.003065573770491803,0.03044117647058823,0.03194444444444444,0.0020571428571428568,0.0030194174757281556,0.006353996737357259,0.022888000000000002,0.004718032786885246,0.08125423728813558,0.046388888888888896,0.004411428571428572,0.004634951456310681,0.00938172920065253
1705783161,1.0471524180951266,2.7891100434683107,0.1909080533235935,0.2469823603527938,5.1752022320801485,0.9186150662251723,0.47162615727704554,0.09819664247617392,0.5097793283907562,0.8911427137359941,0,0.29279480269146424,0.4814209842579737,1.5322474345364048,1.4111155514957743,207712256,76537856,6000640,425590784,98422784,334036992,38703104,4464640,279482368,92569600,4718592,3014656,301023232,8859648,42704896,1976398.1614359105,0,793494.46984885,50016.5721761884,0,0,195680.11323425337,1297830.554921215,12,8,8,4,8,14,6,6,3,11,1,3,6,31,16,7.2,4,22.667,2.4,1.667,1.533,17.933,0.013239999999999998,0.003065573770491803,0.03044117647058823,0.03194444444444444,0.0020571428571428568,0.0030194174757281556,0.006353996737357259,0.022888000000000002,0.004718032786885246,0.08125423728813558,0.046388888888888896,0.004411428571428572,0.004634951456310681,0.00938172920065253
1705783162,1.0736404766309102,2.7891100434683107,0.1909080533235935,0.2469823603527938,5.1752022320801485,0.8984035136129571,0.47162615727704554,0.09819664247617392,0.5612913891644237,0.8911427137359941,0,0.29279480269146424,0.4814209842579737,1.5322474345364048,1.4111155514957743,207712256,76537856,6000640,425590784,98422784,334036992,38703104,4464640,279482368,92569600,4718592,3014656,301023232,8859648,42704896,1976398.1614359105,0,793494.46984885,29020.830381181804,0,0,197340.88228355744,1297830.554921215,12,8,8,4,8,14,6,6,3,11,1,3,6,31,16,7.2,4,22.667,2.4,1.667,1.533,17.933,0.013239999999999998,0.003065573770491803,0.03044117647058823,0.03194444444444444,0.0020571428571428568,0.0030194174757281556,0.006353996737357259,0.022888000000000002,0.004718032786885246,0.08125423728813558,0.046388888888888896,0.004411428571428572,0.004634951456310681,0.00938172920065253
1705783163,1.1001285351666936,2.7891100434683107,0.1909080533235935,0.2469823603527938,5.1752022320801485,0.8781919610007423,0.47162615727704554,0.09767921609076878,0.5612913891644237,0.8911427137359941,0,0.2983860295855192,0.4814209842579737,1.5322474345364048,1.3346100503467277,207712256,76537856,6000640,425590784,98422784,334036992,38703104,4464640,279482368,92569600,4718592,3014656,301023232,8859648,42790912,1976398.1614359105,0,793494.46984885,29020.830381181804,0,0,199001.6513328615,1252884.962477439,12,8,8,4,8,14,6,6,3,11,1,3,6,31,16,6.533,4.667,24.067,1.467,1.667,1.533,15.133,0.013360995850622408,0.003073298429319372,0.03096428571428571,0.032534246575342464,0.0020571428571428568,0.0030194174757281556,0.006329697986577181,0.02307053941908714,0.004731937172774869,0.08138333333333332,0.046506849315068495,0.004411428571428572,0.004634951456310681,0.009400167785234899
1705783164,0.8591666666666716,2.7891100434683107,0.1909080533235935,0.2469823603527938,5.457096757538208,0.8579804083885272,0.47162615727704554,0.09767921609076878,0.5612913891644237,0.8911427137359941,0,0.2983860295855192,0.4814209842579737,1.4849600495936124,1.3346100503467277,207712256,76537856,6000640,425590784,98422784,334036992,38703104,4464640,279482368,92569600,4718592,3014656,301023232,8859648,42790912,1976398.1614359105,0,793494.46984885,29020.830381181804,0,0,0,1252884.962477439,12,8,8,4,8,14,6,6,3,11,1,3,6,31,16,6.533,4.667,25.267,1.467,1.667,1.533,15.133,0.013360995850622408,0.003073298429319372,0.031464285714285715,0.032534246575342464,0.0020571428571428568,0.0030194174757281556,0.006329697986577181,0.02307053941908714,0.004731937172774869,0.08186084142394823,0.046506849315068495,0.004411428571428572,0.004634951456310681,0.009400167785234899
1705783165,0.8591666666666716,2.900648596059776,0.1909080533235935,0.2469823603527938,5.457096757538208,0.8377688557763121,0.47162615727704554,0.09767921609076878,0.5612913891644237,0.8911427137359941,0,0.2983860295855192,0.4814209842579737,1.2951725968023697,1.3346100503467277,207712256,76537856,6000640,425590784,98422784,334036992,38703104,4464640,279482368,92569600,4718592,3014656,301023232,8867840,42790912,1992487.095640894,0,793494.46984885,29020.830381181804,0,0,0,1252884.962477439,12,8,8,4,8,14,6,6,3,11,1,3,6,31,16,6.533,4.667,25.267,1.467,1.667,1.533,15.133,0.013360995850622408,0.003073298429319372,0.031464285714285715,0.032534246575342464,0.0020571428571428568,0.0030194174757281556,0.006329697986577181,0.02307053941908714,0.004731937172774869,0.08186084142394823,0.046506849315068495,0.004411428571428572,0.004634951456310681,0.009400167785234899
1705783166,0.8591666666666716,2.900648596059776,0.1909080533235935,0.2469823603527938,5.457096757538208,0.8175573031640972,0.47162615727704554,0.08158005329207524,0.5612913891644237,0.8911427137359941,0,0.2983860295855192,0.5477784605519748,1.2951725968023697,1.3346100503467277,207712256,76537856,6000640,425590784,98422784,334036992,38703104,4464640,279482368,92569600,4718592,3014656,301023232,8867840,42790912,1992487.095640894,0,793494.46984885,29020.830381181804,0,0,0,1252884.962477439,12,8,8,4,8,14,6,6,3,11,1,3,6,31,16,6.533,4.667,25.267,1.467,1.667,1.533,15.133,0.013360995850622408,0.003073298429319372,0.031464285714285715,0.032534246575342464,0.0020571428571428568,0.0030194174757281556,0.006329697986577181,0.02307053941908714,0.004731937172774869,0.08186084142394823,0.046506849315068495,0.004411428571428572,0.004634951456310681,0.009400167785234899
1705783167,0.8591666666666716,2.900648596059776,0.1909080533235935,0.2469823603527938,5.457096757538208,1.3049135704351524,0.47162615727704554,0.07995206635722911,0.5612913891644237,0.8911427137359941,0,0.2983860295855192,0.5477784605519748,1.2951725968023697,1.3346100503467277,207712256,76537856,6000640,425590784,98422784,334118912,38703104,4464640,279482368,92569600,4718592,3014656,301023232,8867840,42790912,1992487.095640894,0,793494.46984885,29020.830381181804,0,0,0,1252884.962477439,12,8,8,4,8,14,6,6,3,11,1,3,6,31,16,6.533,4.667,25.267,1.467,1.667,1.533,15.133,0.013360995850622408,0.003073298429319372,0.031464285714285715,0.032534246575342464,0.0020571428571428568,0.0030194174757281556,0.006329697986577181,0.02307053941908714,0.004731937172774869,0.08186084142394823,0.046506849315068495,0.004411428571428572,0.004634951456310681,0.009400167785234899
1705783168,0.8591666666666716,2.900648596059776,0.1909080533235935,0.2469823603527938,5.242279614981407,1.3049135704351524,0.47162615727704554,0.08640512953678386,0.5612913891644237,0.8911427137359941,0,0.2983860295855192,0.5477784605519748,1.2951725968023697,1.3346100503467277,207712256,76537856,6000640,425590784,99323904,334118912,38703104,4468736,279482368,92569600,4718592,3014656,301023232,8867840,42790912,1992487.095640894,0,793494.46984885,29020.830381181804,0,0,0,1252884.962477439,12,8,8,4,9,14,6,6,3,11,1,3,6,31,16,6.533,4.667,25.267,1.467,1.667,1.533,15.133,0.013360995850622408,0.003073298429319372,0.031464285714285715,0.032534246575342464,0.0020571428571428568,0.0030194174757281556,0.006329697986577181,0.02307053941908714,0.004731937172774869,0.08186084142394823,0.046506849315068495,0.004411428571428572,0.004634951456310681,0.009400167785234899
1705783169,0.8591666666666716,2.900648596059776,0.18790719353669227,0.2469823603527938,5.242279614981407,1.3049135704351524,0.47162615727704554,0.08640512953678386,0.5612913891644237,0.8911427137359941,0,0.2983860295855192,0.5477784605519748,1.2951725968023697,1.3346100503467277,207712256,76537856,5988352,425590784,99323904,334118912,38703104,4468736,279482368,92569600,4718592,3014656,301023232,8867840,42790912,1992487.095640894,0,793494.46984885,29020.830381181804,0,0,0,1252884.962477439,12,8,8,4,9,14,6,6,3,11,1,3,6,31,16,6.533,4.667,25.267,1.467,1.667,1.533,15.133,0.013360995850622408,0.003073298429319372,0.031464285714285715,0.032534246575342464,0.0020571428571428568,0.0030194174757281556,0.006329697986577181,0.02307053941908714,0.004731937172774869,0.08186084142394823,0.046506849315068495,0.004411428571428572,0.004634951456310681,0.009400167785234899
1705783170,0.8591666666666716,2.900648596059776,0.18790719353669227,0.2469823603527938,5.242279614981407,1.3049135704351524,0.47162615727704554,0.08640512953678386,0.5612913891644237,0.8911427137359941,0,0.2983860295855192,0.5477784605519748,1.2951725968023697,1.3575657331888389,207712256,76537856,5988352,425590784,99323904,334118912,38703104,4468736,279482368,92569600,4718592,3014656,301023232,8867840,42790912,1992487.095640894,0,793494.46984885,29020.830381181804,0,0,0,1121359.7216677126,12,8,8,4,9,14,6,6,3,11,1,3,6,31,16,6.533,4.667,25.267,1.467,1.667,1.533,15.133,0.013360995850622408,0.003073298429319372,0.031464285714285715,0.032534246575342464,0.0020571428571428568,0.0030194174757281556,0.006329697986577181,0.02307053941908714,0.004731937172774869,0.08186084142394823,0.046506849315068495,0.004411428571428572,0.004634951456310681,0.009400167785234899
1705783171,0.8591666666666716,2.900648596059776,0.19236569471133738,0.2469823603527938,5.242279614981407,1.3049135704351524,0.47162615727704554,0.08640512953678386,0.5612913891644237,0.8911427137359941,0,0.2983860295855192,0.5477784605519748,1.2951725968023697,1.3575657331888389,207712256,76537856,5988352,425590784,99323904,334118912,38703104,4468736,279482368,92569600,4718592,3014656,301023232,8867840,42790912,1992487.095640894,0,793494.46984885,29020.830381181804,0,0,0,1121359.7216677126,12,8,8,4,9,14,6,6,3,11,1,3,6,31,16,6.533,4.133,25.267,1.467,1.667,1.533,15.133,0.013360995850622408,0.003061855670103093,0.031464285714285715,0.032534246575342464,0.0020571428571428568,0.0030194174757281556,0.006329697986577181,0.02307053941908714,0.004711340206185567,0.08186084142394823,0.046506849315068495,0.004411428571428572,0.004634951456310681,0.009400167785234899
1705783172,1.1099291168249334,2.900648596059776,0.19236569471133738,0.2469823603527938,5.242279614981407,1.3049135704351524,0.47488842304571255,0.08640512953678386,0.5612913891644237,0.8911427137359941,0,0.2983860295855192,0.5477784605519748,1.2951725968023697,1.3575657331888389,207712256,76537856,5988352,425590784,99323904,334118912,38735872,4468736,279482368,92569600,4718592,3014656,301023232,8867840,42790912,1992487.095640894,0,920962.9429266973,29020.830381181804,0,0,0,1121359.7216677126,12,8,8,4,9,14,6,6,3,11,1,3,6,31,16,6.533,4.133,25.267,1.467,1.667,1.533,14.267,0.013360995850622408,0.003061855670103093,0.031464285714285715,0.032534246575342464,0.0020571428571428568,0.0030194174757281556,0.0064006791171477085,0.02307053941908714,0.004711340206185567,0.08186084142394823,0.046506849315068495,0.004411428571428572,0.004634951456310681,0.00942275042444822
1705783173,1.0834410582891498,2.900648596059776,0.19236569471133738,0.25039919214869694,5.242279614981407,1.3049135704351524,0.48298650575520286,0.08640512953678386,0.5612913891644237,0.8911427137359941,0,0.2983860295855192,0.5477784605519748,1.2951725968023697,1.3575657331888389,207712256,76537856,5988352,425590784,99323904,334118912,38735872,4468736,279482368,92569600,4718592,3014656,301023232,8867840,42790912,1992487.095640894,0,998797.2970180407,29020.830381181804,0,0,0,1121359.7216677126,12,8,8,4,9,14,6,6,3,11,1,3,6,31,16,6.533,4.133,25.267,1.467,1.533,1.533,14.267,0.013360995850622408,0.003061855670103093,0.031464285714285715,0.032534246575342464,0.0019090909090909091,0.0030194174757281556,0.0064006791171477085,0.02307053941908714,0.004711340206185568,0.08186084142394823,0.046506849315068495,0.004381818181818183,0.004634951456310681,0.00942275042444822
1705783174,1.0569529997533667,2.3206034790985397,0.19236569471133738,0.25039919214869694,5.242279614981407,1.3049135704351524,0.48298650575520286,0.08640512953678386,0.5112307367532225,0.8752415809324096,0,0.2983860295855192,0.5477784605519748,1.2951725968023697,1.3575657331888389,207712256,76537856,5988352,425590784,99323904,334118912,38735872,4468736,279490560,92569600,4718592,3014656,301023232,8867840,42790912,1594047.7907196714,0,998797.2970180407,50439.80015480964,0,0,0,1121359.7216677126,12,8,8,4,9,14,6,6,3,11,1,3,6,31,16,6.533,4.133,25.267,1.467,1.533,1.667,14.267,0.013360995850622408,0.003061855670103093,0.031464285714285715,0.032534246575342464,0.0019090909090909091,0.0030200000000000005,0.0064006791171477085,0.02307053941908714,0.004711340206185568,0.08186084142394823,0.046506849315068495,0.004381818181818183,0.004636000000000001,0.00942275042444822
1705783175,1.030464941217583,2.272259335830877,0.19236569471133738,0.25039919214869694,3.959837971703611,1.3049135704351524,0.48298650575520286,0.08640512953678386,0.5112307367532225,0.8752415809324096,0,0.2522107915071601,0.5477784605519748,1.2951725968023697,1.3575657331888389,207712256,76537856,5988352,425590784,99323904,334118912,38735872,4468736,279490560,92569600,4718592,3014656,301023232,8867840,42790912,1560839.6724589898,0,998797.2970180407,50439.80015480964,0,0,0,1121359.7216677126,12,8,8,4,9,14,6,6,3,11,1,3,6,31,16,6.6,4.133,25.267,1.533,1.6,1.733,14.467,0.013454356846473033,0.003061855670103093,0.031464285714285715,0.03304794520547945,0.001857142857142857,0.0030416666666666665,0.006379757785467129,0.023089211618257267,0.004711340206185568,0.08186084142394823,0.04660958904109589,0.004371428571428571,0.0046749999999999995,0.009428200692041522
1705783176,2.4437019398811572,0.9520899999999937,0.19236569471133738,0.2408122559837051,4.0412327984335255,1.3049135704351524,0.48298650575520286,0.08640512953678386,0.5112307367532225,0.8752415809324096,0,0.24723769101406812,0.5043312355324062,1.2951725968023697,1.3575657331888389,207777792,76537856,5988352,425594880,99323904,334118912,38735872,4468736,279490560,92569600,4718592,3014656,301023232,8867840,42790912,341333.3333333334,0,998797.2970180407,50439.80015480964,0,0,0,1121359.7216677126,12,8,8,4,9,14,6,6,3,11,1,3,6,31,16,6.6,4.133,25.267,1.533,1.6,1.733,14.467,0.013454356846473033,0.003061855670103093,0.031464285714285715,0.03304794520547945,0.001857142857142857,0.0030416666666666665,0.006379757785467129,0.023089211618257267,0.004711340206185568,0.08186084142394823,0.04660958904109589,0.004371428571428571,0.0046749999999999995,0.009428200692041522
1705783177,2.4437019398811572,0.9520899999999937,0.19236569471133738,0.2408122559837051,4.8836896037948145,1.3653825909599662,0.48298650575520286,0.08640512953678386,0.4086946307728611,0.8752415809324096,0,0.2449503972257254,0.5043312355324062,1.2951725968023697,1.3575657331888389,207777792,76537856,5988352,425594880,99323904,334118912,38735872,4468736,279490560,92569600,4718592,3014656,301023232,8867840,42790912,341333.3333333334,0,998797.2970180407,60320.76336471438,0,0,0,1121359.7216677126,12,8,8,4,9,14,6,6,3,11,1,3,6,31,16,6.6,4.133,25.267,1.533,1.6,1.733,14.467,0.013454356846473033,0.003061855670103093,0.031464285714285715,0.03304794520547945,0.001857142857142857,0.0030416666666666665,0.006379757785467129,0.023089211618257267,0.004711340206185568,0.08186084142394823,0.04660958904109589,0.004371428571428571,0.0046749999999999995,0.009428200692041522
1705783178,2.4437019398811572,0.9520899999999937,0.19236569471133738,0.2408122559837051,4.8836896037948145,1.3653825909599662,0.48298650575520286,0.08821471617132622,0.4167868993723778,0.8752415809324096,0,0.2400110844892815,0.5043312355324062,1.2951725968023697,1.3575657331888389,207777792,76537856,5988352,425594880,99323904,334118912,38735872,4468736,279490560,92569600,4718592,3014656,301023232,8867840,42790912,341333.3333333334,0,998797.2970180407,61515.13143936237,0,0,0,1121359.7216677126,12,8,8,4,9,14,6,6,3,11,1,3,6,31,16,9.2,3.467,25,1.933,1.6,1.733,16.8,0.013601321585903084,0.003085561497326203,0.031033236994219653,0.032857142857142856,0.001857142857142857,0.0030416666666666665,0.006391843971631205,0.0231431718061674,0.004754010695187166,0.0816282894736842,0.046571428571428576,0.004371428571428571,0.0046749999999999995,0.00945567375886525
1705783179,2.4437019398811572,0.9520899999999937,0.19236569471133738,0.2408122559837051,4.8836896037948145,1.3653825909599662,0.48298650575520286,0.08821471617132622,0.4855361159710058,0.8752415809324096,0,0.2956276252808434,0.5043312355324062,1.2951725968023697,1.3575657331888387,207777792,76537856,5988352,425594880,99323904,334118912,38735872,4468736,279490560,92569600,4718592,3014656,301023232,8867840,42790912,341333.3333333334,0,998797.2970180407,71662.08447888028,0,0,0,1121359.7216677123,12,8,8,4,9,14,6,6,3,11,1,3,6,31,16,9.2,3.467,24.867,1.933,1.6,1.733,16.8,0.013601321585903084,0.003085561497326203,0.030671965317919075,0.032857142857142856,0.001857142857142857,0.0030416666666666665,0.006391843971631205,0.0231431718061674,0.004754010695187166,0.08135,0.046571428571428576,0.004371428571428571,0.0046749999999999995,0.00945567375886525
1705783180,2.4437019398811572,0.9520899999999937,0.19649793598159318,0.2408122559837051,4.8836896037948145,1.3653825909599662,0.48298650575520286,0.08821471617132622,0.4855361159710058,0.8752415809324096,0,0.2956276252808434,0.5043312355324062,1.0687385473472484,1.3800617354521498,207777792,76537856,5996544,425594880,99323904,334118912,38735872,4468736,279490560,92569600,4718592,3014656,301023232,8867840,42979328,341333.3333333334,0,998797.2970180407,71662.08447888028,0,0,0,1560916.1236233376,12,8,8,4,9,14,6,6,3,11,1,3,6,31,16,9.2,3.467,24.867,1.933,1.6,1.733,16.8,0.013601321585903084,0.003085561497326203,0.030671965317919075,0.032857142857142856,0.001857142857142857,0.0030416666666666665,0.006391843971631205,0.0231431718061674,0.004754010695187166,0.08135,0.046571428571428576,0.004371428571428571,0.0046749999999999995,0.00945567375886525
1705783181,2.4437019398811572,0.9520899999999937,0.16208352456106428,0.2408122559837051,4.8836896037948145,1.3653825909599662,0.48298650575520286,0.08846072321844914,0.4855361159710058,0.8752415809324096,0.00013818860877685269,0.2956276252808434,0.4229110440810739,1.0630542977958286,1.3800617354521498,207777792,76537856,5996544,425594880,99323904,334118912,38735872,4468736,279490560,92569600,4718592,3014656,301023232,8867840,42979328,341333.3333333334,0,998797.2970180407,71662.08447888028,0,0,0,1560916.1236233376,12,8,8,4,9,14,6,6,3,11,1,3,6,31,16,9.2,3.467,24.867,1.933,1.6,1.733,16.8,0.013601321585903084,0.003085561497326203,0.030671965317919075,0.032857142857142856,0.001857142857142857,0.0030416666666666665,0.006391843971631205,0.0231431718061674,0.004754010695187166,0.08135,0.046571428571428576,0.004371428571428571,0.0046749999999999995,0.00945567375886525
1705783182,2.4437019398811572,0.9520899999999937,0.16532822343790396,0.2408122559837051,4.8836896037948145,1.3653825909599662,0.48298650575520286,0.08846072321844914,0.4855361159710058,0.8752415809324096,0.00013818860877685269,0.2956276252808434,0.4229110440810739,1.2350048880199482,1.3800617354521498,207777792,76537856,5996544,425594880,99323904,334118912,38735872,4468736,279490560,92569600,4718592,3014656,301023232,8839168,42979328,341333.3333333334,0,998797.2970180407,71662.08447888028,0,0,0,1560916.1236233376,12,8,8,4,9,14,6,6,3,11,1,3,6,31,16,9.2,3.467,24.867,1.933,1.6,1.733,16.8,0.013601321585903084,0.003085561497326203,0.030671965317919075,0.032857142857142856,0.001857142857142857,0.0030416666666666665,0.006391843971631205,0.0231431718061674,0.004754010695187166,0.08135,0.046571428571428576,0.004371428571428571,0.0046749999999999995,0.00945567375886525
1705783183,2.4437019398811572,1.2333710694707907,0.19468193261038017,0.2408122559837051,4.8836896037948145,1.3653825909599662,0.3845880551678361,0.08846072321844914,0.4855361159710058,0.8752415809324096,0.00013818860877685269,0.2956276252808434,0.4229110440810739,1.2350048880199482,1.3800617354521498,207777792,76537856,5996544,425594880,99323904,334118912,38735872,4468736,279490560,92569600,4718592,3014656,301023232,8839168,42979328,442175.27584510506,0,844179.4784503303,71662.08447888028,0,0,0,1560916.1236233376,12,8,8,4,9,14,6,6,3,11,1,3,6,31,16,9.2,3.467,24.867,1.933,1.6,1.733,16.8,0.013601321585903084,0.003085561497326203,0.030671965317919075,0.032857142857142856,0.001857142857142857,0.0030416666666666665,0.006391843971631205,0.0231431718061674,0.004754010695187166,0.08135,0.046571428571428576,0.004371428571428571,0.0046749999999999995,0.00945567375886525
1705783184,2.4437019398811572,2.6086863984037247,0.19468193261038017,0.2408122559837051,4.8836896037948145,1.572393425783248,0.39252892123987265,0.08846072321844914,0.4855361159710058,0.8752415809324096,0.00013818860877685269,0.2956276252808434,0.4229110440810739,1.2350048880199482,1.3800617354521498,207777792,76611584,5996544,425594880,99323904,334106624,38735872,4468736,279490560,92569600,4718592,3014656,301023232,8839168,42979328,1207777.4082695933,0,861609.8590590318,71662.08447888028,0,0,0,1560916.1236233376,12,8,8,4,9,13,6,6,3,11,1,3,6,31,16,9.2,3.467,24.867,1.933,1.6,1.733,16.8,0.013601321585903084,0.003085561497326203,0.030671965317919075,0.032857142857142856,0.001857142857142857,0.0030416666666666665,0.006391843971631205,0.0231431718061674,0.004754010695187166,0.08135,0.046571428571428576,0.004371428571428571,0.0046749999999999995,0.00945567375886525
1705783185,2.4437019398811572,2.6086863984037247,0.19468193261038017,0.2408122559837051,4.7091659719741275,1.572393425783248,0.40046978731190913,0.08846072321844914,0.4855361159710058,0.8752415809324096,0.00013818860877685269,0.2956276252808434,0.4229110440810739,1.2350048880199482,1.3800617354521498,207777792,76611584,5996544,425594880,102326272,334106624,38735872,4468736,279490560,92569600,4718592,3014656,301023232,8839168,42979328,1207777.4082695933,0,879040.2396677334,71662.08447888028,0,0,0,1560916.1236233376,12,8,8,4,8,13,6,6,3,11,1,3,6,31,16,9.2,3.467,24.867,1.933,1.6,1.733,16.8,0.013601321585903084,0.003085561497326203,0.030671965317919075,0.032857142857142856,0.001857142857142857,0.0030416666666666665,0.006391843971631205,0.0231431718061674,0.004754010695187166,0.08135,0.046571428571428576,0.004371428571428571,0.0046749999999999995,0.00945567375886525
1705783186,2.4437019398811572,2.6086863984037247,0.19468193261038017,0.2408122559837051,4.7091659719741275,1.572393425783248,0.4764519643221904,0.08846072321844914,0.4855361159710058,0.8752415809324096,0.00013818860877685269,0.2956276252808434,0.4229110440810739,1.2350048880199482,1.3800617354521498,207777792,76611584,5996544,425594880,102326272,334106624,38735872,4468736,279490560,92569600,4718592,3014656,301023232,8839168,42979328,1207777.4082695933,0,1045822.8365220942,71662.08447888028,0,0,0,1560916.1236233376,12,8,8,4,8,13,6,6,3,11,1,3,6,31,16,9.2,3.8,24.867,1.933,1.6,1.733,16.8,0.013601321585903084,0.0031257142857142855,0.030671965317919075,0.032857142857142856,0.001857142857142857,0.0030416666666666665,0.006391843971631205,0.0231431718061674,0.0048262857142857135,0.08135,0.046571428571428576,0.004371428571428571,0.0046749999999999995,0.00945567375886525
1705783187,2.4437019398811572,2.6086863984037247,0.19468193261038017,0.2408122559837051,4.709165971974129,1.572393425783248,0.4764519643221904,0.08846072321844914,0.4855361159710058,0.8752415809324096,0.00018013320302320642,0.29293759691056404,0.40013111529951906,1.2350048880199482,1.3800617354521498,207777792,76611584,5996544,425594880,102326272,334106624,38735872,4468736,279490560,92569600,4718592,3014656,301031424,8839168,42979328,1207777.4082695933,0,1045822.8365220942,71662.08447888028,0,0,0,1560916.1236233376,12,8,8,4,8,13,6,6,3,11,1,3,6,31,16,9.2,3.8,24.867,1.933,1.6,1.733,18.4,0.013601321585903084,0.0031257142857142855,0.030671965317919075,0.032857142857142856,0.001857142857142857,0.0030416666666666665,0.006388888888888888,0.0231431718061674,0.0048262857142857135,0.08135,0.046571428571428576,0.004371428571428571,0.0046749999999999995,0.009484674329501914
1705783188,2.4437019398811572,2.6086863984037247,0.19468193261038017,0.2408122559837051,4.709165971974129,1.572393425783248,0.40204207879417236,0.08846072321844914,0.4195220861590145,0.8752415809324096,0.00018399038311181756,0.29293759691056404,0.40013111529951906,1.2350048880199482,1.3032068305776856,207777792,76611584,5996544,425594880,102326272,334106624,38735872,4468736,279490560,92569600,4718592,3014656,301031424,8839168,42979328,1207777.4082695933,0,882491.4550282563,61918.8278485934,0,0,0,1801262.1719637911,12,8,8,4,8,13,6,6,3,11,1,3,6,31,16,9.2,3.8,24.867,1.933,1.933,1.733,18.4,0.013601321585903084,0.003125714285714286,0.030671965317919075,0.032857142857142856,0.002081967213114754,0.0030416666666666665,0.006388888888888888,0.0231431718061674,0.004826285714285714,0.08135,0.046571428571428576,0.004416393442622951,0.0046749999999999995,0.009484674329501914
1705783189,2.4437019398811572,2.6086863984037247,0.19468193261038017,0.13744929198767167,4.709165971974129,1.572393425783248,0.39410121272213583,0.08846072321844914,0.41142981755949776,0.8752415809324096,0.0001878475632004287,0.29293759691056404,0.40013111529951906,1.2350048880199482,1.3032068305776856,207777792,76611584,5996544,425590784,102326272,334106624,38735872,4468736,279490560,92569600,4718592,3014656,301031424,8839168,42979328,1207777.4082695933,0,865061.0744195548,60724.4597739454,0,0,0,1801262.1719637911,12,8,8,4,8,13,6,6,3,11,1,3,6,31,16,9.2,3.8,24.867,1.933,1.933,1.867,18.4,0.013601321585903084,0.003125714285714286,0.030671965317919075,0.032857142857142856,0.002081967213114754,0.0030444444444444447,0.006388888888888888,0.0231431718061674,0.004826285714285714,0.08135,0.046571428571428576,0.004416393442622951,0.00468,0.009484674329501914
1705783190,2.9125076121523685,2.6086863984037247,0.19468193261038017,0.1412078949666136,4.709165971974129,1.572393425783248,0.3861603466500993,0.08846072321844914,0.4033375489599809,0.5396072514071362,0.0001917047432890398,0.294102625662964,0.40013111529951906,1.2350048880199482,1.3032068305776856,207777792,76611584,5996544,425590784,102326272,334106624,38735872,4468736,279490560,92569600,4718592,2883584,301031424,8839168,42979328,1207777.4082695933,0,847630.6938108532,59530.091699297394,0,0,0,1801262.1719637911,12,8,8,4,8,13,6,6,3,11,1,3,6,31,16,9.333,3.8,24.867,2.067,2.067,2,18.8,0.013865638766519825,0.003125714285714286,0.030671965317919075,0.032539682539682535,0.0019433962264150946,0.0030240963855421685,0.006377952755905511,0.023196035242290747,0.004826285714285714,0.08135,0.046507936507936505,0.004388679245283019,0.004643373493975905,0.009464566929133859
1705783191,2.9125076121523685,2.6086863984037247,0.19468193261038017,0.14496649794555552,4.709165971974129,1.572393425783248,0.47942431578515227,0.08846072321844914,0.39524528036046414,0.4195633333333385,0.00023143080531666809,0.294102625662964,0.40013111529951906,1.2350048880199482,1.3032068305776856,207777792,76611584,5996544,425590784,102326272,334106624,38752256,4468736,279490560,92569600,4718592,2883584,301031424,8839168,42979328,1207777.4082695933,0,924377.3337163022,58335.723624649385,0,0,0,1801262.1719637911,12,8,8,4,8,13,6,6,3,11,1,3,6,31,16,9.333,3.8,24.867,2.067,2.067,2,18.8,0.013865638766519825,0.003125714285714286,0.030671965317919075,0.032539682539682535,0.0019433962264150946,0.0030240963855421685,0.006377952755905511,0.023196035242290747,0.004826285714285714,0.08135,0.046507936507936505,0.004388679245283019,0.004643373493975905,0.009464566929133859
1705783192,2.9125076121523685,2.6086863984037247,0.19468193261038017,0.14872510092449742,4.709165971974129,1.572393425783248,0.47942431578515227,0.08846072321844914,0.38715301176094746,0.5551637454408054,0.00014397642743027832,0.294102625662964,0.40013111529951906,1.2350048880199482,1.3032068305776856,207777792,76611584,5996544,425590784,102326272,334106624,38752256,4468736,279490560,92569600,4718592,2883584,301031424,8839168,42979328,1207777.4082695933,0,924377.3337163022,57141.35555000139,0,0,0,1801262.1719637911,12,8,8,4,8,13,6,6,3,11,1,3,6,31,16,9.333,3.8,24.867,2.067,2.067,2,18.8,0.013865638766519825,0.003125714285714286,0.030671965317919075,0.032539682539682535,0.0019433962264150946,0.0030240963855421685,0.006377952755905511,0.023196035242290747,0.004826285714285714,0.08135,0.046507936507936505,0.004388679245283019,0.004643373493975905,0.009464566929133859
1705783193,2.9125076121523685,2.6086863984037247,0.19468193261038017,0.15248370390343935,4.709165971974129,1.572393425783248,0.47942431578515227,0.08846072321844914,0.5340727027936731,0.5686846203959819,0.0001694294349299492,0.294102625662964,0.40013111529951906,1.2350048880199482,1.3032068305776856,207777792,76611584,5996544,425590784,102326272,334106624,38752256,4468736,279506944,92569600,4718592,2883584,301031424,8839168,42979328,1207777.4082695933,0,924377.3337163022,48253.11342982161,0,0,0,1801262.1719637911,12,8,8,4,8,13,6,6,3,11,1,3,6,31,16,7.4,4,24.2,2,2.067,2,17.667,0.014353813559322035,0.0031618497109826586,0.030799711815561962,0.032974137931034486,0.0019433962264150946,0.0030240963855421685,0.006286307053941909,0.023277542372881356,0.004891329479768786,0.08127906976744186,0.0465948275862069,0.004388679245283019,0.004643373493975905,0.009431535269709544
1705783194,2.9125076121523685,2.6086863984037247,0.19468193261038017,0.15624230688238125,4.709165971974129,1.572393425783248,0.47942431578515227,0.07664285714285682,0.47866977053542153,0.5822054953511583,0.0001694294349299492,0.294102625662964,0.40013111529951906,1.2350048880199482,1.3032068305776856,207777792,76611584,5996544,425590784,102326272,334106624,38752256,4468736,279506944,92569600,4718592,2883584,301031424,8839168,42979328,1207777.4082695933,0,924377.3337163022,36324.132579536636,0,0,0,1801262.1719637911,12,8,8,4,8,13,6,6,3,11,1,3,6,31,16,7.4,4,23.4,2,2.067,2,17.667,0.014353813559322035,0.0031618497109826586,0.03085260115606937,0.032974137931034486,0.0019433962264150946,0.0030240963855421685,0.006286307053941909,0.023277542372881356,0.004891329479768786,0.08124161073825502,0.0465948275862069,0.004388679245283019,0.004643373493975905,0.009431535269709544
1705783195,2.9125076121523685,2.6086863984037247,0.16589929044022775,0.16000090986132315,3.6751831936971566,1.572393425783248,0.47942431578515227,0.07664285714285682,0.47866977053542153,0.5957263703063347,0.0001694294349299492,0.294102625662964,0.40013111529951906,1.2350048880199482,1.3032068305776856,207777792,76611584,5996544,425590784,102326272,334106624,38752256,4468736,279506944,92569600,4718592,2883584,301031424,8839168,42979328,1207777.4082695933,0,924377.3337163022,36324.132579536636,0,0,0,1801262.1719637911,12,8,8,4,8,13,6,6,3,11,1,3,6,31,16,7.4,4,23.4,2,2.067,2,17.667,0.014353813559322035,0.0031618497109826586,0.03085260115606937,0.032974137931034486,0.0019433962264150946,0.0030240963855421685,0.006286307053941909,0.023277542372881356,0.004891329479768786,0.08124161073825502,0.0465948275862069,0.004388679245283019,0.004643373493975905,0.009431535269709544
1705783196,2.9125076121523685,2.6086863984037247,0.18247518932189905,0.16375951284026508,3.7500707801691013,1.572393425783248,0.47942431578515227,0.07664285714285682,0.47866977053542153,0.6092472452615112,0.0001694294349299492,0.294102625662964,0.40013111529951906,1.2350048880199482,1.3250306128399008,207777792,76611584,5996544,425590784,102326272,334106624,38752256,4468736,279506944,92569600,4718592,2883584,301031424,8839168,42926080,1207777.4082695933,0,924377.3337163022,36324.132579536636,0,0,0,1632062.8194911464,12,8,8,4,8,13,6,6,3,11,1,3,6,31,16,7.4,4,23.4,2,2.067,2,17.667,0.014353813559322035,0.0031618497109826586,0.03085260115606937,0.032974137931034486,0.0019433962264150946,0.0030240963855421685,0.006286307053941909,0.023277542372881356,0.004891329479768786,0.08124161073825502,0.0465948275862069,0.004388679245283019,0.004643373493975905,0.009431535269709544
1705783197,2.9125076121523685,2.6086863984037247,0.18247518932189905,0.167518115819207,4.493255188316681,1.1328401242610762,0.47942431578515227,0.08231777420096568,0.47866977053542165,0.6227681202166876,0.0001694294349299492,0.294102625662964,0.40013111529951906,1.1337217847769323,1.3250306128399008,207777792,76611584,5996544,425590784,102326272,334123008,38752256,4472832,279506944,92569600,4718592,2883584,301031424,8855552,42926080,1207777.4082695933,0,924377.3337163022,36324.13257953664,0,0,0,1632062.8194911464,12,8,8,4,8,13,6,6,3,11,1,3,6,31,16,7.4,4,23.4,2,2.067,2,17.667,0.014353813559322035,0.0031618497109826586,0.03085260115606937,0.032974137931034486,0.0019433962264150946,0.0030240963855421685,0.006286307053941909,0.023277542372881356,0.004891329479768786,0.08124161073825502,0.0465948275862069,0.004388679245283019,0.004643373493975905,0.009431535269709544
1705783198,2.9125076121523685,2.6086863984037247,0.1512250836576956,0.1712767187981489,4.663327955645437,1.163022231558852,0.47942431578515227,0.08231777420096568,0.47866977053542165,0.636288995171864,0.0001694294349299492,0.294102625662964,0.3009185521320201,1.1337217847769323,1.3250306128399008,207777792,76611584,5996544,425590784,106364928,334123008,38752256,4472832,279506944,92569600,4718592,2883584,301031424,8855552,42926080,1207777.4082695933,0,924377.3337163022,36324.13257953664,0,0,0,1632062.8194911464,12,8,8,4,8,13,6,6,3,11,1,3,6,31,16,7.4,4,23.4,2,2.067,2,17.667,0.014353813559322035,0.0031618497109826586,0.03085260115606937,0.032974137931034486,0.0019433962264150946,0.0030240963855421685,0.006286307053941909,0.023277542372881356,0.004891329479768786,0.08124161073825502,0.0465948275862069,0.004388679245283019,0.004643373493975905,0.009431535269709544
1705783199,2.9125076121523685,2.8858045083560118,0.17761062158225238,0.17503532177709083,4.663327955645437,1.193204338856628,0.47942431578515227,0.08231777420096568,0.47866977053542165,0.6498098701270405,0.0001694294349299492,0.294102625662964,0.3072265551324241,1.1337217847769323,1.3250306128399008,207777792,76611584,5996544,425590784,106364928,334123008,38752256,4472832,279506944,92569600,4718592,2883584,301031424,8855552,42926080,1432724.4461717838,0,924377.3337163022,36324.13257953664,0,0,0,1632062.8194911464,12,8,8,4,8,13,6,6,3,11,1,3,6,31,16,7.4,4,23.4,2,2.067,2,17.667,0.014353813559322035,0.0031618497109826586,0.03085260115606937,0.032974137931034486,0.0019433962264150946,0.0030240963855421685,0.006286307053941909,0.023277542372881356,0.004891329479768786,0.08124161073825502,0.0465948275862069,0.004388679245283019,0.004643373493975905,0.009431535269709544
1705783200,2.9125076121523685,2.8858045083560118,0.17761062158225238,0.17879392475603273,4.663327955645437,1.2233864461544042,0.47942431578515227,0.08231777420096568,0.47866977053542165,0.6633307450822168,0.0001694294349299492,0.294102625662964,0.31353455813282805,1.1337217847769323,1.3250306128399008,207777792,76611584,5996544,425590784,106364928,334123008,38752256,4472832,279506944,92569600,4718592,2883584,301031424,8855552,42926080,1432724.4461717838,0,924377.3337163022,36324.13257953664,0,0,0,1632062.8194911464,12,8,8,4,8,13,6,6,3,11,1,3,6,31,16,7.4,4,23.4,2,2.067,2,17.667,0.014353813559322035,0.0031618497109826586,0.03085260115606937,0.032974137931034486,0.0019433962264150946,0.0030240963855421685,0.006286307053941909,0.023277542372881356,0.004891329479768786,0.08124161073825502,0.0465948275862069,0.004388679245283019,0.004643373493975905,0.009431535269709544
1705783201,2.9125076121523685,2.8858045083560118,0.17761062158225238,0.18255252773497466,4.663327955645437,1.2535685534521803,0.47942431578515227,0.08231777420096568,0.47866977053542165,0.6768516200373932,0.0001694294349299492,0.294102625662964,0.319842561133232,1.1337217847769323,1.3250306128399008,207777792,76611584,5996544,425590784,106364928,334123008,38752256,4472832,279506944,92569600,4718592,2883584,301031424,8855552,42926080,1432724.4461717838,0,924377.3337163022,36324.13257953664,0,0,0,1632062.8194911464,12,8,8,4,8,13,6,6,3,11,1,3,6,31,16,7.4,3.867,23.4,2,2.067,2,17.667,0.014353813559322035,0.00313953488372093,0.03085260115606937,0.032974137931034486,0.0019433962264150946,0.0030240963855421685,0.006286307053941909,0.023277542372881356,0.004851162790697675,0.08124161073825502,0.0465948275862069,0.004388679245283019,0.004643373493975905,0.009431535269709544
1705783202,2.9125076121523685,2.8858045083560118,0.17761062158225238,0.18631113071391658,4.663327955645437,1.283750660749956,0.48426465848155353,0.08231777420096568,0.47866977053542165,0.8112524973105858,0.0001694294349299492,0.294102625662964,0.42887196725435434,1.1337217847769323,1.3250306128399008,207777792,76611584,5996544,425590784,106364928,334123008,38752256,4472832,279506944,92569600,4718592,2883584,301027328,8855552,42926080,1432724.4461717838,0,984182.6120080873,36324.13257953664,0,0,0,1632062.8194911464,12,8,8,4,8,13,6,6,3,11,1,3,6,31,16,7.4,3.867,23.4,2,2.067,2,17.8,0.014353813559322035,0.00313953488372093,0.03085260115606937,0.032974137931034486,0.0019433962264150946,0.0030240963855421685,0.006182008368200836,0.023277542372881356,0.004851162790697675,0.08124161073825502,0.0465948275862069,0.004388679245283019,0.004643373493975905,0.00935355648535565
1705783203,2.9125076121523685,2.8858045083560118,0.17761062158225238,0.18551022435674577,4.663327955645437,1.3139327680477322,0.49121021060466796,0.08231777420096568,0.6505915768145254,0.8112524973105858,0.0001694294349299492,0.294102625662964,0.42887196725435434,1.1337217847769323,1.3250306128399008,207777792,76611584,5996544,425594880,106364928,334123008,38760448,4472832,279592960,92569600,4718592,2883584,301027328,8855552,42926080,1432724.4461717838,0,914646.0002627088,59280.70048483971,0,0,0,1632062.8194911464,12,8,8,4,8,13,6,6,3,11,1,3,6,31,16,7.4,3.867,23.4,2,2.2,2,17.8,0.014353813559322035,0.00313953488372093,0.03085260115606937,0.032974137931034486,0.001846153846153846,0.0030240963855421685,0.006182008368200836,0.023277542372881356,0.004851162790697675,0.08124161073825502,0.0465948275862069,0.004369230769230769,0.004643373493975905,0.00935355648535565
1705783204,2.2471183169937627,2.8858045083560118,0.17761062158225238,0.22056323675860748,4.663327955645437,1.344114875345508,0.49121021060466796,0.08231777420096568,0.6505915768145254,0.8112524973105858,0.0001694294349299492,0.29559178161473876,0.42887196725435434,1.1337217847769323,1.3250306128399008,207826944,76611584,5996544,425594880,106364928,334123008,38760448,4472832,279592960,92569600,4718592,2883584,301027328,8855552,42926080,1432724.4461717838,0,914646.0002627088,59280.70048483971,0,0,0,1632062.8194911464,11,8,8,4,8,13,6,6,3,11,1,3,6,31,16,7.4,3.867,23.4,2,2.2,2.133,17.8,0.014353813559322035,0.00313953488372093,0.03085260115606937,0.032974137931034486,0.001846153846153846,0.003024390243902439,0.006182008368200836,0.023277542372881356,0.004851162790697675,0.08124161073825502,0.0465948275862069,0.004369230769230769,0.00464390243902439,0.00935355648535565
1705783205,2.2471183169937627,2.8858045083560118,0.17761062158225238,0.22056323675860748,4.663327955645437,1.374296982643284,0.49121021060466796,0.08231777420096567,0.6505915768145254,0.8112524973105858,0.0001694294349299492,0.29559178161473876,0.42887196725435434,1.1337217847769323,1.3992347692489508,207826944,76611584,5996544,425594880,106364928,334123008,38760448,4472832,279592960,92569600,4718592,2883584,301027328,8855552,42926080,1432724.4461717838,0,914646.0002627088,59280.70048483971,0,0,0,1875790.3445015661,11,8,8,4,8,13,6,6,3,11,1,3,6,31,16,7.533,3.867,23.4,2.133,2.333,2.267,18.2,0.014148936170212767,0.00313953488372093,0.03085260115606937,0.032786885245901634,0.0019473684210526314,0.003070588235294118,0.006206720977596742,0.023238297872340424,0.004851162790697675,0.08124161073825502,0.04655737704918033,0.004389473684210526,0.0047270588235294115,0.009355397148676172
1705783206,1.5565675362522846,2.8858045083560118,0.17761062158225238,0.22056323675860748,4.663327955645437,1.4044790899410602,0.49121021060466796,0.08231777420096567,0.6505915768145254,0.8112524973105858,0.0001694294349299492,0.29559178161473876,0.42887196725435434,1.1337217847769323,1.3992347692489508,207826944,76611584,5996544,425594880,106364928,334123008,38760448,4472832,279592960,92569600,4718592,2883584,301027328,8855552,42926080,1432724.4461717838,0,914646.0002627088,59280.70048483971,0,0,0,1875790.3445015661,11,8,8,4,8,13,6,6,3,11,1,3,6,31,16,7.533,3.867,23.4,2.133,2.333,2.267,18.2,0.014148936170212767,0.00313953488372093,0.03085260115606937,0.032786885245901634,0.0019473684210526314,0.003070588235294118,0.006206720977596742,0.023238297872340424,0.004851162790697675,0.08124161073825502,0.04655737704918033,0.004389473684210526,0.0047270588235294115,0.009355397148676172
1705783207,1.5565675362522846,2.8858045083560118,0.1796893034872941,0.22056323675860748,4.663327955645437,1.206314927338079,0.49121021060466796,0.08231777420096567,0.6505915768145254,0.8112524973105858,0.0001694294349299492,0.28716447863533634,0.42887196725435434,1.1337217847769323,1.3992347692489508,207826944,76611584,5988352,425594880,106364928,334114816,38760448,4472832,279592960,92569600,4718592,2879488,301027328,8855552,42926080,1432724.4461717838,0,914646.0002627088,59280.70048483971,0,0,0,1875790.3445015661,11,8,8,4,8,14,6,6,3,11,1,3,6,31,16,7.533,3.867,23.4,2.133,2.333,2.267,18.2,0.014148936170212767,0.00313953488372093,0.03085260115606937,0.032786885245901634,0.0019473684210526314,0.003070588235294118,0.006206720977596742,0.023238297872340424,0.004851162790697675,0.08124161073825502,0.04655737704918033,0.004389473684210526,0.0047270588235294115,0.009355397148676172
1705783208,1.5565675362522846,2.8858045083560118,0.1796893034872941,0.22056323675860748,4.663327955645437,1.232111741586166,0.49121021060466796,0.08231777420096567,0.7253181498536805,0.8112524973105858,0.00014471626929613913,0.28716447863533634,0.42887196725435434,1.1337217847769323,1.3992347692489508,207826944,76611584,5988352,425594880,106364928,334114816,38760448,4472832,279592960,92569600,4718592,2879488,301027328,8855552,42926080,1432724.4461717838,0,914646.0002627088,74332.50913050382,0,0,0,1875790.3445015661,11,8,8,4,8,14,6,6,3,11,1,3,6,31,16,7,4,23.2,2.133,2.333,2.267,18,0.014028384279475982,0.0031625,0.030833333333333334,0.03295454545454545,0.0019473684210526314,0.003070588235294118,0.0062744140625,0.023224890829694325,0.0048925,0.08155172413793105,0.04659090909090909,0.004389473684210526,0.0047270588235294115,0.0093408203125
1705783209,1.5565675362522846,2.8858045083560118,0.1796893034872941,0.22056323675860748,4.663327955645437,1.2579085558342529,0.49121021060466796,0.07464098159722216,0.7253181498536805,0.8781321001306913,0.00022143576463819537,0.28716447863533634,0.42887196725435434,1.2258842239186247,1.3992347692489508,207826944,76611584,5988352,425594880,106364928,334114816,38760448,4472832,279592960,92569600,4718592,2879488,301027328,8855552,42926080,1432724.4461717838,0,914646.0002627088,74332.50913050382,0,0,0,1875790.3445015661,11,8,8,4,8,14,6,6,3,11,1,3,6,31,16,7,4,22.533,2.133,2.333,2.267,18,0.014028384279475982,0.0031625,0.0306640625,0.03295454545454545,0.0019473684210526314,0.003070588235294118,0.0062744140625,0.023224890829694325,0.0048925,0.08152877697841729,0.04659090909090909,0.004389473684210526,0.0047270588235294115,0.0093408203125
1705783210,1.5565675362522846,2.8858045083560118,0.1796893034872941,0.22056323675860748,4.663327955645437,1.2837053700823398,0.49121021060466796,0.07123523094632857,0.7253181498536805,0.8781321001306913,0.0002169999520452828,0.28716447863533634,0.42887196725435434,1.2258842239186247,1.3992347692489508,207826944,76611584,5988352,425594880,106364928,334114816,38760448,4468736,279592960,92569600,4718592,2879488,301027328,8855552,42926080,1432724.4461717838,0,914646.0002627088,74332.50913050382,0,0,0,1875790.3445015661,11,8,8,4,8,14,6,6,3,11,1,3,6,31,16,7,4,22.533,2.133,2.333,2.267,18,0.014028384279475982,0.0031625,0.0306640625,0.03295454545454545,0.0019473684210526314,0.003070588235294118,0.0062744140625,0.023224890829694325,0.0048925,0.08152877697841729,0.04659090909090909,0.004389473684210526,0.0047270588235294115,0.0093408203125
1705783211,1.5565675362522846,2.8858045083560118,0.1796893034872941,0.22056323675860748,4.663327955645437,1.3095021843304264,0.49121021060466796,0.07267270996210871,0.7253181498536805,0.8781321001306913,0.00021256413945237022,0.28716447863533634,0.42887196725435434,1.2258842239186247,1.3472047777367298,207826944,76611584,5988352,425594880,106364928,334114816,38760448,4468736,279592960,92569600,4718592,2879488,301027328,8855552,42987520,1432724.4461717838,0,914646.0002627088,74332.50913050382,0,0,0,1622394.6147847143,11,8,8,4,8,14,6,6,3,11,1,3,6,31,16,7,4,22.533,2.133,2.333,2.267,18,0.014028384279475982,0.0031625,0.0306640625,0.03295454545454545,0.0019473684210526314,0.003070588235294118,0.0062744140625,0.023224890829694325,0.0048925,0.08152877697841729,0.04659090909090909,0.004389473684210526,0.0047270588235294115,0.0093408203125
1705783212,1.5565675362522846,2.8858045083560118,0.1796893034872941,0.22056323675860748,4.554366678881152,1.3352989985785135,0.49121021060466796,0.07411018897788885,0.7253181498536805,0.8781321001306913,0.00020812832685945766,0.28716447863533634,0.42887196725435434,1.2258842239186247,1.3472047777367298,207826944,76611584,5988352,425594880,106360832,334114816,38760448,4468736,279592960,92569600,4718592,2879488,301027328,8855552,42987520,1432724.4461717838,0,914646.0002627088,74332.50913050382,0,0,0,1622394.6147847143,11,8,8,4,8,14,6,6,3,11,1,3,6,31,16,7,4,22.533,2.133,2.333,2.267,18,0.014028384279475982,0.0031625,0.0306640625,0.03295454545454545,0.0019473684210526314,0.003070588235294118,0.0062744140625,0.023224890829694325,0.0048925,0.08152877697841729,0.04659090909090909,0.004389473684210526,0.0047270588235294115,0.0093408203125
1705783213,1.5565675362522846,,0.1796893034872941,0.22056323675860748,4.554366678881152,1.5478088548852116,0.49121021060466796,0.08624874094680826,0.7253181498536805,0.8781321001306913,0.0002036925142665451,0.28716447863533634,0.42887196725435434,1.2258842239186247,1.3472047777367298,207826944,76611584,5988352,425594880,106360832,334114816,38760448,4468736,279592960,92569600,4718592,2879488,301027328,8855552,42987520,,0,914646.0002627088,74332.50913050382,0,0,0,1622394.6147847143,11,8,8,4,8,14,6,6,3,11,1,3,6,31,16,7,4,22.533,2.133,2.333,2.267,18,0.014028384279475982,0.0031625,0.0306640625,0.03295454545454545,0.0019473684210526314,0.003070588235294118,0.0062744140625,0.023224890829694325,0.0048925,0.08152877697841729,0.04659090909090909,0.004389473684210526,0.0047270588235294115,0.0093408203125
1705783214,1.5565675362522846,,0.18008778724503008,0.22056323675860748,4.528593391463983,1.5478088548852116,0.49121021060466796,0.08624874094680826,0.7253181498536805,0.8781321001306913,0.00019925670167363253,0.28716447863533634,0.42887196725435434,1.0190366925360888,1.3472047777367298,207826944,76611584,5988352,425594880,106360832,334114816,38760448,4468736,279592960,92569600,4718592,2879488,301027328,8855552,42987520,,0,914646.0002627088,74332.50913050382,0,0,0,1622394.6147847143,11,8,8,4,8,14,6,6,3,11,1,3,6,31,16,7,4,22.533,2.133,2.333,2.267,18,0.014028384279475982,0.0031625,0.0306640625,0.03295454545454545,0.0019473684210526314,0.003070588235294118,0.0062744140625,0.023224890829694325,0.0048925,0.08152877697841729,0.04659090909090909,0.004389473684210526,0.0047270588235294115,0.0093408203125
1705783215,1.5565675362522846,2.636055256108173,0.18008778724503008,0.22056323675860748,4.528593391463983,1.5478088548852116,0.49121021060466796,0.08624874094680826,0.7253181498536805,0.8781321001306913,0.00019482088908071997,0.28716447863533634,0.42887196725435434,0.9986052888041117,1.3472047777367298,207826944,76693504,5988352,425594880,106360832,334114816,38760448,4468736,279592960,92569600,4718592,2879488,301027328,8855552,42987520,2379627.537681955,0,914646.0002627088,74332.50913050382,0,0,0,1622394.6147847143,11,8,8,4,8,14,6,6,3,11,1,3,6,31,16,7,4,22.533,2.133,2.333,2.267,18,0.014028384279475982,0.0031625,0.0306640625,0.03295454545454545,0.0019473684210526314,0.003070588235294118,0.0062744140625,0.023224890829694325,0.0048925,0.08152877697841729,0.04659090909090909,0.004389473684210526,0.0047270588235294115,0.0093408203125
1705783216,1.5565675362522846,2.636055256108173,0.18008778724503008,0.22056323675860748,4.528593391463983,1.5478088548852116,0.4883605103363599,0.08624874094680826,0.7253181498536805,0.8781321001306913,0.00019038507648780738,0.28716447863533634,0.42887196725435434,0.9781738850721345,1.3472047777367298,207826944,76693504,5988352,425594880,106360832,334114816,38772736,4468736,279592960,92569600,4718592,2879488,301027328,8855552,42987520,2379627.537681955,0,866316.4358327078,74332.50913050382,0,0,0,1622394.6147847143,11,8,8,4,8,14,6,6,3,11,1,3,6,31,16,7,4,22.533,2.133,2.333,2.267,18,0.014028384279475982,0.0031645569620253164,0.0306640625,0.03295454545454545,0.0019473684210526314,0.003070588235294118,0.0062744140625,0.023224890829694325,0.004896202531645569,0.08152877697841729,0.04659090909090909,0.004389473684210526,0.0047270588235294115,0.0093408203125
1705783217,2.1138163294867485,2.636055256108173,0.18008778724503008,0.22778551654823168,4.528593391463983,1.5478088548852116,0.48959173904123654,0.08624874094680826,0.7253181498536805,0.8781321001306913,0.00018594926389489485,0.28716447863533634,0.42887196725435434,0.9577424813401575,1.3472047777367298,207855616,76693504,5988352,425590784,106360832,334114816,38772736,4468736,279592960,92569600,4718592,2879488,301027328,8855552,42987520,2379627.537681955,0,718940.4818892612,74332.50913050382,0,0,0,1622394.6147847143,12,8,8,4,8,14,6,6,3,11,1,3,6,31,16,7,4,22.533,2.133,2.333,2.267,18.467,0.014028384279475982,0.0031645569620253164,0.0306640625,0.03295454545454545,0.0019473684210526314,0.003070588235294118,0.006247680890538033,0.023224890829694325,0.004896202531645569,0.08152877697841729,0.04659090909090909,0.004389473684210526,0.0047270588235294115,0.00933116883116883
1705783218,2.1138163294867485,2.636055256108173,0.18008778724503008,0.22778551654823168,4.528593391463983,1.5478088548852116,0.48959173904123654,0.08624874094680826,0.7253181498536805,0.8781321001306913,0.0001815134513019823,0.28716447863533634,0.2842575000000025,1.1598465959917141,1.3472047777367298,207855616,76693504,5988352,425590784,106360832,334114816,38772736,4468736,279592960,92569600,4718592,2879488,301027328,8855552,42987520,2379627.537681955,0,718940.4818892612,74332.50913050382,0,0,0,1622394.6147847143,12,8,8,4,8,14,6,6,3,11,1,3,6,31,16,7,4,22.533,2.133,2,2.267,18.467,0.014028384279475982,0.0031645569620253164,0.0306640625,0.03295454545454545,0.0020793650793650793,0.003070588235294118,0.006247680890538033,0.023224890829694325,0.004896202531645569,0.08152877697841729,0.04659090909090909,0.004415873015873016,0.0047270588235294115,0.00933116883116883
1705783219,2.1138163294867485,2.636055256108173,0.18008778724503008,0.22778551654823168,4.528593391463983,1.5478088548852116,0.48959173904123654,0.08624874094680826,0.9019302930935277,0.8781321001306913,0.000137411100588648,0.2315383058843718,0.4193148984744004,1.1598465959917141,1.3472047777367298,207855616,76693504,5988352,425590784,106360832,334114816,38772736,4468736,279592960,92569600,4718592,2879488,301035520,8855552,42987520,2379627.537681955,0,718940.4818892612,55386.90375578919,0,0,0,1622394.6147847143,12,8,8,4,8,14,6,6,3,11,1,3,6,31,16,7,4,22.533,2.133,2,2.067,18.467,0.014028384279475982,0.0031645569620253164,0.0306640625,0.03295454545454545,0.0020793650793650793,0.0030681818181818184,0.006247680890538033,0.023224890829694325,0.004896202531645569,0.08152877697841729,0.04659090909090909,0.004415873015873016,0.004722727272727273,0.00933116883116883
1705783220,2.1138163294867485,2.636055256108173,0.18008778724503008,0.19844952609390618,4.528593391463983,1.5478088548852116,0.48959173904123654,0.08624874094680826,0.7538671613535612,0.8930223205308603,0.000137411100588648,0.23639505661348487,0.4958866908580313,1.1598465959917141,1.3472047777367298,207855616,76693504,5988352,425590784,106360832,334114816,38772736,4468736,279592960,92569600,4718592,2879488,301035520,8855552,42987520,2379627.537681955,0,718940.4818892612,46294.45116797944,0,0,0,1622394.6147847143,12,8,8,4,8,14,6,6,3,11,1,3,6,31,16,6.733,4,22.533,1.867,1.733,1.8,17.667,0.014028384279475982,0.0031645569620253164,0.0306640625,0.03333333333333333,0.0020793650793650793,0.003091954022988506,0.006210280373831776,0.023224890829694325,0.004896202531645569,0.08152877697841729,0.04696969696969697,0.004415873015873016,0.004765517241379311,0.009316822429906542
1705783221,2.1138163294867485,2.636055256108173,0.15666737051381388,0.23027329553713874,4.528593391463983,1.5478088548852116,0.48959173904123654,0.08624874094680826,0.7388349898020025,0.8930223205308603,0.000137411100588648,0.2412518073425979,0.49588669085803116,1.1598465959917141,1.3472047777367298,207855616,76693504,5988352,425590784,106360832,334114816,38772736,4468736,279592960,92569600,4718592,2879488,301035520,8855552,42987520,2379627.537681955,0,718940.4818892612,45371.33610538296,0,0,0,1622394.6147847143,12,8,8,4,8,14,6,6,3,11,1,3,6,31,16,6.733,4,22.533,1.867,1.733,1.8,17.667,0.014028384279475982,0.0031645569620253164,0.0306640625,0.03333333333333333,0.0020793650793650793,0.003091954022988506,0.006210280373831776,0.023224890829694325,0.004896202531645569,0.08152877697841729,0.04696969696969697,0.004415873015873016,0.004765517241379311,0.009316822429906542
1705783222,2.1138163294867485,2.636055256108173,0.1836833181166041,0.23027329553713874,4.528593391463983,1.3257283804924729,0.48959173904123654,0.08624874094680826,0.7238028182504437,0.8930223205308603,0.000137411100588648,0.24610855807171103,0.49588669085803116,1.1598465959917141,1.3472047777367298,207855616,76693504,5992448,425590784,106360832,334114816,38772736,4468736,279592960,92569600,4718592,2879488,301035520,8855552,42987520,2379627.537681955,0,718940.4818892612,44448.22104278647,0,0,0,1622394.6147847143,12,8,8,4,8,14,6,6,3,11,1,3,6,31,16,6.733,4,22.533,1.867,1.733,1.8,17.667,0.014028384279475982,0.0031645569620253164,0.0306640625,0.03333333333333333,0.0020793650793650793,0.003091954022988506,0.006210280373831776,0.023224890829694325,0.004896202531645569,0.08152877697841729,0.04696969696969697,0.004415873015873016,0.004765517241379311,0.009316822429906542
1705783223,2.1138163294867485,2.636055256108173,0.1836833181166041,0.23027329553713874,4.528593391463983,1.299931566244386,0.48959173904123654,0.08624874094680826,0.7087706466988849,0.8930223205308603,0.000137411100588648,0.25096530880082407,0.49588669085803116,1.1598465959917141,1.303733631427658,207855616,76693504,5992448,425590784,106360832,334114816,38772736,4468736,279592960,92569600,4718592,2879488,301035520,8855552,42987520,2379627.537681955,0,718940.4818892612,43525.10598018998,0,0,0,1164305.3337591824,12,8,8,4,8,14,6,6,3,11,1,3,6,31,16,9.733,4.267,24.333,1.667,1.733,1.8,18.667,0.01432572614107884,0.003143712574850299,0.031398809523809516,0.03326923076923077,0.0020793650793650793,0.003091954022988506,0.006175925925925926,0.023363070539419092,0.0048586826347305385,0.08149999999999999,0.04726923076923077,0.004415873015873016,0.004765517241379311,0.009287037037037036
1705783224,2.1138163294867485,2.636055256108173,0.1836833181166041,0.23027329553713874,4.528593391463983,1.2741347519962993,0.48959173904123654,0.08624874094680826,0.6937384751473261,0.8930223205308603,0.000137411100588648,0.291405043746784,0.49588669085803116,1.1598465959917141,1.303733631427658,207855616,76693504,5992448,425590784,106360832,334114816,38772736,4468736,279592960,92569600,4718592,2879488,301035520,8855552,42987520,2379627.537681955,0,718940.4818892612,42601.990917593495,0,0,0,1164305.3337591824,12,8,8,4,8,14,6,6,3,11,1,3,6,31,16,9.733,4.267,26.6,1.667,1.733,1.8,18.667,0.01432572614107884,0.003143712574850299,0.032153179190751446,0.03326923076923077,0.0020793650793650793,0.003091954022988506,0.006175925925925926,0.023363070539419092,0.0048586826347305385,0.08181184668989547,0.04726923076923077,0.004415873015873016,0.004765517241379311,0.009287037037037036
1705783225,2.1138163294867485,2.636055256108173,0.1836833181166041,0.23027329553713874,4.833406818221897,2.0574109242965237,0.48959173904123654,0.09079841400150197,0.6787063035957673,0.8930223205308603,0,0.291405043746784,0.49588669085803116,1.1437562576482312,1.303733631427658,207855616,76693504,5992448,425590784,98078720,333967360,38772736,4513792,279592960,92569600,4718592,2879488,301035520,8855552,42987520,2379627.537681955,0,718940.4818892612,41678.87585499701,0,0,0,1164305.3337591824,12,8,8,4,8,15,6,6,3,11,1,3,6,31,16,9.733,4.267,26.6,1.667,1.733,1.8,18.667,0.01432572614107884,0.003143712574850299,0.032153179190751446,0.03326923076923077,0.0020793650793650793,0.003091954022988506,0.006175925925925926,0.023363070539419092,0.0048586826347305385,0.08181184668989547,0.04726923076923077,0.004415873015873016,0.004765517241379311,0.009287037037037036
1705783226,2.1138163294867485,2.636055256108173,0.1836833181166041,0.23027329553713874,4.833406818221897,2.0574109242965237,0.48959173904123654,0.09079841400150197,0.6636741320442086,0.846310917506123,0,0.291405043746784,0.49588669085803116,1.143756257648231,1.303733631427658,207855616,76693504,5992448,425590784,98078720,333967360,38772736,4513792,279592960,92569600,4718592,2879488,301035520,8855552,42987520,2379627.537681955,0,718940.4818892612,40755.76079240053,0,0,0,1164305.3337591824,12,8,8,4,8,15,6,6,3,11,1,3,6,31,16,9.733,4.267,26.6,1.667,1.733,1.8,18.667,0.01432572614107884,0.003143712574850299,0.032153179190751446,0.03326923076923077,0.0020793650793650793,0.003091954022988506,0.006175925925925926,0.023363070539419092,0.0048586826347305385,0.08181184668989547,0.04726923076923077,0.004415873015873016,0.004765517241379311,0.009287037037037036
1705783227,2.1138163294867485,2.9426636727247204,0.1836833181166041,0.23027329553713874,4.8334068182218966,1.7696331664975666,0.48959173904123654,0.09079841400150197,0.6486419604926498,0.846310917506123,0,0.291405043746784,0.49588669085803116,1.143756257648231,1.303733631427658,207855616,76734464,5992448,425590784,98078720,333967360,38772736,4513792,279592960,92569600,4718592,2879488,301035520,8855552,42987520,2174799.4292798163,0,718940.4818892612,39832.64572980405,0,0,0,1164305.3337591824,12,8,8,4,8,15,6,6,3,11,1,3,6,31,16,9.733,4.267,26.6,1.667,1.733,1.8,18.667,0.01432572614107884,0.003143712574850299,0.032153179190751446,0.03326923076923077,0.0020793650793650793,0.003091954022988506,0.006175925925925926,0.023363070539419092,0.0048586826347305385,0.08181184668989547,0.04726923076923077,0.004415873015873016,0.004765517241379311,0.009287037037037036
1705783228,2.1138163294867485,2.9426636727247217,0.1836833181166041,0.23027329553713874,4.16081632483972,1.8045839356034556,0.48959173904123654,0.09130641868904511,0.6336097889410909,0.846310917506123,0,0.291405043746784,0.49588669085803116,1.143756257648231,1.303733631427658,207855616,76734464,5992448,425590784,98078720,333967360,38772736,4513792,279592960,92569600,4718592,2879488,301035520,8855552,42987520,2174799.429279817,0,718940.4818892612,38909.53066720755,0,0,0,1164305.3337591824,12,8,8,4,8,15,6,6,3,11,1,3,6,31,16,9.733,4.267,26.6,1.667,1.733,1.8,18.667,0.01432572614107884,0.003143712574850299,0.032153179190751446,0.03326923076923077,0.0020793650793650793,0.003091954022988506,0.006175925925925926,0.023363070539419092,0.0048586826347305385,0.08181184668989547,0.04726923076923077,0.004415873015873016,0.004765517241379311,0.009287037037037036
1705783229,2.1138163294867485,2.9426636727247217,0.1756297570516296,0.23027329553713874,4.244737025752846,2.0970461463533523,0.49851323223312516,0.09130641868904511,0.7986499186697998,0.846310917506123,0,0.291405043746784,0.49588669085803116,1.143756257648231,1.0796109557383151,207855616,76734464,5992448,425590784,98078720,333967360,38797312,4513792,279601152,92569600,4718592,2879488,301035520,8855552,42987520,2174799.429279817,0,952874.7092057163,29611.422374841855,0,0,0,964151.544341531,12,8,8,4,8,15,6,6,3,11,1,3,6,31,16,9.733,4.267,26.6,1.667,1.733,1.8,18.667,0.01432572614107884,0.003143712574850299,0.032153179190751446,0.03326923076923077,0.0020793650793650793,0.003091954022988506,0.006175925925925926,0.023363070539419092,0.0048586826347305385,0.08181184668989547,0.04726923076923077,0.004415873015873016,0.004765517241379311,0.009287037037037036
1705783230,2.1138163294867485,2.9426636727247217,0.1756297570516296,0.2325294354986588,4.328657726665971,2.0970461463533523,0.49851323223312516,0.09130641868904511,0.7986499186697998,0.846310917506123,0.0001229256299938487,0.291405043746784,0.49588669085803116,1.143756257648231,1.0578820618811875,207855616,76734464,5992448,425594880,98078720,333967360,38797312,4513792,279601152,92569600,4718592,2879488,301035520,8855552,42987520,2174799.429279817,0,952874.7092057163,29611.422374841855,0,0,0,944746.4554455446,12,8,8,4,8,15,6,6,3,11,1,3,6,31,16,9.733,4.267,26.6,1.667,1.733,1.8,18.667,0.01432572614107884,0.003143712574850299,0.032153179190751446,0.03326923076923077,0.0020793650793650793,0.003091954022988506,0.006175925925925926,0.023363070539419092,0.0048586826347305385,0.08181184668989547,0.04726923076923077,0.004415873015873016,0.004765517241379311,0.009287037037037036
1705783231,2.1138163294867485,2.9426636727247217,0.1756297570516296,0.2325294354986588,5.035242054787513,2.0970461463533523,0.49851323223312516,0.09130641868904511,0.7986499186697998,0.846310917506123,0.0001229256299938487,0.291405043746784,0.49588669085803116,1.143756257648231,1.3135507906939872,207855616,76734464,5992448,425594880,98078720,333967360,38797312,4513792,279601152,92569600,4718592,2879488,301035520,8855552,43061248,2174799.429279817,0,952874.7092057163,29611.422374841855,0,0,0,1663984.7806270064,12,8,8,4,8,15,6,6,3,11,1,3,6,31,16,9.733,4.4,26.6,1.667,1.733,1.8,18.667,0.01432572614107884,0.0031040462427745666,0.032153179190751446,0.03326923076923077,0.0020793650793650793,0.003091954022988506,0.006175925925925926,0.023363070539419092,0.00478728323699422,0.08181184668989547,0.04726923076923077,0.004415873015873016,0.004765517241379311,0.009287037037037036
1705783232,2.1138163294867485,2.9426636727247217,0.1756297570516296,0.2325294354986588,5.035242054787513,2.0970461463533523,0.4018058346559823,0.09130641868904511,0.7986499186697998,0.846310917506123,0.0001229256299938487,0.291405043746784,0.47829234025147727,1.143756257648231,1.3135507906939872,207855616,76734464,5992448,425594880,98078720,333967360,38797312,4513792,279601152,92569600,4718592,2879488,301031424,8855552,43061248,2174799.429279817,0,843217.3051521484,29611.422374841855,0,0,0,1663984.7806270064,12,8,8,4,8,15,6,6,3,11,1,3,6,31,16,9.733,4.4,26.6,1.667,1.733,1.8,18,0.01432572614107884,0.0031040462427745666,0.032153179190751446,0.03326923076923077,0.0020793650793650793,0.003091954022988506,0.0061797752808988755,0.023363070539419092,0.00478728323699422,0.08181184668989547,0.04726923076923077,0.004415873015873016,0.004765517241379311,0.009273408239700374
1705783233,2.1138163294867485,2.9426636727247217,0.16607341490545013,0.2325294354986588,5.035242054787513,2.0970461463533523,0.4102388955241674,0.09130641868904511,0.7986499186697998,0.846310917506123,0.0001229256299938487,0.291405043746784,0.47829234025147727,1.143756257648231,1.3135507906939872,207855616,76734464,6000640,425594880,98078720,333967360,38797312,4513792,279601152,92569600,4718592,2879488,301031424,8855552,43061248,2174799.429279817,0,860914.6660317964,29611.422374841855,0,0,0,1663984.7806270064,12,8,8,4,8,15,6,6,3,11,1,3,6,31,16,9.733,4.4,26.6,1.667,2,1.8,18,0.01432572614107884,0.0031040462427745666,0.032153179190751446,0.03326923076923077,0.0022537313432835823,0.003091954022988506,0.0061797752808988755,0.023363070539419092,0.00478728323699422,0.08181184668989547,0.04726923076923077,0.004450746268656717,0.004765517241379311,0.009273408239700374
1705783234,2.1138163294867485,2.9426636727247217,0.16607341490545013,0.2325294354986588,5.035242054787513,2.0970461463533523,0.41867195639235255,0.09130641868904511,0.8875556792873027,0.8787613498565587,0.0001229256299938487,0.2512421435923835,0.47829234025147727,1.143756257648231,1.3135507906939872,207855616,76734464,6000640,425594880,98078720,333967360,38797312,4513792,279601152,92569600,4718592,2879488,301031424,8855552,43061248,2174799.429279817,0,878612.0269114445,45612.47216035635,0,0,0,1663984.7806270064,12,8,8,4,8,15,6,6,3,11,1,3,6,31,16,9.733,4.4,26.6,1.667,2,2,18,0.01432572614107884,0.0031040462427745666,0.032153179190751446,0.03326923076923077,0.0022537313432835823,0.0030930232558139537,0.0061797752808988755,0.023363070539419092,0.00478728323699422,0.08181184668989547,0.04726923076923077,0.004450746268656717,0.0047674418604651166,0.009273408239700374
1705783235,1.953509935999748,2.9426636727247217,0.16607341490545013,0.2325294354986588,5.035242054787513,2.0970461463533523,0.4271050172605376,0.09130641868904511,0.8875556792873027,0.8787613498565587,0.0001229256299938487,0.2463853928632705,0.47829234025147727,1.1584804598559584,1.3135507906939872,207867904,76734464,6000640,425594880,98078720,333967360,38797312,4513792,279601152,92569600,4718592,2879488,301031424,8847360,43061248,2174799.429279817,0,896309.3877910924,45612.47216035635,0,0,0,1663984.7806270064,13,8,8,4,8,15,6,6,3,11,1,3,6,31,16,10,4.4,26.6,1.933,2.267,2.267,18.8,0.014307851239669421,0.0031040462427745666,0.032153179190751446,0.03314393939393939,0.0022753623188405798,0.003114942528735633,0.0061802973977695165,0.02335743801652893,0.00478728323699422,0.08181184668989547,0.047234848484848484,0.004455072463768115,0.004806896551724138,0.009273234200743495
1705783236,1.542350345195914,2.9426636727247217,0.16607341490545013,0.23323846908733925,5.035242054787513,2.0970461463533523,0.43553807812872275,0.09130641868904511,0.8875556792873027,0.8787613498565587,0.0001229256299938487,0.2860789760540113,0.516383181084256,1.1584804598559584,1.3135507906939872,207867904,76734464,6000640,425594880,98078720,333967360,38797312,4513792,279601152,92569600,4718592,2883584,301031424,8847360,43061248,2174799.429279817,0,914006.7486707403,45612.47216035635,0,0,0,1663984.7806270064,13,8,8,4,8,15,6,6,3,11,1,3,6,31,16,10,4.4,26.6,1.933,2.267,2.267,18.8,0.014307851239669421,0.0031040462427745666,0.032153179190751446,0.03314393939393939,0.0022753623188405798,0.003114942528735633,0.0061802973977695165,0.02335743801652893,0.00478728323699422,0.08181184668989547,0.047234848484848484,0.004455072463768115,0.004806896551724138,0.009273234200743495
1705783237,1.5809771836285496,2.9426636727247217,0.16607341490545013,0.23323846908733925,5.035242054787513,2.0970461463533523,0.5059836520911072,0.09130641868904511,0.8875556792873027,0.8787613498565587,0.0001229256299938487,0.2860789760540113,0.516383181084256,1.1584804598559584,1.3135507906939872,207867904,76734464,6000640,425594880,98078720,333967360,38797312,4513792,279601152,92569600,4718592,2883584,301031424,8847360,43061248,2174799.429279817,0,1061841.65277888,45612.47216035635,0,0,0,1663984.7806270064,13,8,8,4,8,15,6,6,3,11,1,3,6,31,16,10,4.4,26.6,1.933,2.267,2.267,18.8,0.014307851239669421,0.0031040462427745666,0.032153179190751446,0.03314393939393939,0.0022753623188405798,0.003114942528735633,0.0061802973977695165,0.02335743801652893,0.00478728323699422,0.08181184668989547,0.047234848484848484,0.004455072463768115,0.004806896551724138,0.009273234200743495
1705783238,1.6196040220611847,2.9426636727247217,0.16607341490545013,0.2332384690873393,4.92394499047332,2.0970461463533523,0.5059836520911072,0.09130641868904511,0.8875556792873027,0.8787613498565587,0.0001229256299938487,0.2860789760540113,0.516383181084256,1.1584804598559584,1.3135507906939872,207867904,76734464,6000640,425594880,98316288,333967360,38797312,4513792,279601152,92569600,4718592,2883584,301031424,8847360,43061248,2174799.429279817,0,1061841.65277888,45612.47216035635,0,0,0,1663984.7806270064,13,8,8,4,8,15,6,6,3,11,1,3,6,31,16,6.733,3.6,23.733,2.467,2.267,2.267,18.533,0.013716814159292035,0.00308235294117647,0.0317910447761194,0.0325,0.0022753623188405798,0.003114942528735633,0.00623400365630713,0.0232212389380531,0.004748235294117647,0.08185964912280701,0.047115384615384615,0.004455072463768115,0.004806896551724138,0.009290676416819015
1705783239,1.6582308604938196,2.9426636727247217,0.16607341490545013,0.2332384690873393,4.92394499047332,2.0970461463533523,0.5059836520911072,0.09130641868904511,0.8875556792873027,0.8787613498565587,0.0001229256299938487,0.28313513991423944,0.516383181084256,1.1584804598559584,1.3135507906939872,207867904,76734464,6000640,425594880,98316288,333967360,38797312,4513792,279601152,92569600,4718592,2883584,301031424,8847360,43061248,2174799.429279817,0,1061841.65277888,45612.47216035635,0,0,0,1663984.7806270064,13,8,8,4,8,15,6,6,3,11,1,3,6,31,16,6.733,3.6,21,2.467,2.267,2.267,18.533,0.013716814159292035,0.00308235294117647,0.031173312883435583,0.0325,0.0022753623188405798,0.003114942528735633,0.00623400365630713,0.0232212389380531,0.004748235294117647,0.0814568345323741,0.047115384615384615,0.004455072463768115,0.004806896551724138,0.009290676416819015
1705783240,1.6968576989264554,2.9426636727247217,0.14462500745507953,0.2332384690873393,4.92394499047332,1.7867240925903467,0.5059836520911072,0.09130641868904511,0.8875556792873027,0.8787613498565587,0.0001229256299938487,0.28313513991423944,0.516383181084256,1.1584804598559584,1.2855518335684033,207867904,76734464,6000640,425594880,98316288,333967360,38797312,4513792,279601152,92569600,4718592,2883584,301031424,8847360,43061248,2174799.429279817,0,1061841.65277888,45612.47216035635,0,0,0,1853502.5858015986,13,8,8,4,8,15,6,6,3,11,1,3,6,31,16,6.733,3.6,21,2.467,2.267,2.267,18.533,0.013716814159292035,0.00308235294117647,0.031173312883435583,0.0325,0.0022753623188405798,0.003114942528735633,0.00623400365630713,0.0232212389380531,0.004748235294117647,0.0814568345323741,0.047115384615384615,0.004455072463768115,0.004806896551724138,0.009290676416819015
1705783241,1.7354845373590906,2.9426636727247217,0.14749935133202507,0.2332384690873393,4.92394499047332,1.7517733234844572,0.5059836520911072,0.07598825225826834,0.8875556792873027,0.8787613498565587,0.00016168584440431582,0.28313513991423944,0.516383181084256,1.1584804598559584,1.2855518335684033,207867904,76734464,6000640,425594880,98316288,333967360,38797312,4513792,279601152,92569600,4718592,2883584,301031424,8847360,43061248,2174799.429279817,0,1061841.65277888,45612.47216035635,0,0,0,1853502.5858015986,13,8,8,4,8,15,6,6,3,11,1,3,6,31,16,6.733,3.6,21,2.467,2.267,2.267,18.533,0.013716814159292035,0.00308235294117647,0.031173312883435583,0.0325,0.0022753623188405798,0.003114942528735633,0.00623400365630713,0.0232212389380531,0.004748235294117647,0.0814568345323741,0.047115384615384615,0.004455072463768115,0.004806896551724138,0.009290676416819015
1705783242,1.7741113757917264,2.9426636727247217,0.15037369520897062,0.2332384690873393,4.92394499047332,1.8750868902699915,0.5059836520911072,0.09312321556031414,0.8875556792873027,0.8787613498565587,0.00012121456999130803,0.28313513991423944,0.516383181084256,1.119283703875881,1.2855518335684033,207867904,76734464,6000640,425594880,98316288,333963264,38797312,4509696,279601152,92569600,4718592,2883584,301031424,8847360,43061248,2174799.429279817,0,1061841.65277888,45612.47216035635,0,0,0,1853502.5858015986,13,8,8,4,8,15,6,6,3,11,1,3,6,31,16,6.733,3.6,21,2.467,2.267,2.267,18.533,0.013716814159292035,0.00308235294117647,0.031173312883435583,0.0325,0.0022753623188405798,0.003114942528735633,0.00623400365630713,0.0232212389380531,0.004748235294117647,0.0814568345323741,0.047115384615384615,0.004455072463768115,0.004806896551724138,0.009290676416819015
1705783243,1.8127382142243618,2.9426636727247217,0.17246063261673308,0.2332384690873393,4.92394499047332,1.8750868902699915,0.43647414788509137,0.09312321556031414,0.8875556792873027,0.8787613498565587,0.00012121456999130803,0.28313513991423944,0.516383181084256,1.119283703875881,1.3059496078473283,207867904,76734464,6000640,425594880,98316288,333963264,38797312,4509696,279601152,92569600,4718592,2883584,301031424,8847360,43077632,2174799.429279817,0,915971.1557283814,45612.47216035635,0,0,0,1619387.5152266365,13,8,8,4,8,15,6,6,3,11,1,3,6,31,16,6.733,3.6,21,2.467,2.267,2.267,18.533,0.013716814159292035,0.00308235294117647,0.031173312883435583,0.0325,0.0022753623188405798,0.003114942528735633,0.00623400365630713,0.0232212389380531,0.004748235294117647,0.0814568345323741,0.047115384615384615,0.004455072463768115,0.004806896551724138,0.009290676416819015
1705783244,1.8513650526569971,1.4711600000000165,0.17246063261673308,0.2332384690873393,4.92394499047332,1.947252357182475,0.4280410870169062,0.09312321556031414,0.8875556792873027,0.8787613498565587,0.00012121456999130803,0.28313513991423944,0.516383181084256,1.119283703875881,1.3059496078473283,207867904,76734464,6000640,425594880,98316288,333963264,38797312,4509696,279601152,92569600,4718592,2883584,301031424,8847360,43077632,641706.6666666666,0,898273.7948487332,45612.47216035635,0,0,0,1619387.5152266365,13,8,8,4,8,15,6,6,3,11,1,3,6,31,16,6.733,3.6,21,2.467,2.267,2.267,18.533,0.013716814159292035,0.00308235294117647,0.031173312883435583,0.0325,0.0022753623188405798,0.003114942528735633,0.00623400365630713,0.0232212389380531,0.004748235294117647,0.0814568345323741,0.047115384615384615,0.004455072463768115,0.004806896551724138,0.009290676416819015
1705783245,1.8899918910896325,1.7465033579573845,0.17246063261673308,0.200158775324391,4.874761336515519,1.947252357182475,0.41960802614872117,0.09312321556031414,0.8321620631830512,0.7157913960200356,0.00012121456999130803,0.28313513991423944,0.516383181084256,1.119283703875881,1.3059496078473283,207867904,76759040,6000640,425594880,98316288,333963264,38797312,4509696,279621632,92569600,4718592,2883584,301031424,8847360,43077632,844174.0991065977,0,880576.4339690853,63159.923671478966,0,0,0,1619387.5152266365,13,8,8,4,8,15,6,6,3,11,1,3,6,31,16,6.733,3.6,21,2.467,2.267,2.267,18.533,0.013716814159292035,0.00308235294117647,0.031173312883435583,0.0325,0.0022753623188405798,0.003114942528735633,0.00623400365630713,0.0232212389380531,0.004748235294117647,0.0814568345323741,0.047115384615384615,0.004455072463768115,0.004806896551724138,0.009290676416819015
1705783246,1.9286187295222679,1.7925867606542383,0.1505317841222026,0.19627146750626867,4.874761336515519,1.947252357182475,0.411174965280536,0.09312321556031414,0.8321620631830512,0.7011453735224265,0.00012121456999130803,0.28313513991423944,0.516383181084256,1.119283703875881,1.3059496078473283,207867904,76759040,6000640,425594880,98316288,333963264,38797312,4509696,279621632,92569600,4718592,2883584,301031424,8847360,43077632,866448.5566838689,0,862879.0730894372,63159.923671478966,0,0,0,1619387.5152266365,13,8,8,4,8,15,6,6,3,11,1,3,6,31,16,6.733,3.333,21,2.467,2.267,2.267,18.533,0.013716814159292035,0.003095808383233533,0.031173312883435583,0.0325,0.0022753623188405798,0.003114942528735633,0.00623400365630713,0.0232212389380531,0.004772455089820358,0.0814568345323741,0.047115384615384615,0.004455072463768115,0.004806896551724138,0.009290676416819015
1705783247,1.7178190894583591,1.8386701633510922,0.1476574402452571,0.19238415968814637,4.874761336515519,1.947252357182475,0.49824539460753614,0.09312321556031414,0.8321620631830512,0.686499351024817,0.00012121456999130803,0.28313513991423944,0.5216194494675502,1.150385038503889,1.3059496078473283,207904768,76759040,6000640,425594880,98316288,333963264,38809600,4509696,279621632,92569600,4718592,2883584,301027328,8851456,43077632,888723.0142611397,0,1002647.9889935139,63159.923671478966,0,0,0,1619387.5152266365,12,8,8,4,8,15,6,6,3,11,1,3,6,31,16,6.733,3.333,21,2.467,2.267,2.267,19.4,0.013716814159292035,0.003095808383233533,0.031173312883435583,0.0325,0.0022753623188405798,0.003114942528735633,0.006290322580645161,0.0232212389380531,0.004772455089820358,0.0814568345323741,0.047115384615384615,0.004455072463768115,0.004806896551724138,0.009308243727598567
1705783248,1.751991623016981,1.8847535660479457,0.17296964965355768,0.18849685187002402,4.874761336515519,1.947252357182475,0.49824539460753614,0.09312321556031414,0.8321620631830512,0.6718533285272077,0.00012121456999130803,0.28313513991423944,0.5216194494675502,1.150385038503889,1.3059496078473283,207904768,76759040,5988352,425594880,98316288,333963264,38809600,4509696,279621632,92569600,4718592,2883584,301027328,8851456,43077632,910997.4718384108,0,1002647.9889935139,63159.923671478966,0,0,0,1619387.5152266365,12,8,8,4,8,15,6,6,3,11,1,3,6,31,16,6.733,3.333,21,2.467,2.2,2.267,19.4,0.013716814159292035,0.003095808383233533,0.031173312883435583,0.0325,0.002333333333333333,0.003114942528735633,0.006290322580645161,0.0232212389380531,0.004772455089820359,0.0814568345323741,0.047115384615384615,0.0044666666666666665,0.004806896551724138,0.009308243727598567
1705783249,2.0503520135173083,1.9308369687448,0.17296964965355768,0.2376350752878673,4.874761336515519,1.947252357182475,0.49824539460753614,0.09312321556031414,0.8321620631830512,0.6572073060295984,0.00012121456999130803,0.28313513991423944,0.5216194494675502,1.150385038503889,1.3059496078473283,207904768,76759040,5988352,425590784,98316288,333963264,38809600,4509696,279621632,92569600,4718592,2883584,301027328,8851456,43077632,933271.9294156819,0,1002647.9889935139,63159.923671478966,0,0,0,1619387.5152266365,12,8,8,4,8,15,6,6,3,11,1,3,6,31,16,6.733,3.333,21,2.467,2.2,2.133,19.4,0.013716814159292035,0.003095808383233533,0.031173312883435583,0.0325,0.002333333333333333,0.003112359550561798,0.006290322580645161,0.0232212389380531,0.004772455089820359,0.0814568345323741,0.047115384615384615,0.0044666666666666665,0.004802247191011236,0.009308243727598567
1705783250,2.0503520135173083,1.9769203714416534,0.17296964965355768,0.2376350752878673,4.874761336515519,1.947252357182475,0.49824539460753614,0.09312321556031414,0.8321620631830512,0.9265189643542766,0.00012121456999130803,0.244675136808505,0.5216194494675502,1.150385038503889,1.3059496078473283,207904768,76759040,5988352,425590784,98316288,333963264,38809600,4509696,279621632,92569600,4718592,2883584,301027328,8851456,43077632,955546.3869929528,0,1002647.9889935139,63159.923671478966,0,0,0,1619387.5152266365,12,8,8,4,8,15,6,6,3,11,1,3,6,31,16,6.733,3.333,21,2.467,2.2,2.133,19.4,0.013766519823788547,0.003095808383233533,0.031173312883435583,0.03276515151515152,0.002333333333333333,0.0030659340659340657,0.0062658227848101265,0.02322907488986784,0.004772455089820359,0.0814568345323741,0.04715909090909091,0.0044666666666666665,0.004718681318681318,0.00931103074141049
1705783251,2.0503520135173083,2.0230037741385076,0.17296964965355768,0.2376350752878673,4.874761336515519,1.947252357182475,0.49473838256484,0.09312321556031414,0.8321620631830512,0.9265189643542766,0.00012121456999130803,0.24710600057296053,0.5216194494675502,1.150385038503889,1.3059496078473283,207904768,76759040,5988352,425590784,98316288,333963264,38809600,4509696,279621632,92569600,4718592,2883584,301027328,8851456,43077632,977820.8445702237,0,1078962.5360230547,63159.923671478966,0,0,0,1619387.5152266365,12,8,8,4,8,15,6,6,3,11,1,3,6,31,16,6.733,3.333,21,2.467,2.2,2.133,19.4,0.013766519823788547,0.003095808383233533,0.031173312883435583,0.03276515151515152,0.002333333333333333,0.0030659340659340657,0.0062658227848101265,0.02322907488986784,0.004772455089820359,0.0814568345323741,0.04715909090909091,0.0044666666666666665,0.004718681318681318,0.00931103074141049
1705783252,2.0503520135173083,2.069087176835361,0.17296964965355768,0.2376350752878673,4.820471894517675,1.947252357182475,0.49473838256484,0.09312321556031414,0.8321620631830512,0.8934390309953442,0.00016991257995734916,0.24227326943090183,0.5216194494675502,1.150385038503889,1.3059496078473283,207904768,76759040,5988352,425590784,98754560,333963264,38809600,4509696,279621632,92569600,4718592,2883584,301027328,8851456,43077632,1000095.3021474946,0,1078962.5360230547,63159.923671478966,0,0,0,1619387.5152266365,12,8,8,4,9,15,6,6,3,11,1,3,6,31,16,6.733,3.333,21,2.467,2.2,2.133,19.4,0.013766519823788547,0.003095808383233533,0.031173312883435583,0.03276515151515152,0.002333333333333333,0.0030659340659340657,0.0062658227848101265,0.02322907488986784,0.004772455089820359,0.0814568345323741,0.04715909090909091,0.0044666666666666665,0.004718681318681318,0.00931103074141049
1705783253,2.0503520135173083,2.1151705795322147,0.17296964965355768,0.2376350752878673,4.820471894517675,1.947252357182475,0.49473838256484,0.09312321556031414,0.6905226564373137,0.8934390309953442,0.00017417697228144278,0.2374405382888431,0.5216194494675502,1.150385038503889,1.3059496078473283,207904768,76759040,5988352,425590784,98754560,333963264,38809600,4509696,279621632,92569600,4718592,2883584,301027328,8851456,43077632,1022369.7597247658,0,1078962.5360230547,39280.748022057065,0,0,0,1619387.5152266365,12,8,8,4,9,15,6,6,3,11,1,3,6,31,16,8.133,4,22.933,2.067,2.2,2.133,18.933,0.01375,0.003069767441860465,0.03106398809523809,0.032421875,0.002333333333333333,0.0030659340659340657,0.0062362132352941175,0.023323913043478264,0.004725581395348837,0.0810363636363636,0.047109375,0.0044666666666666665,0.004718681318681318,0.009313419117647059
1705783254,2.0503520135173083,2.161253982229068,0.17296964965355768,0.2376350752878673,4.820471894517675,1.7941949597479956,0.49473838256484,0.09312321556031414,0.6905226564373137,0.8934390309953442,0.00017844136460553643,0.2326078071467844,0.5216194494675502,1.150385038503889,1.3059496078473283,207904768,76759040,5988352,425590784,98754560,333971456,38809600,4509696,279621632,92569600,4718592,2883584,301027328,8851456,43077632,1044644.2173020367,0,1078962.5360230547,39280.748022057065,0,0,0,1619387.5152266365,12,8,8,4,9,14,6,6,3,11,1,3,6,31,16,8.133,4,24.267,2.067,2.2,2.133,18.933,0.01375,0.003069767441860465,0.031122448979591835,0.032421875,0.002333333333333333,0.0030659340659340657,0.0062362132352941175,0.023323913043478264,0.004725581395348837,0.08087272727272728,0.047109375,0.0044666666666666665,0.004718681318681318,0.009313419117647059
1705783255,2.0503520135173083,2.207337384925922,0.17296964965355768,0.2376350752878673,4.820471894517675,1.7941949597479956,0.49473838256484,0.09312321556031414,0.6905226564373137,0.8934390309953442,0.00014999999999999392,0.22777507600472569,0.5216194494675502,1.150385038503889,1.3059496078473283,207904768,76759040,5988352,425590784,98754560,333971456,38809600,4509696,279621632,92569600,4718592,2883584,301027328,8851456,43077632,1066918.6748793076,0,1078962.5360230547,39280.748022057065,0,0,0,1619387.5152266365,12,8,8,4,9,14,6,6,3,11,1,3,6,31,16,8.133,4,24.267,2.067,2.2,2.133,18.933,0.01375,0.003069767441860465,0.031122448979591835,0.032421875,0.002333333333333333,0.0030659340659340657,0.0062362132352941175,0.023323913043478264,0.004725581395348837,0.08087272727272728,0.047109375,0.0044666666666666665,0.004718681318681318,0.009313419117647059
1705783256,2.0503520135173083,2.253420787622776,0.16897647964632556,0.2376350752878673,4.820471894517675,1.7941949597479956,0.49473838256484,0.09312321556031414,0.6905226564373137,0.8934390309953442,0.00014999999999999392,0.222942344862667,0.5216194494675502,1.150385038503889,1.3418951524457159,207904768,76759040,5988352,425590784,98754560,333971456,38809600,4509696,279621632,92569600,4718592,2883584,301027328,8851456,43077632,1089193.1324565788,0,1078962.5360230547,39280.748022057065,0,0,0,1886729.5459530596,12,8,8,4,9,14,6,6,3,11,1,3,6,31,16,8.133,4,24.267,2.067,2.2,2.133,18.933,0.01375,0.003069767441860465,0.031122448979591835,0.032421875,0.002333333333333333,0.0030659340659340657,0.0062362132352941175,0.023323913043478264,0.004725581395348837,0.08087272727272728,0.047109375,0.0044666666666666665,0.004718681318681318,0.009313419117647059
1705783257,2.0503520135173083,2.299504190319629,0.16897647964632556,0.2376350752878673,4.820471894517675,2.014031574237796,0.49473838256484,0.10087054550009367,0.6905226564373137,0.8934390309953442,0.00014999999999999392,0.21810961372060828,0.5216194494675502,0.9572075521620513,1.3418951524457159,207904768,76759040,5988352,425590784,98754560,333971456,38809600,4509696,279621632,92569600,4718592,2883584,301027328,8851456,43077632,1111467.5900338495,0,1078962.5360230547,39280.748022057065,0,0,0,1886729.5459530596,12,8,8,4,9,14,6,6,3,11,1,3,6,31,16,8.133,4,24.267,2.067,2.2,2.133,18.933,0.01375,0.003069767441860465,0.031122448979591835,0.032421875,0.002333333333333333,0.0030659340659340657,0.0062362132352941175,0.023323913043478264,0.004725581395348837,0.08087272727272728,0.047109375,0.0044666666666666665,0.004718681318681318,0.009313419117647059
1705783258,2.0503520135173083,2.3455875930164836,0.16897647964632556,0.2376350752878673,5.028745283254592,2.014031574237796,0.49473838256484,0.10087054550009367,0.6905226564373137,0.8934390309953442,0.00014999999999999392,0.21327688257854957,0.5216194494675502,0.8730481230783248,1.3418951524457159,207904768,76759040,5988352,425590784,98754560,333971456,38809600,4509696,279621632,92569600,4718592,2883584,301027328,8851456,43077632,1133742.0476111206,0,1078962.5360230547,39280.748022057065,0,0,0,1886729.5459530596,12,8,8,4,9,14,6,6,3,11,1,3,6,31,16,8.133,4,24.267,2.067,2.2,2.133,18.933,0.01375,0.003069767441860465,0.031122448979591835,0.032421875,0.002333333333333333,0.0030659340659340657,0.0062362132352941175,0.023323913043478264,0.004725581395348837,0.08087272727272728,0.047109375,0.0044666666666666665,0.004718681318681318,0.009313419117647059
1705783259,2.0503520135173083,2.7650041618112233,0.16897647964632556,0.2376350752878673,5.028745283254592,2.014031574237796,0.49473838256484,0.08407475908644889,0.6905226564373137,0.8934390309953442,0.00014999999999999392,0.20844415143649087,0.5216194494675502,0.8913970513416478,1.3418951524457159,207904768,76759040,5988352,425590784,98754560,333971456,38809600,4509696,279621632,92569600,4718592,2883584,301027328,8851456,43077632,1336467.4546362578,0,1078962.5360230547,39280.748022057065,0,0,0,1886729.5459530596,12,8,8,4,9,14,6,6,3,11,1,3,6,31,16,8.133,4,24.267,2.067,2.2,2.133,18.933,0.01375,0.003069767441860465,0.031122448979591835,0.032421875,0.002333333333333333,0.0030659340659340657,0.0062362132352941175,0.023323913043478264,0.004725581395348837,0.08087272727272728,0.047109375,0.0044666666666666665,0.004718681318681318,0.009313419117647059
1705783260,2.0503520135173083,2.7650041618112233,0.16897647964632556,0.2376350752878673,5.028745283254592,2.014031574237796,0.49473838256484,0.09068669103843457,0.6905226564373137,0.8934390309953442,0.00011830323278296457,0.20361142029443213,0.5216194494675502,0.9097459796049707,1.3418951524457159,207904768,76759040,5988352,425590784,98754560,333971456,38809600,4513792,279621632,92569600,4718592,2883584,301027328,8851456,43077632,1336467.4546362578,0,1078962.5360230547,39280.748022057065,0,0,0,1886729.5459530596,12,8,8,4,9,14,6,6,3,11,1,3,6,31,16,8.133,4,24.267,2.067,2.2,2.133,18.933,0.01375,0.003069767441860465,0.031122448979591835,0.032421875,0.002333333333333333,0.0030659340659340657,0.0062362132352941175,0.023323913043478264,0.004725581395348837,0.08087272727272728,0.047109375,0.0044666666666666665,0.004718681318681318,0.009313419117647059
1705783261,2.264020742628559,2.7650041618112233,0.16897647964632556,0.2376350752878673,5.028745283254592,2.014031574237796,0.49473838256484,0.09068669103843457,0.6905226564373137,0.8410625132525009,0.00012072418857631169,0.28783695550788224,0.5216194494675502,0.9280949078682937,1.2817131935831494,207900672,76759040,5988352,425590784,98754560,333971456,38809600,4513792,279621632,92573696,4718592,2883584,301027328,8851456,43155456,1336467.4546362578,0,1078962.5360230547,39280.748022057065,0,0,0,1682272.329870077,12,8,8,4,9,14,6,6,3,11,1,3,6,31,16,8.133,4.6,24.267,2.067,2.2,2.133,18.933,0.01375,0.003077348066298342,0.031122448979591835,0.032421875,0.002333333333333333,0.0030659340659340657,0.0062362132352941175,0.023323913043478264,0.004739226519337016,0.08087272727272728,0.047109375,0.0044666666666666665,0.004718681318681318,0.009313419117647059
1705783262,2.264020742628559,2.311255458007327,0.14564505221915916,0.2376350752878673,5.028745283254592,2.014031574237796,0.49473838256484,0.09068669103843457,0.6905226564373137,0.8410625132525009,0.00012314514436965882,0.28783695550788224,0.3388349999999819,0.9464438361316165,1.2817131935831494,207900672,76759040,5988352,425590784,98754560,333971456,38809600,4513792,279621632,92573696,4718592,2883584,301027328,8851456,43155456,1117147.5767160533,0,1078962.5360230547,39280.748022057065,0,0,0,1682272.329870077,12,8,8,4,9,14,6,6,3,11,1,3,6,31,16,8.133,4.6,24.267,2.067,2.2,2.133,15.4,0.01375,0.003077348066298342,0.031122448979591835,0.032421875,0.002333333333333333,0.0030659340659340657,0.006235177865612648,0.023323913043478264,0.004739226519337016,0.08087272727272728,0.047109375,0.0044666666666666665,0.004718681318681318,0.00931818181818182
1705783263,2.264020742628559,2.2651720553104733,0.14282877755838708,0.23198950230823168,5.028745283254592,2.014031574237796,0.4815578585214373,0.09068669103843457,0.37641333333333193,0.8410625132525009,0.0001452573476008269,0.28783695550788224,0.4044265294180585,1.1009356957993743,1.2817131935831494,207900672,76759040,5988352,425590784,98754560,333971456,38821888,4513792,279621632,92573696,4718592,2883584,301027328,8851456,43155456,1094873.1191387824,0,893647.7301334229,54613.333333333336,0,0,0,1682272.329870077,12,8,8,4,9,14,6,6,3,11,1,3,6,31,16,8.133,4.6,24.267,2.067,1.8,2.133,15.4,0.01375,0.003077348066298342,0.031122448979591835,0.032421875,0.0024492753623188406,0.0030659340659340657,0.006235177865612648,0.023323913043478264,0.004739226519337016,0.08087272727272728,0.047109375,0.0044898550724637686,0.004718681318681318,0.00931818181818182
1705783264,1.9443033906475993,2.6978375701551776,0.14001250289761497,0.23198950230823168,5.028745283254592,2.014031574237796,0.4815578585214373,0.09068669103843457,0.37641333333333193,0.8410625132525009,0.0001452573476008269,0.28783695550788224,0.3963422834800445,1.1009356957993743,1.2817131935831494,207900672,76935168,5988352,425590784,98754560,333971456,38821888,4513792,279621632,92573696,4718592,2883584,301027328,8851456,43155456,1910069.3298118194,0,893647.7301334229,54613.333333333336,0,0,0,1682272.329870077,12,8,8,4,9,14,6,6,3,11,1,3,6,31,16,8.133,4.6,24.267,2.067,1.8,1.867,15.4,0.01375,0.003077348066298342,0.031122448979591835,0.032421875,0.0024492753623188406,0.0030697674418604646,0.006235177865612648,0.023323913043478264,0.004739226519337016,0.08087272727272728,0.047109375,0.0044898550724637686,0.004725581395348837,0.00931818181818182
1705783265,1.9443033906475993,2.6978375701551776,0.1757711624350488,0.23198950230823168,5.028745283254592,2.014031574237796,0.4815578585214373,0.09068669103843457,0.37641333333333193,0.8410625132525009,0.0001452573476008269,0.28783695550788224,0.38825803754203053,1.1009356957993743,1.2817131935831494,207900672,76935168,5988352,425590784,98754560,333971456,38821888,4513792,279621632,92573696,4718592,2883584,301027328,8851456,43155456,1910069.3298118194,0,893647.7301334229,54613.333333333336,0,0,0,1682272.329870077,12,8,8,4,9,14,6,6,3,11,1,3,6,31,16,7.667,4.6,24.267,1.6,1.333,1.4,14,0.01394396551724138,0.003077348066298342,0.031122448979591835,0.03145833333333334,0.0024242424242424242,0.0030476190476190477,0.0062098393574297195,0.02335775862068966,0.004739226519337016,0.08087272727272728,0.04662500000000001,0.004484848484848486,0.004685714285714287,0.009306224899598394
1705783266,1.9443033906475993,2.6978375701551776,0.1757711624350488,0.19323758919349412,4.33523940248309,2.014031574237796,0.4815578585214373,0.09068669103843457,0.37641333333333193,0.8410625132525009,0.0001452573476008269,0.28783695550788224,0.4223027341281307,1.1009356957993743,1.2817131935831494,207900672,76935168,5988352,425590784,98754560,333971456,38821888,4513792,279621632,92573696,4718592,2883584,301027328,8851456,43155456,1910069.3298118194,0,893647.7301334229,54613.333333333336,0,0,0,1682272.329870077,12,8,8,4,9,14,6,6,3,11,1,3,6,31,16,7.667,4.6,24.267,1.6,1.333,1.4,14,0.01394396551724138,0.003077348066298342,0.031122448979591835,0.03145833333333334,0.0024242424242424242,0.0030476190476190477,0.0062098393574297195,0.02335775862068966,0.004739226519337016,0.08087272727272728,0.04662500000000001,0.004484848484848486,0.004685714285714287,0.009306224899598394
1705783267,1.9443033906475993,2.6978375701551776,0.16972819453572438,0.18937109748835693,4.2514269810955145,1.08273357804546,0.4815578585214373,0.09068669103843457,0.37641333333333193,0.8410625132525009,0.0001452573476008269,0.2803997765525949,0.4223027341281307,1.1009356957993743,1.2817131935831494,207900672,76935168,5988352,425590784,98754560,333971456,38821888,4513792,279621632,92573696,4718592,2883584,301027328,8851456,43155456,1910069.3298118194,0,893647.7301334229,54613.333333333336,0,0,0,1682272.329870077,12,8,8,4,9,14,6,6,3,11,1,3,6,31,16,7.667,4.6,24.267,1.6,1.333,1.4,14,0.01394396551724138,0.003077348066298342,0.031122448979591835,0.03145833333333334,0.0024242424242424242,0.0030476190476190477,0.0062098393574297195,0.02335775862068966,0.004739226519337016,0.08087272727272728,0.04662500000000001,0.004484848484848486,0.004685714285714287,0.009306224899598394
1705783268,1.9443033906475993,2.6978375701551776,0.16972819453572438,0.2295258071471992,4.167614559707937,1.1043559241988699,0.4815578585214373,0.09068669103843459,0.37641333333333193,0.8410625132525009,0.0001452573476008269,0.2803997765525949,0.4223027341281307,1.1009356957993743,1.2817131935831494,207900672,76935168,5988352,425590784,98754560,333971456,38821888,4513792,279621632,92573696,4718592,2883584,301027328,8851456,43155456,1910069.3298118194,0,893647.7301334229,54613.333333333336,0,0,0,1682272.329870077,12,8,8,4,9,14,6,6,3,11,1,3,6,31,16,6.667,4.067,23.6,1.533,1.333,1.4,13.4,0.012709424083769634,0.0030800000000000003,0.029892966360856272,0.03125,0.0024242424242424242,0.0030476190476190477,0.00626278118609407,0.02304450261780105,0.004744000000000001,0.08044943820224719,0.04625,0.004484848484848486,0.004685714285714287,0.009326175869120655
1705783269,1.9443033906475993,2.6978375701551776,0.16972819453572438,0.2295258071471992,4.083802138320361,1.5491397703028074,0.4815578585214373,0.09068669103843459,0.37641333333333193,0.8846991436511062,0.0001452573476008269,0.2803997765525949,0.4223027341281307,1.1443636647905275,1.2817131935831494,207900672,76935168,5988352,425590784,98754560,334188544,38821888,4513792,279621632,92573696,4718592,2883584,301027328,8880128,43155456,1910069.3298118194,0,893647.7301334229,54613.333333333336,0,0,0,1682272.329870077,12,8,8,4,9,18,6,6,3,11,1,3,6,31,16,6.667,4.067,23.467,1.533,1.333,1.4,13.4,0.012709424083769634,0.0030800000000000003,0.028627760252365932,0.03125,0.0024242424242424242,0.0030476190476190477,0.00626278118609407,0.02304450261780105,0.004744000000000001,0.07996124031007752,0.04625,0.004484848484848486,0.004685714285714287,0.009326175869120655
1705783270,1.9443033906475993,2.6978375701551776,0.16972819453572438,0.2295258071471992,3.9999897169327845,1.5491397703028074,0.4815578585214373,0.08522480885541493,0.37641333333333193,0.8846991436511062,0.0001452573476008269,0.2803997765525949,0.4223027341281307,1.1443636647905275,1.2817131935831494,207900672,76935168,5988352,425590784,98754560,334188544,38821888,4513792,279621632,92573696,4718592,2883584,301027328,8880128,43155456,1910069.3298118194,0,893647.7301334229,54613.333333333336,0,0,0,1682272.329870077,12,8,8,4,9,18,6,6,3,11,1,3,6,31,16,6.667,4.067,23.467,1.533,1.333,1.4,13.4,0.012709424083769634,0.0030800000000000003,0.028627760252365932,0.03125,0.0024242424242424242,0.0030476190476190477,0.00626278118609407,0.02304450261780105,0.004744000000000001,0.07996124031007752,0.04625,0.004484848484848486,0.004685714285714287,0.009326175869120655
1705783271,1.8508448228000507,2.6978375701551776,0.16972819453572438,0.2295258071471992,3.9161772955452077,1.5491397703028074,0.4815578585214373,0.08522480885541493,0.48871119624918885,0.8846991436511062,0.00011510791366906005,0.2803997765525949,0.4223027341281307,1.1443636647905275,1.0113185588780493,208199680,76935168,5988352,425590784,98754560,334188544,38821888,4513792,279621632,92573696,4718592,2883584,301027328,8880128,43155456,1910069.3298118194,0,893647.7301334229,70906.48789758369,0,0,0,948110.476063623,13,8,8,4,9,18,6,6,3,11,1,3,6,31,16,6.667,4.067,23.467,1.533,1.333,1.4,13.4,0.012709424083769634,0.0030800000000000003,0.028627760252365932,0.03125,0.0024242424242424242,0.0030476190476190477,0.00626278118609407,0.02304450261780105,0.004744000000000001,0.07996124031007752,0.04625,0.004484848484848486,0.004685714285714287,0.009326175869120655
1705783272,1.8508448228000507,2.6978375701551776,0.16972819453572438,0.2295258071471992,4.337693169566427,1.5491397703028074,0.4815578585214373,0.08522480885541493,0.47691953741411186,0.8846991436511062,0.00011510791366906005,0.2779336614433064,0.4223027341281307,1.1443636647905275,1.032171455329494,208199680,76935168,5988352,425590784,102973440,334188544,38821888,4513792,279621632,92573696,4718592,2887680,301027328,8880128,43155456,1910069.3298118194,0,893647.7301334229,69195.6510661404,0,0,0,967660.0526123006,13,8,8,4,7,18,6,6,3,11,1,3,6,31,16,6.667,4.067,23.467,1.533,1.333,1.4,13.4,0.012709424083769634,0.0030800000000000003,0.028627760252365932,0.03125,0.0024242424242424242,0.0030476190476190477,0.00626278118609407,0.02304450261780105,0.004744000000000001,0.07996124031007752,0.04625,0.004484848484848486,0.004685714285714287,0.009326175869120655
1705783273,1.8508448228000507,2.6978375701551776,0.16972819453572438,0.2295258071471992,4.337693169566427,1.5491397703028074,0.4815578585214373,0.08522480885541493,0.4651278785790347,0.8846991436511062,0.00011510791366906005,0.2779336614433064,0.4223027341281307,1.1443636647905275,1.0530243517809386,208199680,76935168,5988352,425590784,102973440,334188544,38821888,4513792,279621632,92573696,4718592,2887680,301027328,8880128,43155456,1910069.3298118194,0,893647.7301334229,67484.81423469709,0,0,0,987209.629160978,13,8,8,4,7,18,6,6,3,11,1,3,6,31,16,6.667,4.067,23.467,1.533,1.333,1.4,13.4,0.012709424083769634,0.0030800000000000003,0.028627760252365932,0.03125,0.0024242424242424242,0.0030476190476190477,0.00626278118609407,0.02304450261780105,0.004744000000000001,0.07996124031007752,0.04625,0.004484848484848486,0.004685714285714287,0.009326175869120655
1705783274,1.8508448228000507,2.6978375701551776,0.16972819453572438,0.2295258071471992,4.337693169566427,1.5491397703028074,0.4815578585214373,0.08969040438234768,0.4533362197439575,0.8846991436511062,0.00011510791366906005,0.2779336614433064,0.4223027341281307,1.1443636647905275,1.2511737870866786,208199680,76935168,5988352,425590784,102973440,334188544,38821888,4509696,279621632,92573696,4718592,2887680,301027328,8880128,43155456,1910069.3298118194,0,893647.7301334229,65773.97740325377,0,0,0,1172974.5929206489,13,8,8,4,7,18,6,6,3,11,1,3,6,31,16,6.667,4.067,23.467,1.533,1.333,1.4,13.4,0.012709424083769634,0.0030800000000000003,0.028627760252365932,0.03125,0.0024242424242424242,0.0030476190476190477,0.00626278118609407,0.02304450261780105,0.004744000000000001,0.07996124031007752,0.04625,0.004484848484848486,0.004685714285714287,0.009326175869120655
1705783275,1.8508448228000507,2.3604185970458396,0.16972819453572438,0.2295258071471992,4.337693169566427,1.5491397703028074,0.4815578585214373,0.08969040438234768,0.4569078803276573,0.8846991436511062,0.00011510791366906005,0.2779336614433064,0.4223027341281307,1.1443636647905275,1.2511737870866786,208199680,76935168,5988352,425590784,102973440,334188544,38821888,4509696,279621632,92573696,4718592,2887680,301027328,8880128,43155456,1998103.232136044,0,893647.7301334229,71768.36479915897,0,0,0,1172974.5929206489,13,8,8,4,7,18,6,6,3,11,1,3,6,31,16,6.667,4.067,23.467,1.533,1.333,1.4,13.4,0.012709424083769634,0.0030800000000000003,0.028627760252365932,0.03125,0.0024242424242424242,0.0030476190476190477,0.00626278118609407,0.02304450261780105,0.004744000000000001,0.07996124031007752,0.04625,0.004484848484848486,0.004685714285714287,0.009326175869120655
1705783276,1.8508448228000507,2.3604185970458396,0.16972819453572438,0.2295258071471992,4.337693169566427,1.5491397703028074,0.463606471512538,0.08969040438234768,0.4569078803276573,0.8846991436511062,0.00011510791366906005,0.2779336614433064,0.4223027341281307,1.1443636647905275,1.2511737870866786,208199680,76935168,5988352,425590784,102973440,334188544,38821888,4509696,279621632,92573696,4718592,2887680,301027328,8880128,43155456,1998103.232136044,0,572100.3317232148,71768.36479915897,0,0,0,1172974.5929206489,13,8,8,4,7,18,6,6,3,11,1,3,6,31,16,6.667,3.067,23.467,1.533,1.333,1.4,13.4,0.012709424083769634,0.0030869565217391307,0.028627760252365932,0.03125,0.0024242424242424242,0.0030476190476190477,0.00626278118609407,0.02304450261780105,0.004756521739130435,0.07996124031007752,0.04625,0.004484848484848486,0.004685714285714287,0.009326175869120655
1705783277,1.5906010801524082,2.3604185970458396,0.16972819453572438,0.22600566722279786,4.337693169566427,1.5491397703028074,0.463606471512538,0.08969040438234768,0.4569078803276573,0.8846991436511062,0.00011510791366906005,0.2779336614433064,0.4223027341281307,1.1443636647905275,1.0540878494999624,208199680,76935168,5988352,425590784,102973440,334188544,38821888,4509696,279621632,92573696,4718592,2887680,301027328,8880128,43155456,1998103.232136044,0,572100.3317232148,71768.36479915897,0,0,0,988206.6575649605,13,8,8,4,7,18,6,6,3,11,1,3,6,31,16,6.667,3.067,23.467,1.533,1.333,1.4,17.4,0.012709424083769634,0.0030869565217391307,0.028627760252365932,0.03125,0.0024242424242424242,0.0030476190476190477,0.006308823529411764,0.02304450261780105,0.004756521739130435,0.07996124031007752,0.04625,0.004484848484848486,0.004685714285714287,0.009355882352941177
1705783278,1.6236665016670027,2.3604185970458396,0.16972819453572438,0.22600566722279786,4.337693169566427,1.5491397703028074,0.463606471512538,0.08969040438234768,0.4569078803276573,0.8846991436511062,0.00011510791366906005,0.2779336614433064,0.4223027341281307,0.9127625153207477,1.0332349530485176,208199680,76935168,5988352,425590784,102973440,334188544,38821888,4509696,279621632,92573696,4718592,2887680,301027328,8880128,43155456,1998103.232136044,0,572100.3317232148,71768.36479915897,0,0,0,968657.0810162831,13,8,8,4,7,18,6,6,3,11,1,3,6,31,16,6.667,3.067,23.467,1.533,1.8,1.4,17.4,0.012709424083769634,0.0030869565217391303,0.028627760252365932,0.03125,0.002313432835820896,0.0030476190476190477,0.006308823529411764,0.02304450261780105,0.0047565217391304345,0.07996124031007752,0.04625,0.004462686567164179,0.004685714285714287,0.009355882352941177
1705783279,1.6567319231815976,2.3604185970458396,0.16972819453572438,0.22600566722279786,4.337693169566427,1.5491397703028074,0.463606471512538,0.08969040438234768,0.4569078803276573,0.8846991436511062,0,0.28027113323952696,0.4221525323910296,0.9314485408012395,1.27270813318889,208199680,76935168,5988352,425590784,102973440,334188544,38821888,4509696,279621632,92573696,4718592,2887680,301027328,8880128,43175936,1998103.232136044,0,572100.3317232148,71768.36479915897,0,0,0,1088404.2270506716,13,8,8,4,7,18,6,6,3,11,1,3,6,31,16,6.667,3.067,23.467,1.533,1.8,1.733,17.4,0.012709424083769634,0.0030869565217391303,0.028627760252365932,0.03125,0.002313432835820896,0.0030459770114942527,0.006308823529411764,0.02304450261780105,0.0047565217391304345,0.07996124031007752,0.04625,0.004462686567164179,0.004682758620689655,0.009355882352941177
1705783280,1.6897973446961922,2.3604185970458396,0.1453599404724648,0.22600566722279786,4.337693169566427,1.5491397703028074,0.45377343626910127,0.08969040438234768,0.4569078803276573,0.8846991436511062,0,0.28027113323952696,0.4221525323910296,0.9501345662817314,1.27270813318889,208199680,76935168,5988352,425590784,102973440,334188544,38842368,4509696,279621632,92573696,4718592,2887680,301027328,8880128,43175936,1998103.232136044,0,564676.2249881835,71768.36479915897,0,0,0,1088404.2270506716,13,8,8,4,7,18,6,6,3,11,1,3,6,31,16,7,3.067,23.467,1.867,2.133,2.067,18.4,0.01272368421052632,0.0030869565217391303,0.028627760252365932,0.03135964912280702,0.002292307692307692,0.0030232558139534882,0.006244959677419356,0.023050000000000005,0.0047565217391304345,0.07996124031007752,0.0462719298245614,0.004458461538461538,0.004641860465116279,0.009353830645161291
1705783281,1.7228627662107872,2.3604185970458396,0.1425311372302027,0.22600566722279786,4.337693169566427,1.5491397703028074,0.45377343626910127,0.08969040438234768,0.4569078803276573,0.9254395755191649,0,0.28027113323952696,0.4221525323910296,0.8356888888888785,1.27270813318889,208199680,76935168,5988352,425590784,102973440,334188544,38842368,4509696,279621632,92565504,4718592,2887680,301027328,8880128,43175936,1998103.232136044,0,564676.2249881835,71768.36479915897,0,0,0,1088404.2270506716,13,8,8,4,7,18,6,6,3,11,1,3,6,31,16,7,3.067,23.467,1.867,2.133,2.067,18.4,0.01272368421052632,0.0030869565217391303,0.028627760252365932,0.03135964912280702,0.002292307692307692,0.0030232558139534882,0.006244959677419356,0.023050000000000005,0.0047565217391304345,0.07996124031007752,0.0462719298245614,0.004458461538461538,0.004641860465116279,0.009353830645161291
1705783282,1.983925290875684,2.3217823581801977,0.15388257604166733,0.22600566722279786,4.337693169566427,1.5491397703028074,0.45377343626910127,0.08969040438234768,0.4569078803276573,0.9254395755191649,0,0.28027113323952696,0.4221525323910296,0.8356888888888785,1.27270813318889,208199680,76992512,5988352,425590784,102973440,334188544,38842368,4509696,279621632,92565504,4718592,2887680,301027328,8880128,43175936,1853797.9170074705,0,564676.2249881835,71768.36479915897,0,0,0,1088404.2270506716,13,8,8,4,7,18,6,6,3,11,1,3,6,31,16,7,3.067,23.467,1.867,2.133,2.067,18.4,0.01272368421052632,0.0030869565217391303,0.028627760252365932,0.03135964912280702,0.002292307692307692,0.0030232558139534882,0.006244959677419356,0.023050000000000005,0.0047565217391304345,0.07996124031007752,0.0462719298245614,0.004458461538461538,0.004641860465116279,0.009353830645161291
1705783283,1.983925290875684,2.3217823581801977,0.18287289530571388,0.22600566722279786,4.337693169566427,1.3543022377814218,0.45377343626910127,0.08969040438234768,0.4569078803276573,0.9254395755191649,0,0.28027113323952696,0.4221525323910296,0.9506577749951851,1.27270813318889,208199680,76992512,5988352,425590784,102973440,334155776,38842368,4509696,279621632,92565504,4718592,2887680,301027328,8880128,43175936,1853797.9170074705,0,564676.2249881835,71768.36479915897,0,0,0,1088404.2270506716,13,8,8,4,7,14,6,6,3,11,1,3,6,31,16,7.6,3.533,24.467,1.8,2.133,2.067,18.667,0.012822164948453608,0.003048484848484849,0.029229607250755296,0.03125,0.002292307692307692,0.0030232558139534882,0.006177385892116183,0.02299742268041237,0.004687272727272727,0.07964566929133862,0.04625,0.004458461538461538,0.004641860465116279,0.009351659751037343
1705783284,1.7457440378988862,2.3217823581801977,0.18287289530571388,0.22600566722279786,4.337693169566427,1.3543022377814218,0.45377343626910127,0.08969040438234768,0.4569078803276573,0.9254395755191649,0,0.28027113323952696,0.39075744614667635,0.9319717495146932,1.27270813318889,208199680,76992512,5988352,425590784,102973440,334155776,38842368,4509696,279621632,92565504,4718592,2887680,301027328,8880128,43175936,1853797.9170074705,0,564676.2249881835,71768.36479915897,0,0,0,1088404.2270506716,13,8,8,4,7,14,6,6,3,11,1,3,6,31,16,7.6,3.533,25.333,1.8,2.133,2.067,18.667,0.012822164948453608,0.003048484848484849,0.029891304347826095,0.03125,0.002292307692307692,0.0030232558139534882,0.006177385892116183,0.02299742268041237,0.004687272727272727,0.07954724409448821,0.04625,0.004458461538461538,0.004641860465116279,0.009351659751037343
1705783285,1.7126786163842915,2.3217823581801977,0.18287289530571388,0.23326511762681834,4.542224141654041,1.1348627818769175,0.45377343626910127,0.08505253399258332,0.4569078803276573,0.9254395755191649,0,0.28027113323952696,0.39075744614667635,0.9132857240342013,1.27270813318889,208199680,76992512,5988352,425590784,109486080,334155776,38842368,4509696,279621632,92565504,4718592,2887680,301027328,8880128,43175936,1853797.9170074705,0,564676.2249881835,71768.36479915897,0,0,0,1088404.2270506716,13,8,8,4,7,14,6,6,3,11,1,3,6,31,16,7.6,3.533,25.333,1.8,2.133,2.067,18.667,0.012822164948453608,0.003048484848484849,0.029891304347826095,0.03125,0.002292307692307692,0.0030232558139534882,0.006177385892116183,0.02299742268041237,0.004687272727272727,0.07954724409448821,0.04625,0.004458461538461538,0.004641860465116279,0.009351659751037343
1705783286,1.679613194869697,2.3217823581801977,0.18287289530571388,0.23326511762681834,4.542224141654041,1.157468409371013,0.45377343626910127,0.08505253399258332,0.4296019077790654,0.6427944572470429,0,0.2849994103541803,0.39075744614667635,0.8945996985537095,1.27270813318889,208199680,76992512,5988352,425590784,109486080,334155776,38842368,4509696,279625728,92565504,4718592,2883584,301027328,8880128,43175936,1853797.9170074705,0,564676.2249881835,57038.41668262285,0,0,0,1088404.2270506716,13,8,8,4,7,14,6,6,3,11,1,3,6,31,16,7.6,3.533,25.333,1.8,2.133,2.067,18.667,0.012822164948453608,0.003048484848484849,0.029891304347826095,0.03125,0.002292307692307692,0.0030232558139534882,0.006177385892116183,0.02299742268041237,0.004687272727272727,0.07954724409448821,0.04625,0.004458461538461538,0.004641860465116279,0.009351659751037343
1705783287,1.6465477733551024,2.416886155855473,0.18287289530571388,0.23326511762681834,4.542224141654041,1.356337649645737,0.45377343626910127,0.0805958396220223,0.4296019077790654,0.6573262221832521,0,0.2849994103541803,0.39075744614667635,0.8759136730732175,1.27270813318889,208199680,76992512,5988352,425590784,109486080,334155776,38842368,4517888,279625728,92565504,4718592,2883584,301027328,8880128,43175936,2206704.397039617,0,564676.2249881835,57038.41668262285,0,0,0,1088404.2270506716,13,8,8,4,7,14,6,6,3,11,1,3,6,31,16,7.6,3.533,25.333,1.8,2.133,2.067,18.667,0.012822164948453608,0.003048484848484849,0.029891304347826095,0.03125,0.002292307692307692,0.0030232558139534882,0.006177385892116183,0.02299742268041237,0.004687272727272727,0.07954724409448821,0.04625,0.004458461538461538,0.004641860465116279,0.009351659751037343
1705783288,1.6134823518405075,2.416886155855473,0.18287289530571388,0.23326511762681834,4.542224141654041,1.356337649645737,0.45377343626910116,0.0805958396220223,0.4296019077790654,0.6718579871194612,0,0.2849994103541803,0.39075744614667635,1.0843367356564453,1.27270813318889,208199680,76992512,5988352,425590784,109486080,334155776,38842368,4517888,279625728,92565504,4718592,2883584,301027328,8876032,43175936,2206704.397039617,0,564676.2249881834,57038.41668262285,0,0,0,1088404.2270506716,13,8,8,4,7,14,6,6,3,11,1,3,6,31,16,7.6,3.533,25.333,1.8,2.133,2.067,18.667,0.012822164948453608,0.003048484848484849,0.029891304347826095,0.03125,0.002292307692307692,0.0030232558139534882,0.006177385892116183,0.02299742268041237,0.004687272727272727,0.07954724409448821,0.04625,0.004458461538461538,0.004641860465116279,0.009351659751037343
1705783289,1.580416930325913,2.416886155855473,0.18287289530571388,0.23326511762681834,4.542224141654041,1.356337649645737,0.43797375199313227,0.0805958396220223,0.3226908985730711,0.6863897520556705,0,0.2849994103541803,0.39075744614667635,1.0843367356564453,1.27270813318889,208199680,76992512,5988352,425590784,109486080,334155776,38842368,4517888,279625728,92565504,4718592,2883584,301027328,8876032,43175936,2206704.397039617,0,389353.61216730037,39490.93713844968,0,0,0,1088404.2270506716,13,8,8,4,7,14,6,6,3,11,1,3,6,31,16,7.6,3.533,25.333,1.8,2.133,2.067,18.667,0.012822164948453608,0.003048484848484849,0.029891304347826095,0.03125,0.002292307692307692,0.0030232558139534882,0.006177385892116183,0.02299742268041237,0.004687272727272727,0.07954724409448821,0.04625,0.004458461538461538,0.004641860465116279,0.009351659751037343
1705783290,1.547351508811318,2.416886155855473,0.18287289530571388,0.23662296772792388,4.542224141654041,1.356337649645737,0.43797375199313227,0.0805958396220223,0.3226908985730711,0.7009215169918797,0,0.2849994103541803,0.39075744614667635,1.0843367356564453,1.27270813318889,208199680,76992512,5988352,425590784,109486080,334155776,38842368,4517888,279625728,92565504,4718592,2883584,301027328,8876032,43175936,2206704.397039617,0,389353.61216730037,39490.93713844968,0,0,0,1088404.2270506716,13,8,8,4,7,14,6,6,3,11,1,3,6,31,16,7.6,3.533,25.333,1.8,2.133,2.067,18.667,0.012822164948453608,0.003048484848484849,0.029891304347826095,0.03125,0.002292307692307692,0.0030232558139534882,0.006177385892116183,0.02299742268041237,0.004687272727272727,0.07954724409448821,0.04625,0.004458461538461538,0.004641860465116279,0.009351659751037343
1705783291,1.5142860872967236,2.416886155855473,0.18287289530571388,0.23662296772792388,4.542224141654041,1.356337649645737,0.43797375199313227,0.0805958396220223,0.3226908985730711,0.7154532819280889,0,0.2849994103541803,0.39075744614667635,1.0843367356564453,1.24178142801836,208199680,76992512,5988352,425590784,109486080,334155776,38842368,4517888,279625728,92565504,4718592,2883584,301027328,8876032,43175936,2206704.397039617,0,389353.61216730037,39490.93713844968,0,0,0,1121353.9074166252,13,8,8,4,7,14,6,6,3,11,1,3,6,31,16,7.6,4.133,25.333,1.8,2.133,2.067,18.667,0.012822164948453608,0.0030470588235294123,0.029891304347826095,0.03125,0.002292307692307692,0.0030232558139534882,0.006177385892116183,0.02299742268041237,0.004684705882352941,0.07954724409448821,0.04625,0.004458461538461538,0.004641860465116279,0.009351659751037343
1705783292,1.4812206657821287,2.416886155855473,0.18287289530571388,0.23662296772792388,4.542224141654041,1.356337649645737,0.4468583434700881,0.0805958396220223,0.3226908985730711,0.7299850468642981,0,0.2849994103541803,0.331217574578488,1.0843367356564453,1.24178142801836,208199680,76992512,5988352,425590784,109486080,334155776,38842368,4517888,279625728,92565504,4718592,2883584,301027328,8876032,43175936,2206704.397039617,0,742833.1305982529,39490.93713844968,0,0,0,1121353.9074166252,13,8,8,4,7,14,6,6,3,11,1,3,6,31,16,7.6,4.133,25.333,1.8,2.133,2.067,15.867,0.012822164948453608,0.0030470588235294123,0.029891304347826095,0.03125,0.002292307692307692,0.0030232558139534882,0.00606981981981982,0.02299742268041237,0.004684705882352941,0.07954724409448821,0.04625,0.004458461538461538,0.004641860465116279,0.00934009009009009
1705783293,1.448155244267534,2.416886155855473,0.18643531355908446,0.23662296772792388,4.542224141654041,1.356337649645737,0.4468583434700881,0.0805958396220223,0.3226908985730711,0.871905896172551,0,0.2849994103541803,0.331217574578488,1.0843367356564453,1.24178142801836,208199680,76992512,5988352,425590784,109486080,334155776,38842368,4517888,279625728,92565504,4718592,2883584,301027328,8876032,43175936,2206704.397039617,0,742833.1305982529,39490.93713844968,0,0,0,1121353.9074166252,13,8,8,4,7,14,6,6,3,11,1,3,6,31,16,7.6,4.133,25.333,1.8,1.733,2.067,15.867,0.012822164948453608,0.0030470588235294114,0.029891304347826095,0.03125,0.002178571428571429,0.0030232558139534882,0.00606981981981982,0.02299742268041237,0.00468470588235294,0.07954724409448821,0.04625,0.004435714285714286,0.004641860465116279,0.00934009009009009
1705783294,1.8548253424657575,2.416886155855473,0.18643531355908446,0.23662296772792388,4.542224141654041,1.356337649645737,0.4468583434700881,0.0805958396220223,0.3226908985730711,0.8793512248892086,0.00012804097311138908,0.2849994103541803,0.331217574578488,1.0843367356564453,1.24178142801836,207978496,76992512,5988352,425590784,109486080,334155776,38842368,4517888,279625728,92565504,4718592,2883584,301027328,8876032,43175936,2206704.397039617,0,742833.1305982529,39490.93713844968,0,0,0,1121353.9074166252,13,8,8,4,7,14,6,6,3,11,1,3,6,31,16,7.6,4.133,25.333,1.8,1.733,1.733,15.867,0.012822164948453608,0.0030470588235294114,0.029891304347826095,0.03125,0.002178571428571429,0.0030253164556962027,0.00606981981981982,0.02299742268041237,0.00468470588235294,0.07954724409448821,0.04625,0.004435714285714286,0.004645569620253164,0.00934009009009009
1705783295,1.9837311584610866,2.416886155855473,0.18643531355908446,0.23662296772792388,4.542224141654041,1.356337649645737,0.4468583434700881,0.0805958396220223,0.3226908985730711,0.8793512248892086,0.00012804097311138908,0.2849994103541803,0.331217574578488,1.0351344731298153,1.24178142801836,207978496,76992512,5988352,425590784,109486080,334155776,38842368,4517888,279625728,92565504,4718592,2883584,301027328,8876032,43175936,2206704.397039617,0,742833.1305982529,39490.93713844968,0,0,0,1121353.9074166252,13,8,8,4,7,14,6,6,3,11,1,3,6,31,16,7.333,4.133,25.333,1.533,1.467,1.467,15.067,0.013054123711340206,0.0030470588235294114,0.029891304347826095,0.0305,0.0020800000000000003,0.0030273972602739728,0.00605080831408776,0.023043814432989692,0.00468470588235294,0.07954724409448821,0.046099999999999995,0.004416000000000001,0.0046493150684931515,0.009321016166281755
1705783296,1.9837311584610866,2.416886155855473,0.18643531355908446,0.23662296772792388,4.542224141654041,1.356337649645737,0.4468583434700881,0.0805958396220223,0.3226908985730711,0.8793512248892086,0.00012804097311138908,0.20083433630721537,0.331217574578488,1.0351344731298153,1.24178142801836,207978496,76992512,5988352,425590784,109486080,334155776,38842368,4517888,279625728,92565504,4718592,2883584,301027328,8876032,43175936,2206704.397039617,0,742833.1305982529,39490.93713844968,0,0,0,1121353.9074166252,13,8,8,4,7,14,6,6,3,11,1,3,6,31,16,7.333,4.133,25.333,1.533,1.467,1.467,15.067,0.013054123711340206,0.0030470588235294114,0.029891304347826095,0.0305,0.0020800000000000003,0.0030273972602739728,0.00605080831408776,0.023043814432989692,0.00468470588235294,0.07954724409448821,0.046099999999999995,0.004416000000000001,0.0046493150684931515,0.009321016166281755
1705783297,1.9837311584610866,2.416886155855473,0.18643531355908446,0.23662296772792388,4.542224141654041,1.356337649645737,0.4468583434700881,0.0805958396220223,0.3226908985730711,0.8793512248892086,0.00012804097311138908,0.20557748344970309,0.331217574578488,1.0351344731298153,1.24178142801836,207978496,76992512,5988352,425590784,109486080,334155776,38842368,4517888,279625728,92565504,4718592,2883584,301027328,8876032,43175936,2206704.397039617,0,742833.1305982529,39490.93713844968,0,0,0,1121353.9074166252,13,8,8,4,7,14,6,6,3,11,1,3,6,31,16,7.333,4.133,25.333,1.533,1.467,1.467,15.067,0.013054123711340206,0.0030470588235294114,0.029891304347826095,0.0305,0.0020800000000000003,0.0030273972602739728,0.00605080831408776,0.023043814432989692,0.00468470588235294,0.07954724409448821,0.046099999999999995,0.004416000000000001,0.0046493150684931515,0.009321016166281755
1705783298,1.9837311584610866,2.416886155855473,0.18643531355908446,0.23662296772792388,4.710191027746593,1.1612661547900212,0.4468583434700881,0.0805958396220223,0.3226908985730711,0.8793512248892086,0.00012804097311138908,0.21032063059219083,0.331217574578488,1.0351344731298153,1.24178142801836,207978496,76992512,5988352,425590784,108728320,334155776,38842368,4517888,279625728,92565504,4718592,2883584,301027328,8876032,43175936,2206704.397039617,0,742833.1305982529,39490.93713844968,0,0,0,1121353.9074166252,13,8,8,4,7,14,6,6,3,11,1,3,6,31,16,9,3.867,24.867,1.6,1.467,1.467,15.933,0.013209302325581396,0.0030479041916167664,0.029614825581395353,0.029261363636363637,0.0020800000000000003,0.0030273972602739728,0.006005882352941177,0.022865116279069765,0.00468622754491018,0.07942913385826772,0.04585227272727273,0.004416000000000001,0.0046493150684931515,0.009332941176470587
1705783299,1.9837311584610866,2.416886155855473,0.18207920024798513,0.23662296772792388,4.710191027746593,1.1386605272959256,0.4468583434700881,0.0805958396220223,0.3226908985730711,0.8793512248892086,0.00012804097311138908,0.21506377773467855,0.331217574578488,1.0351344731298153,1.27131830477908,207978496,76992512,5996544,425590784,108728320,334155776,38842368,4517888,279625728,92565504,4718592,2883584,301027328,8876032,43245568,2206704.397039617,0,742833.1305982529,39490.93713844968,0,0,0,1639877.366997295,13,8,8,4,7,14,6,6,3,11,1,3,6,31,16,9,3.867,24.8,1.6,1.467,1.467,15.933,0.013209302325581396,0.0030479041916167664,0.029274425287356323,0.029261363636363637,0.0020800000000000003,0.0030273972602739728,0.006005882352941177,0.022865116279069765,0.00468622754491018,0.07905622489959839,0.04585227272727273,0.004416000000000001,0.0046493150684931515,0.009332941176470587
1705783300,1.9837311584610866,2.416886155855473,0.18207920024798513,0.23662296772792388,4.710191027746593,1.2939672607215462,0.4468583434700881,0.0805958396220223,0.3226908985730711,0.8793512248892086,0.00012804097311138908,0.2198069248771663,0.331217574578488,1.0351344731298153,1.2713183047790795,207978496,76992512,5996544,425590784,108728320,334217216,38842368,4517888,279625728,92565504,4718592,2883584,301027328,8876032,43245568,2206704.397039617,0,742833.1305982529,39490.93713844968,0,0,0,1639877.3669972946,13,8,8,4,7,15,6,6,3,11,1,3,6,31,16,9,3.867,24.8,1.6,1.467,1.467,15.933,0.013209302325581396,0.0030479041916167664,0.029274425287356323,0.029261363636363637,0.0020800000000000003,0.0030273972602739728,0.006005882352941177,0.022865116279069765,0.00468622754491018,0.07905622489959839,0.04585227272727273,0.004416000000000001,0.0046493150684931515,0.009332941176470587
1705783301,1.9837311584610866,2.648723960197583,0.18207920024798513,0.23662296772792388,4.710191027746593,1.2939672607215462,0.4468583434700881,0.0805958396220223,0.3226908985730711,0.8793512248892086,0.00012804097311138908,0.18341750000000048,0.331217574578488,1.0351344731298153,1.2713183047790795,207978496,77058048,5996544,425590784,108728320,334217216,38842368,4517888,279625728,92565504,4718592,2883584,301027328,8876032,43245568,2096528.0263440476,0,742833.1305982529,39490.93713844968,0,0,0,1639877.3669972946,13,8,8,4,7,15,6,6,3,11,1,3,6,31,16,9,3.867,24.8,1.6,1.467,1.467,15.933,0.013209302325581396,0.0030479041916167664,0.029274425287356323,0.029261363636363637,0.0020800000000000003,0.0030273972602739728,0.006005882352941177,0.022865116279069765,0.00468622754491018,0.07905622489959839,0.04585227272727273,0.004416000000000001,0.0046493150684931515,0.009332941176470587
1705783302,1.9837311584610866,2.648723960197583,0.18207920024798513,0.23662296772792388,4.710191027746593,1.312833617262957,0.4468583434700881,0.05791500000000005,0.3226908985730711,0.8793512248892086,0.00019590382902937551,0.18341750000000048,0.331217574578488,1.0351344731298153,1.2713183047790795,207978496,77058048,5996544,425590784,108728320,334217216,38842368,4517888,279625728,92565504,4718592,2883584,301027328,8876032,43245568,2096528.0263440476,0,742833.1305982529,39490.93713844968,0,0,0,1639877.3669972946,13,8,8,4,7,15,6,6,3,11,1,3,6,31,16,9,3.867,24.8,1.6,1.467,1.467,15.933,0.013209302325581396,0.0030479041916167664,0.029274425287356323,0.029261363636363637,0.0020800000000000003,0.0030273972602739728,0.006005882352941177,0.022865116279069765,0.00468622754491018,0.07905622489959839,0.04585227272727273,0.004416000000000001,0.0046493150684931515,0.009332941176470587
1705783303,1.9837311584610866,2.648723960197583,0.18207920024798513,0.23056870299027454,4.710191027746593,1.312833617262957,0.4468583434700881,0.07012631572534699,0.3226908985730711,0.8793512248892086,0.00019590382902937551,0.18341750000000048,0.33121757457848794,1.0635555635681362,1.3169198533263502,207978496,77058048,5996544,425590784,108728320,334217216,38842368,4509696,279625728,92565504,4718592,2883584,301027328,8876032,43245568,2096528.0263440476,0,742833.1305982529,39490.93713844968,0,0,0,1791597.695128339,13,8,8,4,7,15,6,6,3,11,1,3,6,31,16,9,3.867,24.8,1.6,1.467,1.467,15.933,0.013209302325581396,0.0030479041916167664,0.029274425287356323,0.029261363636363637,0.0020800000000000003,0.0030273972602739728,0.006005882352941177,0.022865116279069765,0.00468622754491018,0.07905622489959839,0.04585227272727273,0.004416000000000001,0.0046493150684931515,0.009332941176470587
1705783304,2.000592774465098,2.648723960197583,0.18207920024798513,0.23056870299027454,4.710191027746593,1.312833617262957,0.4468583434700881,0.07151852576347142,0.3226908985730711,0.8793512248892086,0.00019590382902937551,0.18341750000000048,0.26663566782859244,1.0635555635681362,1.3169198533263502,207998976,77058048,5996544,425590784,108728320,334217216,38842368,4509696,279625728,92565504,4718592,2883584,301027328,8876032,43245568,2096528.0263440476,0,742833.1305982529,39490.93713844968,0,0,0,1791597.695128339,13,8,8,4,7,15,6,6,3,11,1,3,6,31,16,9,3.867,24.8,1.6,1.467,1.467,15.933,0.013209302325581396,0.0030479041916167664,0.029274425287356323,0.029261363636363637,0.0020800000000000003,0.0030273972602739728,0.006005882352941177,0.022865116279069765,0.00468622754491018,0.07905622489959839,0.04585227272727273,0.004416000000000001,0.0046493150684931515,0.009332941176470587
1705783305,2.000592774465098,2.6784255080513706,0.18207920024798513,0.23056870299027454,4.710191027746593,1.312833617262957,0.45241113254340154,0.08353260228746626,0.12728999999997845,0.8793512248892086,0.00019590382902937551,0.2887633396107973,0.5293495948885648,1.0635555635681362,1.3169198533263502,207998976,77058048,5996544,425590784,108728320,334217216,38854656,4509696,279625728,92565504,4718592,2883584,301047808,8876032,43245568,1728223.8897641997,0,705428.4926977127,0,0,0,0,1791597.695128339,13,8,8,4,7,15,6,6,3,11,1,3,6,31,16,9,3.867,24.8,1.6,1.467,1.467,15.933,0.013209302325581396,0.0030479041916167664,0.029274425287356323,0.029261363636363637,0.0020800000000000003,0.0030273972602739728,0.006005882352941177,0.022865116279069765,0.00468622754491018,0.07905622489959839,0.04585227272727273,0.004416000000000001,0.0046493150684931515,0.009332941176470587
1705783306,2.000592774465098,2.6784255080513706,0.18207920024798513,0.23056870299027454,4.710191027746593,1.312833617262957,0.45241113254340154,0.08353260228746626,0.3584316130895284,0.8793512248892086,0.00019590382902937551,0.2887633396107973,0.5293495948885648,1.0635555635681362,1.3169198533263502,207998976,77058048,5996544,425590784,108728320,334217216,38854656,4509696,279556096,92565504,4718592,2883584,301047808,8876032,43245568,1728223.8897641997,0,705428.4926977127,17296.91131693814,0,0,0,1791597.695128339,13,8,8,4,7,15,6,6,3,11,1,3,6,31,16,9,4.2,24.8,1.6,1.467,1.467,15.933,0.013209302325581396,0.0030368098159509207,0.029274425287356323,0.029261363636363637,0.0020800000000000003,0.0030273972602739728,0.006005882352941177,0.022865116279069765,0.004666257668711656,0.07905622489959839,0.04585227272727273,0.004416000000000001,0.0046493150684931515,0.009332941176470587
1705783307,1.7046533735219238,2.6784255080513706,0.18207920024798513,0.23056870299027454,4.710191027746593,1.312833617262957,0.3888728008695246,0.08353260228746626,0.36746796995102093,0.8793512248892086,0.00019590382902937551,0.2887633396107973,0.6283084922902651,1.1292567702441545,1.3169198533263502,207998976,77058048,5996544,425590784,108728320,334217216,38854656,4509696,279556096,92565504,4718592,2883584,301047808,8876032,43245568,1728223.8897641997,0,759118.7450830506,17732.980730331095,0,0,0,1791597.695128339,13,8,8,4,7,15,6,6,3,11,1,3,6,31,16,9,4.2,24.8,1.6,1.467,1.467,19.067,0.013209302325581396,0.0030368098159509207,0.029274425287356323,0.029261363636363637,0.0020800000000000003,0.0030273972602739728,0.005977564102564103,0.022865116279069765,0.004666257668711656,0.07905622489959839,0.04585227272727273,0.004416000000000001,0.0046493150684931515,0.009306623931623932
1705783308,1.7046533735219238,2.6784255080513706,0.17728623019571282,0.23056870299027454,4.710191027746593,1.312833617262957,0.45612010892934035,0.08353260228746626,0.3765043268125134,0.8793512248892086,0.00013645103268621766,0.2887633396107973,0.6283084922902651,1.1292567702441545,1.3169198533263502,207998976,77058048,5996544,425590784,108728320,334217216,38854656,4509696,279556096,92565504,4718592,2883584,301047808,8876032,43245568,1728223.8897641997,0,890392.2411733791,18169.050143724045,0,0,0,1791597.695128339,13,8,8,4,7,15,6,6,3,11,1,3,6,31,16,9,4.2,24.8,1.6,1.8,1.467,19.067,0.013209302325581396,0.0030368098159509207,0.029274425287356323,0.029261363636363637,0.0020181818181818183,0.0030273972602739728,0.005977564102564103,0.022865116279069765,0.004666257668711656,0.07905622489959839,0.04585227272727273,0.004403636363636364,0.0046493150684931515,0.009306623931623932
1705783309,1.7046533735219238,2.6784255080513706,0.17728623019571282,0.23336275375110113,4.710191027746593,1.312833617262957,0.45612010892934035,0.08353260228746626,0.38554068367400585,0.8793512248892086,0.00013645103268621766,0.2887633396107973,0.6283084922902651,1.1292567702441545,1.3169198533263502,207998976,77058048,5996544,425590784,108728320,334217216,38854656,4509696,279556096,92565504,4718592,2883584,301047808,8876032,43245568,1728223.8897641997,0,890392.2411733791,18605.119557117003,0,0,0,1791597.695128339,13,8,8,4,7,15,6,6,3,11,1,3,6,31,16,9,4.2,24.8,1.6,1.8,1.867,19.067,0.013209302325581396,0.0030368098159509207,0.029274425287356323,0.029261363636363637,0.0020181818181818183,0.0030250000000000003,0.005977564102564103,0.022865116279069765,0.004666257668711656,0.07905622489959839,0.04585227272727273,0.004403636363636364,0.004645000000000001,0.009306623931623932
1705783310,1.7046533735219238,2.6784255080513706,0.17728623019571282,0.23336275375110113,4.710191027746593,2.382848121588368,0.45612010892934035,0.08353260228746626,0.39457704053549825,0.9564271727669795,0.00013645103268621766,0.2887633396107973,0.6283084922902651,1.1292567702441545,1.3169198533263502,207998976,77058048,5996544,425590784,108728320,335069184,38854656,4509696,279556096,92565504,4718592,2883584,301047808,8876032,43245568,1728223.8897641997,0,890392.2411733791,19041.188970509953,0,0,0,1791597.695128339,13,8,8,4,7,15,6,6,3,11,1,3,6,31,16,9.467,4.2,24.8,2.067,2.267,2.333,20.467,0.012816901408450704,0.0030368098159509207,0.029274425287356323,0.02975,0.0021428571428571425,0.0030459770114942527,0.005901898734177215,0.02278873239436619,0.004666257668711656,0.07905622489959839,0.045950000000000005,0.0044285714285714275,0.004682758620689654,0.009290084388185654
1705783311,1.7046533735219238,2.6784255080513706,0.17728623019571282,0.2333627537511012,4.892446963237891,2.382848121588368,0.45612010892934035,0.08353260228746626,0.4036133973969907,0.9501796478901342,0.00013645103268621766,0.2887633396107973,0.6283084922902651,1.1292567702441545,1.3169198533263502,207998976,77058048,5996544,425590784,98365440,335069184,38854656,4509696,279556096,92569600,4718592,2883584,301047808,8876032,43245568,1728223.8897641997,0,890392.2411733791,19477.258383902907,0,0,0,1791597.695128339,13,8,8,4,8,15,6,6,3,11,1,3,6,31,16,9.467,4.2,24.8,2.067,2.267,2.333,20.467,0.012816901408450704,0.0030368098159509207,0.029274425287356323,0.02975,0.0021428571428571425,0.0030459770114942527,0.005901898734177215,0.02278873239436619,0.004666257668711656,0.07905622489959839,0.045950000000000005,0.0044285714285714275,0.004682758620689654,0.009290084388185654
1705783312,1.7046533735219238,2.6784255080513706,0.17445735538231982,0.2333627537511012,4.223224416814681,2.382848121588368,0.45612010892934035,0.08353260228746626,0.4126497542584832,0.9501796478901342,0.00013645103268621766,0.2887633396107973,0.6283084922902651,1.1292567702441545,1.3169198533263502,207998976,77058048,5988352,425590784,98365440,335069184,38854656,4509696,279556096,92569600,4718592,2883584,301047808,8876032,43245568,1728223.8897641997,0,890392.2411733791,19913.327797295857,0,0,0,1791597.695128339,13,8,8,4,8,15,6,6,3,11,1,3,6,31,16,9.467,4.2,24.8,2.067,2.267,2.333,20.467,0.012816901408450704,0.0030368098159509207,0.029274425287356323,0.02975,0.0021428571428571425,0.0030459770114942527,0.005901898734177215,0.02278873239436619,0.004666257668711656,0.07905622489959839,0.045950000000000005,0.0044285714285714275,0.004682758620689654,0.009290084388185654
1705783313,1.7046533735219238,2.6784255080513706,0.17445735538231982,0.2333627537511012,4.31287932673602,2.382848121588368,0.45612010892934035,0.08353260228746626,0.42168611111997556,0.9501796478901342,0.00013645103268621766,0.2887633396107973,0.6283084922902651,1.1292567702441545,1.3169198533263502,207998976,77058048,5988352,425590784,98365440,335069184,38854656,4509696,279556096,92569600,4718592,2883584,301047808,8876032,43245568,1728223.8897641997,0,890392.2411733791,20349.39721068881,0,0,0,1791597.695128339,13,8,8,4,8,15,6,6,3,11,1,3,6,31,16,9.2,4.533,25.333,2.667,2.267,2.333,21.867,0.012787610619469026,0.003035294117647059,0.030398550724637683,0.03048245614035088,0.0021428571428571425,0.0030459770114942527,0.005967261904761905,0.02303539823008849,0.004663529411764706,0.08074545454545456,0.04609649122807018,0.0044285714285714275,0.004682758620689654,0.009296626984126984
1705783314,1.7046533735219238,2.6784255080513706,0.17445735538231982,0.2333627537511012,4.40253423665736,2.4990122443064955,0.45612010892934035,0.08353260228746626,0.430722467981468,0.9501796478901342,0.00013645103268621766,0.2887633396107973,0.6283084922902651,1.1829717868338498,1.3169198533263502,207998976,77058048,5988352,425590784,98365440,335069184,38854656,4509696,279556096,92569600,4718592,2883584,301047808,8867840,43245568,1728223.8897641997,0,890392.2411733791,20785.46662408176,0,0,0,1791597.695128339,13,8,8,4,8,15,6,6,3,11,1,3,6,31,16,9.2,4.533,24.8,2.667,2.267,2.333,21.867,0.012787610619469026,0.003035294117647059,0.031341642228739,0.03048245614035088,0.0021428571428571425,0.0030459770114942527,0.005967261904761905,0.02303539823008849,0.004663529411764706,0.08175170068027211,0.04609649122807018,0.0044285714285714275,0.004682758620689654,0.009296626984126984
1705783315,1.707966337868078,2.6784255080513706,0.17445735538231982,0.2333627537511012,4.492189146578699,2.4990122443064955,0.45612010892934035,0.08353260228746626,0.4397588248429604,0.9501796478901342,0.00013645103268621766,0.2887633396107973,0.6283084922902651,1.1829717868338498,1.3169198533263502,208011264,77058048,5988352,425590784,98365440,335069184,38854656,4509696,279556096,92569600,4718592,2883584,301047808,8867840,43245568,1728223.8897641997,0,890392.2411733791,21221.53603747471,0,0,0,1791597.695128339,12,8,8,4,8,15,6,6,3,11,1,3,6,31,16,9.2,4.533,24.8,2.667,2.267,2.333,21.867,0.012787610619469026,0.003035294117647059,0.031341642228739,0.03048245614035088,0.0021428571428571425,0.0030459770114942527,0.005967261904761905,0.02303539823008849,0.004663529411764706,0.08175170068027211,0.04609649122807018,0.0044285714285714275,0.004682758620689654,0.009296626984126984
1705783316,1.707966337868078,2.6784255080513706,0.17445735538231982,0.23642233351268438,4.581844056500039,2.4990122443064955,0.45612010892934035,0.08353260228746626,0.448795181704453,0.9501796478901342,0.00013645103268621766,0.2887633396107973,0.6283084922902651,1.1829717868338498,1.3169198533263502,208011264,77058048,5988352,425594880,98365440,335069184,38854656,4509696,279556096,92569600,4718592,2883584,301047808,8867840,43245568,1728223.8897641997,0,890392.2411733791,21657.605450867668,0,0,0,1791597.695128339,12,8,8,4,8,15,6,6,3,11,1,3,6,31,16,9.2,4.533,24.8,2.667,2.267,2.333,21.867,0.012787610619469026,0.003035294117647059,0.031341642228739,0.03048245614035088,0.0021428571428571425,0.0030459770114942527,0.005967261904761905,0.02303539823008849,0.004663529411764706,0.08175170068027211,0.04609649122807018,0.0044285714285714275,0.004682758620689654,0.009296626984126984
1705783317,1.707966337868078,2.6784255080513706,0.17445735538231982,0.23642233351268438,4.671498966421379,2.4990122443064955,0.45612010892934035,0.08353260228746626,0.5421814116895466,0.9501796478901342,0.00013645103268621766,0.2887633396107973,0.6283084922902651,1.1829717868338498,1.3553383834774546,208011264,77058048,5988352,425594880,98365440,335069184,38854656,4509696,279556096,92569600,4718592,2883584,301047808,8867840,43393024,1728223.8897641997,0,890392.2411733791,26164.164803577132,0,0,0,1602629.8863717574,12,8,8,4,8,15,6,6,3,11,1,3,6,31,16,9.2,4.533,24.8,2.667,2.267,2.333,21.867,0.012787610619469026,0.003035294117647059,0.031341642228739,0.03048245614035088,0.0021428571428571425,0.0030459770114942527,0.005967261904761905,0.02303539823008849,0.004663529411764706,0.08175170068027211,0.04609649122807018,0.0044285714285714275,0.004682758620689654,0.009296626984126984
1705783318,1.707966337868078,2.6784255080513706,0.17445735538231982,0.23642233351268438,5.379294595280381,2.4990122443064955,0.45612010892934035,0.0712386915458084,0.4487635212634502,0.9501796478901342,0.00013645103268621766,0.2887633396107973,0.6283084922902651,1.153511295466203,1.3553383834774546,208011264,77058048,5988352,425594880,98365440,335069184,38854656,4509696,279556096,92569600,4718592,2883584,301047808,8867840,43393024,1728223.8897641997,0,890392.2411733791,16051.761661078759,0,0,0,1602629.8863717574,12,8,8,4,8,15,6,6,3,11,1,3,6,31,16,9.2,4.533,24.8,2.667,2.267,2.333,21.867,0.012787610619469026,0.003035294117647059,0.031341642228739,0.03048245614035088,0.0021428571428571425,0.0030459770114942527,0.005967261904761905,0.02303539823008849,0.004663529411764706,0.08175170068027211,0.04609649122807018,0.0044285714285714275,0.004682758620689654,0.009296626984126984
1705783319,1.707966337868078,2.6784255080513706,0.17445735538231982,0.23642233351268438,5.379294595280381,2.4990122443064955,0.45612010892934035,0.06984648150768397,0.527138812806402,0.9501796478901342,0.00013645103268621766,0.2881784617508024,0.6283084922902651,1.153511295466203,1.3553383834774546,208011264,77058048,5988352,425594880,98365440,335069184,38854656,4509696,279556096,92569600,4718592,2883584,301047808,8867840,43393024,1728223.8897641997,0,890392.2411733791,18855.15685778074,0,0,0,1602629.8863717574,12,8,8,4,8,15,6,6,3,11,1,3,6,31,16,9.2,4.533,24.8,2.667,2.267,2.333,21.867,0.012787610619469026,0.003035294117647059,0.031341642228739,0.03048245614035088,0.0021428571428571425,0.0030459770114942527,0.005967261904761905,0.02303539823008849,0.004663529411764706,0.08175170068027211,0.04609649122807018,0.0044285714285714275,0.004682758620689654,0.009296626984126984
1705783320,1.707966337868078,2.6784255080513706,0.17445735538231982,0.23642233351268438,5.379294595280381,2.4990122443064955,0.45612010892934035,0.08406121120034721,0.527138812806402,0.9501796478901342,0.00017576564580558355,0.2881784617508024,0.6283084922902651,1.153511295466203,1.3553383834774546,208011264,77058048,5988352,425594880,98365440,335069184,38854656,4513792,279556096,92569600,4718592,2883584,301047808,8867840,43393024,1728223.8897641997,0,890392.2411733791,18855.15685778074,0,0,0,1602629.8863717574,12,8,8,4,8,15,6,6,3,11,1,3,6,31,16,9.2,4.533,24.8,2.667,2.267,2.333,21.867,0.012787610619469026,0.003035294117647059,0.031341642228739,0.03048245614035088,0.0021428571428571425,0.0030459770114942527,0.005967261904761905,0.02303539823008849,0.004663529411764706,0.08175170068027211,0.04609649122807018,0.0044285714285714275,0.004682758620689654,0.009296626984126984
1705783321,1.7663905781973324,2.644646669700044,0.17445735538231982,0.23642233351268438,5.379294595280381,2.4990122443064955,0.385132615976304,0.08406121120034721,0.527138812806402,0.7444357785991045,0.00017576564580558355,0.2930157903869517,0.6283084922902651,1.153511295466203,1.379997303128373,208011264,77230080,5988352,425594880,98365440,335069184,38854656,4513792,279556096,92569600,4718592,2883584,301047808,8867840,43393024,2057246.8587028806,0,751817.5287054288,18855.15685778074,0,0,0,1933117.5836030205,12,8,8,4,8,15,6,6,3,11,1,3,6,31,16,9.2,4.267,24.8,2.667,2.267,2.333,21.867,0.012787610619469026,0.00305524861878453,0.031341642228739,0.03048245614035088,0.0021428571428571425,0.0030459770114942527,0.005967261904761905,0.02303539823008849,0.004699447513812155,0.08175170068027211,0.04609649122807018,0.0044285714285714275,0.004682758620689654,0.009296626984126984
1705783322,1.7663905781973324,2.644646669700044,0.17445735538231982,0.23642233351268438,5.379294595280381,2.4990122443064955,0.37753061416081507,0.08406121120034721,0.527138812806402,0.7597526780965375,0.00017576564580558355,0.2930157903869517,0.6283084922902651,1.153511295466203,1.379997303128373,208011264,77230080,5988352,425594880,98365440,335069184,38854656,4513792,279556096,92569600,4718592,2883584,301047808,8867840,43393024,2057246.8587028806,0,736977.658019206,18855.15685778074,0,0,0,1933117.5836030205,12,8,8,4,8,15,6,6,3,11,1,3,6,31,16,9.2,4.267,24.8,2.667,2.267,2.333,21.067,0.012787610619469026,0.00305524861878453,0.031341642228739,0.03048245614035088,0.0021428571428571425,0.0030459770114942527,0.005829938900203666,0.02303539823008849,0.004699447513812155,0.08175170068027211,0.04609649122807018,0.0044285714285714275,0.004682758620689654,0.009247454175152749
1705783323,1.7663905781973324,2.644646669700044,0.1744573553823198,0.23642233351268438,5.379294595280381,2.4990122443064955,0.39619687609867943,0.08406121120034721,0.527138812806402,0.7750695775939702,0.00017576564580558355,0.2930157903869517,0.5645447960283538,1.153511295466203,1.379997303128373,208011264,77230080,5988352,425594880,98365440,335069184,38871040,4513792,279556096,92569600,4718592,2883584,301047808,8867840,43393024,2057246.8587028806,0,819932.0648851728,18855.15685778074,0,0,0,1933117.5836030205,12,8,8,4,8,15,6,6,3,11,1,3,6,31,16,9.2,4.267,24.8,2.667,2.467,2.333,21.067,0.012787610619469026,0.00305524861878453,0.031341642228739,0.03048245614035088,0.002081967213114754,0.0030459770114942527,0.005829938900203666,0.02303539823008849,0.004699447513812155,0.08175170068027211,0.04609649122807018,0.004416393442622951,0.004682758620689654,0.009247454175152749
1705783324,1.7663905781973324,2.833563461191685,0.1744573553823198,0.23642233351268438,5.379294595280381,2.4990122443064955,0.46626787075317216,0.08406121120034721,0.527138812806402,0.9190139698459696,0.00017576564580558355,0.2930157903869517,0.5645447960283538,1.153511295466203,1.379997303128373,208011264,77230080,5988352,425594880,98365440,335069184,38871040,4513792,279556096,92569600,4718592,2883584,301047808,8867840,43393024,2289682.887245936,0,964944.4534263344,18855.15685778074,0,0,0,1933117.5836030205,12,8,8,4,8,15,6,6,3,11,1,3,6,31,16,9.2,4.267,24.8,2.667,2.467,2.467,21.067,0.012787610619469026,0.00305524861878453,0.031341642228739,0.03048245614035088,0.002081967213114754,0.003044943820224719,0.005829938900203666,0.02303539823008849,0.004699447513812155,0.08175170068027211,0.04609649122807018,0.004416393442622951,0.004680898876404494,0.009247454175152749
1705783325,1.7663905781973324,2.833563461191685,0.14044946791003826,0.23642233351268438,5.379294595280381,2.150948430579351,0.46626787075317216,0.08406121120034721,0.527138812806402,0.9190139698459696,0.00017576564580558355,0.2930157903869517,0.5645447960283538,1.153511295466203,1.379997303128373,208011264,77230080,5988352,425594880,98365440,335069184,38871040,4513792,279556096,92569600,4718592,2883584,301047808,8867840,43393024,2289682.887245936,0,964944.4534263344,18855.15685778074,0,0,0,1933117.5836030205,12,8,8,4,8,15,6,6,3,11,1,3,6,31,16,9.2,4.267,24.8,2.667,2.467,2.467,21.067,0.012688053097345131,0.00305524861878453,0.031341642228739,0.03017241379310345,0.002125,0.003043478260869565,0.005787878787878787,0.02301548672566372,0.004699447513812155,0.08175170068027211,0.04603448275862069,0.004425,0.004678260869565217,0.009214141414141414
1705783326,1.7663905781973324,2.833563461191685,0.1505270309719821,0.23642233351268438,5.219830583709386,2.109298226507576,0.46626787075317216,0.08406121120034721,0.527138812806402,0.9190139698459696,0.00017576564580558355,0.2930157903869517,0.6694210862619752,1.153511295466203,1.379997303128373,208011264,77230080,6004736,425594880,98902016,335069184,38871040,4513792,279556096,92569600,4718592,2883584,301047808,8867840,43393024,2289682.887245936,0,964944.4534263344,18855.15685778074,0,0,0,1933117.5836030205,12,8,8,4,8,15,6,6,3,11,1,3,6,31,16,9.2,4.267,24.8,2.667,2.467,2.467,21.067,0.012688053097345131,0.00305524861878453,0.031341642228739,0.03017241379310345,0.002125,0.003043478260869565,0.005787878787878787,0.02301548672566372,0.004699447513812155,0.08175170068027211,0.04603448275862069,0.004425,0.004678260869565217,0.009214141414141414
1705783327,1.7663905781973324,2.833563461191685,0.15351180305906992,0.23642233351268438,5.219830583709386,2.0676480224358014,0.46626787075317216,0.08406121120034721,0.527138812806402,0.9190139698459696,0.00017576564580558355,0.2930157903869517,0.6694210862619752,1.153511295466203,1.379997303128373,208011264,77230080,6004736,425594880,98902016,335069184,38871040,4513792,279556096,92569600,4718592,2883584,301047808,8867840,43393024,2289682.887245936,0,964944.4534263344,18855.15685778074,0,0,0,1933117.5836030205,12,8,8,4,8,15,6,6,3,11,1,3,6,31,16,9.2,4.267,24.8,2.667,2.467,2.467,21.067,0.012688053097345131,0.00305524861878453,0.031341642228739,0.03017241379310345,0.002125,0.003043478260869565,0.005787878787878787,0.02301548672566372,0.004699447513812155,0.08175170068027211,0.04603448275862069,0.004425,0.004678260869565217,0.009214141414141414
1705783328,1.7663905781973324,2.833563461191685,0.1790863252252671,0.22932676731678786,5.219830583709386,2.025997818364026,0.46626787075317216,0.08406121120034721,0.527138812806402,0.7729098947648323,0.00017576564580558355,0.2930157903869517,0.6694210862619752,1.153511295466203,1.379997303128373,208011264,77230080,6004736,425594880,98902016,335069184,38871040,4513792,279556096,92569600,4718592,2883584,301047808,8867840,43393024,2289682.887245936,0,964944.4534263344,18855.15685778074,0,0,0,1933117.5836030205,12,8,8,4,8,15,6,6,3,11,1,3,6,31,16,7.2,4.133,23.733,2.2,2.467,2.467,18.867,0.012693181818181817,0.0030765027322404367,0.030992647058823528,0.030416666666666668,0.002125,0.003043478260869565,0.005791583166332665,0.02308409090909091,0.004737704918032787,0.08155821917808219,0.04608333333333334,0.004425,0.004678260869565217,0.009198396793587176
1705783329,1.664890936701869,2.833563461191685,0.1790863252252671,0.22932676731678786,5.219830583709386,2.7042767628158315,0.46626787075317216,0.08406121120034721,0.527138812806402,0.7575929952673994,0.00014084833555258933,0.2930157903869517,0.6694210862619752,0.7964375000000246,1.379997303128373,208019456,77230080,6004736,425594880,98902016,335069184,38871040,4513792,279556096,92569600,4718592,2883584,301047808,8867840,43393024,2289682.887245936,0,964944.4534263344,18855.15685778074,0,0,0,1933117.5836030205,11,8,8,4,8,15,6,6,3,11,1,3,6,31,16,7.2,4.133,23.667,2.2,2.467,2.467,18.867,0.012693181818181817,0.0030765027322404367,0.03075757575757576,0.030416666666666668,0.002125,0.003043478260869565,0.005791583166332665,0.02308409090909091,0.004737704918032787,0.08179661016949152,0.04608333333333334,0.004425,0.004678260869565217,0.009198396793587176
1705783330,1.664890936701869,2.833563461191685,0.1790863252252671,0.22932676731678786,5.219830583709386,2.6473928220957927,0.46626787075317216,0.08406121120034721,0.527138812806402,0.7422760957699666,0.00013791890812249626,0.2930157903869517,0.6694210862619752,0.9647618303013022,1.379997303128373,208019456,77230080,6004736,425594880,98902016,335069184,38871040,4513792,279556096,92569600,4718592,2883584,301047808,8871936,43393024,2289682.887245936,0,964944.4534263344,18855.15685778074,0,0,0,1933117.5836030205,11,8,8,4,8,15,6,6,3,11,1,3,6,31,16,7.2,4.133,23.667,2.2,2.467,2.467,18.867,0.012693181818181817,0.0030765027322404367,0.03075757575757576,0.030416666666666668,0.002125,0.003043478260869565,0.005791583166332665,0.02308409090909091,0.004737704918032787,0.08179661016949152,0.04608333333333334,0.004425,0.004678260869565217,0.009198396793587176
1705783331,1.2182079617622816,2.833563461191685,0.1790863252252671,0.22932676731678786,5.219830583709386,2.5905088813757535,0.46626787075317216,0.08406121120034721,0.527138812806402,0.7269591962725337,0,0.2930157903869517,0.6694210862619752,0.9843933549241173,1.379997303128373,208019456,77230080,6004736,425594880,98902016,335069184,38871040,4513792,279556096,92569600,4718592,2883584,301047808,8871936,43393024,2289682.887245936,0,964944.4534263344,18855.15685778074,0,0,0,1933117.5836030205,11,8,8,4,8,15,6,6,3,11,1,3,6,31,16,7.2,4.133,23.667,2.2,2.467,2.467,18.867,0.012693181818181817,0.0030765027322404367,0.03075757575757576,0.030416666666666668,0.002125,0.003043478260869565,0.005791583166332665,0.02308409090909091,0.004737704918032787,0.08179661016949152,0.04608333333333334,0.004425,0.004678260869565217,0.009198396793587176
1705783332,1.2461297260591373,2.833563461191685,0.1790863252252671,0.22932676731678786,5.173774783072378,2.5336249406557148,0.46626787075317216,0.08406121120034721,0.527138812806402,0.7116422967751008,0,0.29105400534460235,0.6694210862619752,1.004024879546932,1.379997303128373,208019456,77230080,6004736,425594880,98902016,335069184,38871040,4513792,279556096,92569600,4718592,2883584,301047808,8871936,43393024,2289682.887245936,0,964944.4534263344,18855.15685778074,0,0,0,1933117.5836030205,11,8,8,4,8,15,6,6,3,11,1,3,6,31,16,7.2,4.133,23.667,2.2,2.467,2.467,18.867,0.012693181818181817,0.0030765027322404367,0.03075757575757576,0.030416666666666668,0.002125,0.003043478260869565,0.005791583166332665,0.02308409090909091,0.004737704918032787,0.08179661016949152,0.04608333333333334,0.004425,0.004678260869565217,0.009198396793587176
1705783333,1.2740514903559934,2.833563461191685,0.1790863252252671,0.23532693033594845,5.173774783072378,2.476740999935676,0.46626787075317216,0.08406121120034721,0.527138812806402,0.6963253972776681,0,0.285496868520616,0.6694210862619752,1.1778914773688918,1.379997303128373,208019456,77230080,6004736,425590784,98902016,335069184,38871040,4513792,279556096,92569600,4718592,2879488,301047808,8871936,43393024,2289682.887245936,0,964944.4534263344,18855.15685778074,0,0,0,1933117.5836030205,11,8,8,4,8,15,6,6,3,11,1,3,6,31,16,7.2,4.133,23.667,2.2,2.467,2.467,18.867,0.012693181818181817,0.0030765027322404367,0.03075757575757576,0.030416666666666668,0.002125,0.003043478260869565,0.005791583166332665,0.02308409090909091,0.004737704918032787,0.08179661016949152,0.04608333333333334,0.004425,0.004678260869565217,0.009198396793587176
1705783334,1.3019732546528486,2.833563461191685,0.1790863252252671,0.23532693033594845,5.173774783072378,2.4198570592156368,0.46626787075317216,0.08833358229657959,0.44675160812790565,0.6810084977802352,0,0.285496868520616,0.6694210862619752,1.1778914773688918,1.379997303128373,208019456,77230080,6004736,425590784,98902016,335069184,38871040,4513792,279556096,92569600,4718592,2879488,301047808,8871936,43393024,2289682.887245936,0,964944.4534263344,15979.797812404893,0,0,0,1933117.5836030205,11,8,8,4,8,15,6,6,3,11,1,3,6,31,16,7.2,4.133,23.667,2.2,2.467,2.467,18.867,0.012693181818181817,0.0030765027322404367,0.03075757575757576,0.030416666666666668,0.002125,0.003043478260869565,0.005791583166332665,0.02308409090909091,0.004737704918032787,0.08179661016949152,0.04608333333333334,0.004425,0.004678260869565217,0.009198396793587176
1705783335,1.3298950189497043,2.833563461191685,0.1790863252252671,0.23532693033594845,5.173774783072378,2.4046706216545286,0.46626787075317216,0.08833358229657959,0.6028525398028936,0.6656915982828024,0,0.285496868520616,0.6694210862619752,1.1778914773688918,1.379997303128373,208019456,77230080,6004736,425590784,98902016,334888960,38871040,4513792,279556096,92569600,4718592,2879488,301047808,8871936,43393024,2289682.887245936,0,964944.4534263344,25878.190548395247,0,0,0,1933117.5836030205,11,8,8,4,8,14,6,6,3,11,1,3,6,31,16,7.2,4.133,23.667,2.2,2.467,2.467,18.867,0.012693181818181817,0.0030765027322404367,0.03075757575757576,0.030416666666666668,0.002125,0.003043478260869565,0.005791583166332665,0.02308409090909091,0.004737704918032787,0.08179661016949152,0.04608333333333334,0.004425,0.004678260869565217,0.009198396793587176
1705783336,1.35781678324656,2.833563461191685,0.1790863252252671,0.23532693033594845,5.173774783072378,2.4046706216545286,0.46626787075317216,0.08833358229657959,0.49758443881097825,0.6503746987853697,0,0.285496868520616,0.6694210862619752,1.1778914773688918,1.379997303128373,208019456,77230080,6004736,425590784,98902016,334888960,38871040,4513792,279556096,92569600,4718592,2879488,301047808,8871936,43393024,2289682.887245936,0,964944.4534263344,21359.42717546963,0,0,0,1933117.5836030205,11,8,8,4,8,14,6,6,3,11,1,3,6,31,16,7.2,4.067,23.667,2.2,2.467,2.467,18.867,0.012693181818181817,0.0030652173913043477,0.03075757575757576,0.030416666666666668,0.002125,0.003043478260869565,0.005791583166332665,0.02308409090909091,0.004717391304347826,0.08179661016949152,0.04608333333333334,0.004425,0.004678260869565217,0.009198396793587176
1705783337,1.3857385475434159,2.833563461191685,0.1790863252252671,0.23532693033594845,5.173774783072378,2.4046706216545286,0.45878945439952756,0.08833358229657959,0.48753689648093,0.8967565734278238,0,0.285496868520616,0.6694210862619752,1.1778914773688918,1.110506829782454,208019456,77230080,6004736,425590784,98902016,334888960,38879232,4513792,279556096,92565504,4718592,2879488,301047808,8871936,43393024,2289682.887245936,0,879046.6386334687,20928.123999663043,0,0,0,1555611.9381517442,11,8,8,4,8,14,6,6,3,11,1,3,6,31,16,7.2,4.067,23.667,2.2,2.467,2.467,16.333,0.012693181818181817,0.0030652173913043477,0.03075757575757576,0.030416666666666668,0.002125,0.003043478260869565,0.005789738430583501,0.02308409090909091,0.004717391304347826,0.08179661016949152,0.04608333333333334,0.004425,0.004678260869565217,0.009190140845070425
1705783338,1.4136603118402713,2.833563461191685,0.1790863252252671,0.23532693033594845,5.173774783072378,2.4046706216545286,0.45878945439952756,0.08833358229657959,0.4774893541508819,0.8967565734278238,0,0.285496868520616,0.6694210862619752,1.1778914773688918,1.0875068747303143,208019456,77230080,6004736,425590784,98902016,334888960,38879232,4513792,279556096,92565504,4718592,2879488,301047808,8871936,43393024,2289682.887245936,0,879046.6386334687,20496.820823856462,0,0,0,1523393.3117583601,11,8,8,4,8,14,6,6,3,11,1,3,6,31,16,7.2,4.067,23.667,2.2,2.067,2.467,16.333,0.012693181818181817,0.0030652173913043477,0.03075757575757576,0.030416666666666668,0.0021515151515151512,0.003043478260869565,0.005789738430583501,0.02308409090909091,0.004717391304347826,0.08179661016949152,0.04608333333333334,0.004430303030303031,0.004678260869565217,0.009190140845070425
1705783339,1.4415820761371272,2.833563461191685,0.1819802050571279,0.23532693033594845,5.173774783072378,2.4046706216545286,0.45878945439952756,0.08833358229657959,0.4674418118208336,0.8967565734278238,0,0.285496868520616,0.6694210862619752,1.1778914773688918,1.1001181514163683,208019456,77230080,5996544,425590784,98902016,334888960,38879232,4513792,279556096,92565504,4718592,2879488,301047808,8871936,43393024,2289682.887245936,0,879046.6386334687,20065.51764804987,0,0,0,915978.1294964028,11,8,8,4,8,14,6,6,3,11,1,3,6,31,16,7.2,4.067,23.667,2.2,2.067,2,16.333,0.012693181818181817,0.0030652173913043477,0.03075757575757576,0.030416666666666668,0.0021515151515151512,0.003043478260869565,0.005789738430583501,0.02308409090909091,0.004717391304347826,0.08179661016949152,0.04608333333333334,0.004430303030303031,0.004678260869565217,0.009190140845070425
1705783340,1.4695038404339829,2.833563461191685,0.1819802050571279,0.23532693033594845,5.173774783072378,2.4046706216545286,0.45567210914784445,0.08833358229657959,0.45739426949078543,0.8967565734278238,0,0.285496868520616,0.6694210862619752,1.1778914773688918,1.0761551343300373,208019456,77230080,5996544,425590784,98902016,334888960,38879232,4513792,279556096,92565504,4718592,2879488,301047808,8871936,43393024,2289682.887245936,0,659610.8253187207,19634.214472243282,0,0,0,896026.0911270983,11,8,8,4,8,14,6,6,3,11,1,3,6,31,16,6.867,4.067,23.667,1.867,1.733,1.667,15.467,0.012568493150684932,0.0030652173913043477,0.03075757575757576,0.02857142857142857,0.0021764705882352945,0.0030425531914893616,0.005725152129817444,0.023061643835616437,0.004717391304347826,0.08179661016949152,0.045714285714285714,0.004435294117647059,0.004676595744680851,0.009177484787018254
1705783341,1.6753058578113404,2.7132066484067994,0.1819802050571279,0.23532693033594845,4.432832747749936,2.4046706216545286,0.45567210914784445,0.08833358229657959,0.4473467271607372,0.8970437048442566,0,0.285496868520616,0.6694210862619752,1.1778914773688918,1.310751351092832,208019456,77139968,5996544,425590784,98902016,334888960,38879232,4513792,279556096,92565504,4718592,2879488,301047808,8871936,43311104,2076534.9347578296,0,659610.8253187207,19202.911296436694,0,0,0,1273327.2753359796,11,8,8,4,8,14,6,6,3,11,1,3,6,31,16,6.867,4.067,23.667,1.867,1.733,1.667,15.467,0.012568493150684932,0.0030652173913043477,0.03075757575757576,0.02857142857142857,0.0021764705882352945,0.0030425531914893616,0.005725152129817444,0.023061643835616437,0.004717391304347826,0.08179661016949152,0.045714285714285714,0.004435294117647059,0.004676595744680851,0.009177484787018254
1705783342,1.470620711005857,2.5294475124190003,0.1819802050571279,0.23532693033594845,4.346603168032062,2.4046706216545286,0.45567210914784445,0.08833358229657959,0.43729918483068897,0.8970437048442566,0,0.285496868520616,0.6694210862619752,1.1778914773688918,1.310751351092832,208019456,77139968,5996544,425590784,98902016,334888960,38879232,4513792,279556096,92565504,4718592,2879488,301047808,8871936,43311104,2168999.1678644377,0,659610.8253187207,18771.60812063011,0,0,0,1273327.2753359796,11,8,8,4,8,14,6,6,3,11,1,3,6,31,16,6.867,4.067,23.667,1.867,1.733,1.667,15.467,0.012568493150684932,0.0030652173913043477,0.03075757575757576,0.02857142857142857,0.0021764705882352945,0.0030425531914893616,0.005725152129817444,0.023061643835616437,0.004717391304347826,0.08179661016949152,0.045714285714285714,0.004435294117647059,0.004676595744680851,0.009177484787018254
1705783343,1.4426989467090015,2.5294475124190003,0.1582544000429421,0.23532693033594845,4.260373588314191,3.01759790972775,0.45567210914784445,0.08833358229657959,0.4272516425006408,0.8970437048442566,0,0.285496868520616,0.6694210862619752,1.1778914773688918,1.310751351092832,208019456,77139968,5996544,425590784,98902016,334888960,38879232,4513792,279556096,92565504,4718592,2879488,301047808,8871936,43311104,2168999.1678644377,0,659610.8253187207,18340.304944823525,0,0,0,1273327.2753359796,11,8,8,4,8,14,6,6,3,11,1,3,6,31,16,8,3.867,24,1.533,1.733,1.667,15.533,0.01226829268292683,0.0030756756756756755,0.030509118541033442,0.027122641509433963,0.0021764705882352945,0.0030425531914893616,0.005725152129817444,0.022921951219512196,0.004736216216216216,0.08151877133105802,0.04542452830188679,0.004435294117647059,0.004676595744680851,0.009153144016227181
1705783344,1.4147771824121458,2.5294475124190003,0.18579427212367403,0.23532693033594845,4.174144008596317,3.01759790972775,0.45567210914784445,0.08833358229657959,0.4172041001705925,0.8970437048442566,0,0.285496868520616,0.2515300000000309,1.1778914773688918,1.310751351092832,208019456,77139968,5996544,425590784,98902016,334888960,38879232,4513792,279556096,92565504,4718592,2879488,301047808,8871936,43311104,2168999.1678644377,0,659610.8253187207,17909.001769016933,0,0,0,1273327.2753359796,11,8,8,4,8,14,6,6,3,11,1,3,6,31,16,8,3.867,24.4,1.533,1.733,1.667,15.533,0.01226829268292683,0.0030756756756756755,0.03030769230769231,0.027122641509433963,0.0021764705882352945,0.0030425531914893616,0.005725152129817444,0.022921951219512196,0.004736216216216216,0.08146666666666667,0.04542452830188679,0.004435294117647059,0.004676595744680851,0.009153144016227181
1705783345,2.4742545568455383,2.5294475124190003,0.18579427212367403,0.20431944809953898,4.906654044970104,3.01759790972775,0.45567210914784445,0.08833358229657959,0.4071565578405443,0.8970437048442566,0,0.285496868520616,0.32621403711843594,1.0006678888364307,1.310751351092832,208039936,77139968,5996544,425590784,102146048,334888960,38879232,4513792,279556096,92565504,4718592,2879488,301047808,8871936,43311104,2168999.1678644377,0,659610.8253187207,17477.698593210345,0,0,0,1273327.2753359796,11,8,8,4,7,14,6,6,3,11,1,3,6,31,16,8,3.867,24.4,1.533,1.733,1.667,15.533,0.01226829268292683,0.0030756756756756755,0.03030769230769231,0.027122641509433963,0.0021764705882352945,0.0030425531914893616,0.005725152129817444,0.022921951219512196,0.004736216216216216,0.08146666666666667,0.04542452830188679,0.004435294117647059,0.004676595744680851,0.009153144016227181
1705783346,2.4742545568455383,2.5294475124190003,0.18579427212367403,0.20841207832261993,4.906654044970104,3.01759790972775,0.45567210914784445,0.0927138638031991,0.1975633333333349,0.8970437048442566,0,0.224875683456132,0.31913028134508825,0.9810363642136157,1.310751351092832,208039936,77139968,5996544,425590784,102146048,334888960,38879232,4513792,279556096,92565504,4718592,2879488,301047808,8871936,43311104,2168999.1678644377,0,659610.8253187207,0,0,0,0,1273327.2753359796,11,8,8,4,7,14,6,6,3,11,1,3,6,31,16,8,3.867,24.4,1.533,1.733,1.667,15.533,0.01226829268292683,0.0030756756756756755,0.03030769230769231,0.027122641509433963,0.0021764705882352945,0.0030425531914893616,0.005725152129817444,0.022921951219512196,0.004736216216216216,0.08146666666666667,0.04542452830188679,0.004435294117647059,0.004676595744680851,0.009153144016227181
1705783347,2.4742545568455383,2.5294475124190003,0.18579427212367403,0.24555781338485866,4.906654044970104,3.01759790972775,0.4591163738222574,0.09730436392243948,0.1975633333333349,0.8970437048442566,0,0.23399196101346068,0.4502261252423045,0.9614048395908008,1.310751351092832,208039936,77139968,5996544,425590784,102146048,334888960,38916096,4513792,279556096,92565504,4718592,2883584,300859392,8871936,43311104,2168999.1678644377,0,879129.8337516827,0,0,0,0,1273327.2753359796,11,8,8,4,7,14,6,6,3,11,1,3,6,31,16,8,3.867,24.4,1.533,1.733,1.667,15.533,0.01226829268292683,0.0030756756756756755,0.03030769230769231,0.027122641509433963,0.0021764705882352945,0.0030425531914893616,0.005725152129817444,0.022921951219512196,0.004736216216216216,0.08146666666666667,0.04542452830188679,0.004435294117647059,0.004676595744680851,0.009153144016227181
1705783348,2.4742545568455383,2.5294475124190003,0.18579427212367403,0.24555781338485866,4.906654044970104,3.01759790972775,0.4591163738222574,0.09730436392243948,0.1975633333333349,0.8970437048442566,0,0.2387354900164771,0.4502261252423045,0.9528570355247061,1.310751351092832,208039936,77139968,5996544,425590784,102146048,334888960,38916096,4513792,279556096,92565504,4718592,2883584,300859392,8871936,43311104,2168999.1678644377,0,879129.8337516827,0,0,0,0,1273327.2753359796,11,8,8,4,7,14,6,6,3,11,1,3,6,31,16,8,3.867,24.4,1.533,1.733,1.667,15.533,0.01226829268292683,0.0030756756756756755,0.03030769230769231,0.027122641509433963,0.0021764705882352945,0.0030425531914893616,0.005725152129817444,0.022921951219512196,0.004736216216216216,0.08146666666666667,0.04542452830188679,0.004435294117647059,0.004676595744680851,0.009153144016227181
1705783349,2.4742545568455383,2.5294475124190003,0.18579427212367403,0.24555781338485866,4.906654044970104,3.01759790972775,0.4591163738222574,0.09730436392243948,0.7879354838709616,0.8970437048442566,0,0.24347901901949345,0.4502261252423045,0.9329047348441801,1.310751351092832,208039936,77139968,5996544,425590784,102146048,334888960,38916096,4513792,280051712,92565504,4718592,2883584,300859392,8871936,43311104,2168999.1678644377,0,879129.8337516827,37751.15207373272,0,0,0,1273327.2753359796,11,8,8,4,7,14,6,6,3,11,1,3,6,31,16,8,3.867,24.4,1.533,1.733,1.667,15.533,0.01226829268292683,0.0030756756756756755,0.03030769230769231,0.027122641509433963,0.0021764705882352945,0.0030425531914893616,0.005725152129817444,0.022921951219512196,0.004736216216216216,0.08146666666666667,0.04542452830188679,0.004435294117647059,0.004676595744680851,0.009153144016227181
1705783350,2.4742545568455383,2.5294475124190003,0.18579427212367403,0.20506021416991663,4.906654044970104,3.01759790972775,0.4591163738222574,0.09730436392243948,0.7879354838709616,0.8970437048442566,0,0.28461174018098284,0.4502261252423045,0.9129524341636542,1.310751351092832,208039936,77139968,5996544,425590784,102146048,334888960,38916096,4513792,280051712,92565504,4718592,2883584,300859392,8871936,43311104,2168999.1678644377,0,879129.8337516827,37751.15207373272,0,0,0,1273327.2753359796,11,8,8,4,7,14,6,6,3,11,1,3,6,31,16,8,3.867,24.4,1.533,1.733,1.667,15.533,0.01226829268292683,0.0030756756756756755,0.03030769230769231,0.027122641509433963,0.0021764705882352945,0.0030425531914893616,0.005725152129817444,0.022921951219512196,0.004736216216216216,0.08146666666666667,0.04542452830188679,0.004435294117647059,0.004676595744680851,0.009153144016227181
1705783351,2.4742545568455383,2.5294475124190003,0.18579427212367403,0.2397501867374901,4.906654044970104,3.01759790972775,0.4591163738222574,0.09730436392243948,0.7879354838709616,0.8970437048442566,0,0.28461174018098284,0.4502261252423045,0.8930001334831282,1.310751351092832,208039936,77139968,5996544,425590784,102146048,334888960,38916096,4513792,280051712,92565504,4718592,2883584,300859392,8871936,43311104,2168999.1678644377,0,879129.8337516827,37751.15207373272,0,0,0,1273327.2753359796,11,8,8,4,7,14,6,6,3,11,1,3,6,31,16,8,3.8,24.4,1.533,1.733,1.667,15.533,0.01226829268292683,0.0030777777777777774,0.03030769230769231,0.027122641509433963,0.0021764705882352945,0.0030425531914893616,0.005725152129817444,0.022921951219512196,0.00474,0.08146666666666667,0.04542452830188679,0.004435294117647059,0.004676595744680851,0.009153144016227181
1705783352,2.4742545568455383,2.5294475124190003,0.18579427212367403,0.2397501867374901,4.906654044970104,3.01759790972775,0.4552018799401844,0.09730436392243948,0.7879354838709616,0.8970437048442566,0,0.28461174018098284,0.4502261252423045,0.8730478328026025,1.310751351092832,208039936,77139968,5996544,425590784,102146048,334888960,38916096,4513792,280051712,92565504,4718592,2883584,300859392,8871936,43311104,2168999.1678644377,0,972251.892995324,37751.15207373272,0,0,0,1273327.2753359796,11,8,8,4,7,14,6,6,3,11,1,3,6,31,16,8,3.8,24.4,1.533,1.733,1.667,18.067,0.01226829268292683,0.0030777777777777774,0.03030769230769231,0.027122641509433963,0.0021764705882352945,0.0030425531914893616,0.005647368421052632,0.022921951219512196,0.00474,0.08146666666666667,0.04542452830188679,0.004435294117647059,0.004676595744680851,0.009137894736842105
1705783353,2.4742545568455383,2.5294475124190003,0.18579427212367403,0.2397501867374901,4.906654044970104,3.01759790972775,0.4552018799401844,0.09730436392243948,0.7879354838709616,0.8970437048442566,0.00017858036951116203,0.28461174018098284,0.4502261252423045,0.8530955321220766,1.310751351092832,208039936,77139968,5996544,425590784,102146048,334888960,38916096,4513792,280051712,92565504,4718592,2883584,300859392,8871936,43311104,2168999.1678644377,0,972251.892995324,37751.15207373272,0,0,0,1273327.2753359796,11,8,8,4,7,14,6,6,3,11,1,3,6,31,16,8,3.8,24.4,1.533,1.8,1.667,18.067,0.01226829268292683,0.0030777777777777774,0.03030769230769231,0.027122641509433963,0.0021641791044776123,0.0030425531914893616,0.005647368421052632,0.022921951219512196,0.00474,0.08146666666666667,0.04542452830188679,0.004432835820895523,0.004676595744680851,0.009137894736842105
1705783354,2.5728744345274492,2.5294475124190003,0.18506990191772807,0.2397501867374901,4.906654044970104,2.28925606049371,0.4552018799401844,0.09730436392243948,0.7879354838709616,0.8524821703258303,0.00023652681374066698,0.28461174018098284,0.4502261252423045,0.8331432314415506,1.310751351092832,208039936,77139968,5996544,425590784,102146048,334901248,38916096,4513792,280051712,92565504,4718592,2883584,300859392,8871936,43311104,2168999.1678644377,0,972251.892995324,37751.15207373272,0,0,0,1273327.2753359796,11,8,8,4,7,14,6,6,3,11,1,3,6,31,16,8,3.8,24.4,1.533,1.8,1.8,18.067,0.01226829268292683,0.0030777777777777774,0.03030769230769231,0.027122641509433963,0.0021641791044776123,0.0030425531914893616,0.005647368421052632,0.022921951219512196,0.00474,0.08146666666666667,0.04542452830188679,0.004432835820895523,0.004676595744680851,0.009137894736842105
1705783355,2.5728744345274492,2.5294475124190003,0.18506990191772807,0.2397501867374901,4.906654044970104,2.28925606049371,0.4552018799401844,0.09730436392243948,0.7879354838709616,0.8524821703258303,0.00023652681374066698,0.28461174018098284,0.4502261252423045,1.126596230725361,1.310751351092832,208039936,77139968,5996544,425590784,102146048,334901248,38916096,4513792,280051712,92565504,4718592,2883584,300859392,8781824,43311104,2168999.1678644377,0,972251.892995324,37751.15207373272,0,0,0,1273327.2753359796,11,8,8,4,7,14,6,6,3,11,1,3,6,31,16,8,3.8,24.4,1.533,1.8,1.8,17.8,0.012451219512195124,0.0030777777777777774,0.03030769230769231,0.026041666666666668,0.002096774193548387,0.0030222222222222226,0.005671641791044776,0.022958536585365855,0.00474,0.08146666666666667,0.04520833333333333,0.004419354838709677,0.004640000000000001,0.009142857142857144
1705783356,2.5728744345274492,2.614985696471795,0.18506990191772807,0.2397501867374901,4.906654044970104,2.28925606049371,0.4552018799401844,0.09730436392243948,0.7879354838709616,0.8524821703258303,0.00023652681374066698,0.28461174018098284,0.4502261252423045,1.126596230725361,1.310751351092832,208039936,77168640,5996544,425590784,102146048,334901248,38916096,4513792,280051712,92565504,4718592,2883584,300859392,8781824,43311104,2073087.3615491823,0,972251.892995324,37751.15207373272,0,0,0,1273327.2753359796,11,8,8,4,7,14,6,6,3,11,1,3,6,31,16,8,3.8,24.4,1.533,1.8,1.8,17.8,0.012451219512195124,0.0030777777777777774,0.03030769230769231,0.026041666666666668,0.002096774193548387,0.0030222222222222226,0.005671641791044776,0.022958536585365855,0.00474,0.08146666666666667,0.04520833333333333,0.004419354838709677,0.004640000000000001,0.009142857142857144
1705783357,2.4034699060036475,2.614985696471795,0.18506990191772807,0.2397501867374901,4.906654044970104,2.28925606049371,0.4552018799401844,0.09730436392243948,0.7879354838709616,0.8524821703258303,0.00023652681374066698,0.28461174018098284,0.4317233935936628,1.126596230725361,1.310751351092832,208076800,77168640,5996544,425590784,102146048,334901248,38916096,4513792,280051712,92565504,4718592,2883584,300855296,8781824,43311104,2073087.3615491823,0,972251.892995324,37751.15207373272,0,0,0,1273327.2753359796,12,8,8,4,7,14,6,6,3,11,1,3,6,31,16,8,3.8,24.4,1.533,1.8,1.8,17.8,0.012451219512195124,0.0030777777777777774,0.03030769230769231,0.026041666666666668,0.002096774193548387,0.0030222222222222226,0.005671641791044776,0.022958536585365855,0.00474,0.08146666666666667,0.04520833333333333,0.004419354838709677,0.004640000000000001,0.009142857142857144
1705783358,2.4034699060036475,2.614985696471795,0.18506990191772807,0.2397501867374901,4.660397992111868,2.28925606049371,0.4552136849716491,0.09600107401772126,0.7879354838709616,0.8524821703258303,0.00023652681374066698,0.28461174018098284,0.4317233935936628,1.126596230725361,1.310751351092832,208076800,77168640,5996544,425590784,102146048,334901248,38928384,4517888,280051712,92565504,4718592,2883584,300855296,8781824,43311104,2073087.3615491823,0,911884.9183696769,37751.15207373272,0,0,0,1273327.2753359796,12,8,8,4,7,14,6,6,3,11,1,3,6,31,16,8.133,4,24.6,2.067,1.8,1.8,18.6,0.012785714285714284,0.0031040462427745666,0.029692192192192195,0.023199999999999995,0.002096774193548387,0.0030222222222222226,0.005597587719298245,0.02284285714285714,0.00478728323699422,0.0803046594982079,0.04421052631578947,0.004419354838709677,0.004640000000000001,0.00911951754385965
1705783359,2.4034699060036475,2.614985696471795,0.19081487207982067,0.2397501867374901,4.660397992111868,2.28925606049371,0.4552136849716491,0.09600107401772126,0.7879354838709616,0.8524821703258303,0.00023652681374066698,0.2852165830079946,0.4317233935936628,1.126596230725361,1.21668192791143,208076800,77168640,5996544,425590784,102146048,334901248,38928384,4517888,280051712,92565504,4718592,2883584,300855296,8781824,43311104,2073087.3615491823,0,911884.9183696769,37751.15207373272,0,0,0,1329759.4272871057,12,8,8,4,7,14,6,6,3,11,1,3,6,31,16,8.133,4,24.733,2.067,1.8,1.8,18.6,0.012785714285714284,0.0031040462427745666,0.029289940828402364,0.023199999999999995,0.002096774193548387,0.0030222222222222226,0.005597587719298245,0.02284285714285714,0.00478728323699422,0.07943396226415096,0.04421052631578947,0.004419354838709677,0.004640000000000001,0.00911951754385965
1705783360,2.4034699060036475,2.614985696471795,0.19081487207982067,0.2397501867374901,4.660397992111868,1.14574672649024,0.4552136849716491,0.09600107401772126,0.7879354838709616,0.8524821703258303,0.00023652681374066698,0.2852165830079946,0.4317233935936628,1.126596230725361,1.2630592432983447,208076800,77168640,5996544,425590784,102146048,334901248,38928384,4517888,280051712,92565504,4718592,2883584,300855296,8781824,43360256,2073087.3615491823,0,911884.9183696769,37751.15207373272,0,0,0,1746168.9951576656,12,8,8,4,7,14,6,6,3,11,1,3,6,31,16,8.133,4,24.733,2.067,1.8,1.8,18.6,0.012785714285714284,0.0031040462427745666,0.029289940828402364,0.023199999999999995,0.002096774193548387,0.0030222222222222226,0.005597587719298245,0.02284285714285714,0.00478728323699422,0.07943396226415096,0.04421052631578947,0.004419354838709677,0.004640000000000001,0.00911951754385965
1705783361,2.4034699060036475,2.173187985834019,0.19081487207982067,0.2397501867374901,4.660397992111868,1.14574672649024,0.4552136849716491,0.09600107401772126,0.7879354838709616,0.8524821703258303,0.00023652681374066698,0.2852165830079946,0.4317233935936628,1.126596230725361,1.2630592432983445,208076800,77168640,5996544,425590784,102146048,334901248,38928384,4517888,280051712,92565504,4718592,2883584,300855296,8781824,43360256,1425710.2000746334,0,911884.9183696769,37751.15207373272,0,0,0,1746168.9951576653,12,8,8,4,7,14,6,6,3,11,1,3,6,31,16,8.133,4,24.733,2.067,1.8,1.8,18.6,0.012785714285714284,0.0031040462427745666,0.029289940828402364,0.023199999999999995,0.002096774193548387,0.0030222222222222226,0.005597587719298245,0.02284285714285714,0.00478728323699422,0.07943396226415096,0.04421052631578947,0.004419354838709677,0.004640000000000001,0.00911951754385965
1705783362,2.4034699060036475,2.6345265091712737,0.19081487207982067,0.2397501867374901,4.660397992111868,1.14574672649024,0.4552136849716491,0.09600107401772126,0.7879354838709616,0.8524821703258303,0.00023652681374066698,0.2852165830079946,0.4317233935936628,1.126596230725361,1.2630592432983445,208076800,77168640,5996544,425590784,102146048,334901248,38928384,4517888,280051712,92565504,4718592,2883584,300855296,8781824,43360256,1728369.2625656629,0,911884.9183696769,37751.15207373272,0,0,0,1746168.9951576653,12,8,8,4,7,14,6,6,3,11,1,3,6,31,16,8.133,4,24.733,2.067,1.8,1.8,18.6,0.012785714285714284,0.0031040462427745666,0.029289940828402364,0.023199999999999995,0.002096774193548387,0.0030222222222222226,0.005597587719298245,0.02284285714285714,0.00478728323699422,0.07943396226415096,0.04421052631578947,0.004419354838709677,0.004640000000000001,0.00911951754385965
1705783363,2.4034699060036475,2.6345265091712737,0.19081487207982067,0.23793468011544025,4.600269599286248,1.14574672649024,0.4552136849716491,0.07888576802731698,0.6858734363760735,0.8524821703258303,0.00023652681374066698,0.2852165830079946,0.4317233935936628,1.0541610834609914,1.2630592432983445,208076800,77168640,5996544,425590784,109522944,334901248,38928384,4517888,280055808,92565504,4718592,2883584,300855296,8781824,43360256,1728369.2625656629,0,911884.9183696769,57488.72787241883,0,0,0,1746168.9951576653,12,8,8,4,7,14,6,6,3,11,1,3,6,31,16,8.133,4,24.733,2.067,1.8,1.8,18.6,0.012785714285714284,0.0031040462427745666,0.029289940828402364,0.023199999999999995,0.002096774193548387,0.0030222222222222226,0.005597587719298245,0.02284285714285714,0.00478728323699422,0.07943396226415096,0.04421052631578947,0.004419354838709677,0.004640000000000001,0.00911951754385965
1705783364,2.591935873875624,2.6345265091712733,0.19081487207982067,0.23793468011544025,4.600269599286248,1.14574672649024,0.4552136849716491,0.08046466756251469,0.6858734363760732,0.8524821703258303,0.00023652681374066698,0.2852165830079946,0.4317233935936628,1.0541610834609914,1.2630592432983445,208076800,77168640,5996544,425590784,109522944,334901248,38928384,4517888,280055808,92565504,4718592,2883584,300855296,8781824,43360256,1728369.2625656629,0,911884.9183696769,57488.727872418815,0,0,0,1746168.9951576653,12,8,8,4,7,14,6,6,3,11,1,3,6,31,16,8.133,4,24.733,2.067,1.8,1.8,18.6,0.012785714285714284,0.0031040462427745666,0.029289940828402364,0.023199999999999995,0.002096774193548387,0.0030222222222222226,0.005597587719298245,0.02284285714285714,0.00478728323699422,0.07943396226415096,0.04421052631578947,0.004419354838709677,0.004640000000000001,0.00911951754385965
1705783365,2.591935873875624,2.6345265091712733,0.19081487207982067,0.23793468011544025,4.600269599286248,1.14574672649024,0.36427123097275427,0.08204356709771245,0.6858734363760732,0.8524821703258303,0.00023652681374066698,0.2848832607835382,0.43520742997772943,1.0541610834609914,1.2630592432983445,208076800,77168640,5996544,425590784,109522944,334901248,38928384,4517888,280055808,92565504,4718592,2883584,300855296,8781824,43360256,1728369.2625656629,0,797235.6341774948,57488.727872418815,0,0,0,1746168.9951576653,12,8,8,4,7,14,6,6,3,11,1,3,6,31,16,8.133,4,24.733,2.067,1.8,1.8,18.6,0.012785714285714284,0.0031040462427745666,0.029289940828402364,0.023199999999999995,0.002096774193548387,0.0030222222222222226,0.005597587719298245,0.02284285714285714,0.00478728323699422,0.07943396226415096,0.04421052631578947,0.004419354838709677,0.004640000000000001,0.00911951754385965
1705783366,2.591935873875624,2.6345265091712733,0.19081487207982067,0.23793468011544025,4.600269599286248,1.14574672649024,0.37182013759639654,0.09473397211186424,0.739316125005567,0.8524821703258303,0.00023652681374066698,0.2848832607835382,0.43520742997772943,1.0541610834609914,1.2630592432983445,208076800,77168640,5996544,425590784,109522944,334901248,38928384,4517888,280055808,92565504,4718592,2883584,300855296,8781824,43360256,1728369.2625656629,0,813756.9975126529,73041.77254692167,0,0,0,1746168.9951576653,12,8,8,4,7,14,6,6,3,11,1,3,6,31,16,8.133,3.867,24.733,2.067,1.8,1.8,18.6,0.012785714285714284,0.00308187134502924,0.029289940828402364,0.023199999999999995,0.002096774193548387,0.0030222222222222226,0.005597587719298245,0.02284285714285714,0.004747368421052632,0.07943396226415096,0.04421052631578947,0.004419354838709677,0.004640000000000001,0.00911951754385965
1705783367,2.591935873875624,2.6345265091712733,0.19081487207982067,0.23793468011544025,4.600269599286248,1.14574672649024,0.37936904422003886,0.09473397211186424,0.739316125005567,0.8524821703258303,0.00018266555132561059,0.2848832607835382,0.43520742997772943,1.0541610834609914,1.2630592432983445,208076800,77168640,5996544,425590784,109522944,334901248,38928384,4517888,280055808,92565504,4718592,2883584,300855296,8781824,43360256,1728369.2625656629,0,830278.360847811,73041.77254692167,0,0,0,1746168.9951576653,12,8,8,4,7,14,6,6,3,11,1,3,6,31,16,8.133,3.867,24.733,2.067,1.8,1.8,17.2,0.012785714285714284,0.00308187134502924,0.029289940828402364,0.023199999999999995,0.002096774193548387,0.0030222222222222226,0.00566815144766147,0.02284285714285714,0.004747368421052632,0.07943396226415096,0.04421052631578947,0.004419354838709677,0.004640000000000001,0.009133630289532296
1705783368,2.591935873875624,2.5560689131626684,0.19081487207982067,0.23793468011544025,4.600269599286248,1.14574672649024,0.38691795084368114,0.09473397211186424,0.739316125005567,0.8524821703258303,0.00023363239959247158,0.2848832607835382,0.43520742997772943,1.0541610834609914,1.2630592432983445,208076800,77193216,5996544,425590784,109522944,334901248,38928384,4517888,280055808,92565504,4718592,2883584,300855296,8781824,43360256,1632457.5091729576,0,846799.724182969,73041.77254692167,0,0,0,1746168.9951576653,12,8,8,4,7,14,6,6,3,11,1,3,6,31,16,8.133,3.867,24.733,2.067,2.2,1.8,17.2,0.012785714285714284,0.00308187134502924,0.029289940828402364,0.023199999999999995,0.002084745762711864,0.0030222222222222226,0.00566815144766147,0.02284285714285714,0.004747368421052631,0.07943396226415096,0.04421052631578947,0.0044169491525423744,0.004640000000000001,0.009133630289532296
1705783369,2.591935873875624,2.5560689131626684,0.178728713776075,0.23570677625919917,4.600269599286248,1.14574672649024,0.39446685746732346,0.09473397211186424,0.739316125005567,0.8524821703258303,0.00023982646486749989,0.2848832607835382,0.43520742997772943,1.0541610834609914,1.2630592432983445,208076800,77193216,5988352,425590784,109522944,334901248,38928384,4517888,280055808,92565504,4718592,2883584,300855296,8781824,43360256,1632457.5091729576,0,863321.087518127,73041.77254692167,0,0,0,1746168.9951576653,12,8,8,4,7,14,6,6,3,11,1,3,6,31,16,8.133,3.867,24.733,2.067,2.2,2.2,17.2,0.012785714285714284,0.00308187134502924,0.029289940828402364,0.023199999999999995,0.002084745762711864,0.0030238095238095237,0.00566815144766147,0.02284285714285714,0.004747368421052631,0.07943396226415096,0.04421052631578947,0.0044169491525423744,0.004642857142857142,0.009133630289532296
1705783370,2.591935873875624,2.5560689131626684,0.178728713776075,0.23570677625919917,4.600269599286248,0.7265956583716932,0.4002719666609043,0.09473397211186424,0.739316125005567,0.8524821703258303,0.00024602053014252814,0.2848832607835382,0.43520742997772943,1.0541610834609914,1.2630592432983445,208076800,77193216,5988352,425590784,109522944,334901248,38928384,4517888,280055808,92565504,4718592,2883584,300855296,8781824,43360256,1632457.5091729576,0,876026.0159228635,73041.77254692167,0,0,0,1746168.9951576653,12,8,8,4,7,14,6,6,3,11,1,3,6,31,16,8.6,3.867,24.733,2.533,2.667,2.667,18.867,0.012714285714285713,0.00308187134502924,0.029289940828402364,0.02323529411764706,0.0021147540983606555,0.0030470588235294123,0.005712719298245614,0.02282857142857143,0.004747368421052631,0.07943396226415096,0.04423076923076923,0.0044229508196721315,0.004684705882352941,0.009151315789473684
1705783371,2.591935873875624,2.5560689131626684,0.178728713776075,0.23570677625919917,4.524468834688378,0.7426473452530543,0.3927230600372621,0.09473397211186424,0.739316125005567,0.605965400911421,0.00025221459541755636,0.2848832607835382,0.43520742997772943,1.0541610834609914,1.2630592432983445,208076800,77193216,5988352,425590784,109522944,334901248,38928384,4517888,280055808,92569600,4718592,2883584,300855296,8781824,43360256,1632457.5091729576,0,859504.6525877054,73041.77254692167,0,0,0,1746168.9951576653,12,8,8,4,7,14,6,6,3,11,1,3,6,31,16,8.6,3.867,24.733,2.533,2.667,2.667,18.867,0.012714285714285713,0.00308187134502924,0.029289940828402364,0.02323529411764706,0.0021147540983606555,0.0030470588235294123,0.005712719298245614,0.02282857142857143,0.004747368421052631,0.07943396226415096,0.04423076923076923,0.0044229508196721315,0.004684705882352941,0.009151315789473684
1705783372,2.208574158485676,2.5560689131626684,0.17245391252052827,0.23570677625919917,4.524468834688378,0.8752410157866078,0.3851741534136197,0.09473397211186427,0.739316125005567,0.6198727009604532,0.0002584086606925846,0.2848832607835382,0.4538114312437542,1.0541610834609914,1.2630592432983445,208076800,77193216,5988352,425590784,109522944,334893056,38928384,4517888,280055808,92569600,4718592,2883584,300855296,8781824,43360256,1632457.5091729576,0,842983.2892525473,73041.77254692167,0,0,0,1746168.9951576653,12,8,8,4,7,15,6,6,3,11,1,3,6,31,16,8.6,3.867,24.733,2.533,2.667,2.667,18.867,0.012714285714285713,0.00308187134502924,0.029289940828402364,0.02323529411764706,0.0021147540983606555,0.0030470588235294123,0.005712719298245614,0.02282857142857143,0.004747368421052631,0.07943396226415096,0.04423076923076923,0.0044229508196721315,0.004684705882352941,0.009151315789473684
1705783373,2.165375227254416,2.5560689131626684,0.17245391252052827,0.23570677625919917,4.524468834688378,0.8939080453638173,0.3776252467899775,0.093790035925412,0.739316125005567,0.6337800010094855,0.00026460272596761286,0.2848832607835382,0.4538114312437542,1.0541610834609914,1.2630592432983445,208076800,77193216,5988352,425590784,109522944,334893056,38928384,4513792,280055808,92569600,4718592,2883584,300855296,8781824,43360256,1632457.5091729576,0,826461.9259173892,73041.77254692167,0,0,0,1746168.9951576653,12,8,8,4,7,15,6,6,3,11,1,3,6,31,16,7.267,3.533,24.067,2.4,2.667,2.667,18.2,0.012922535211267606,0.0030727272727272725,0.02917933130699088,0.022545454545454546,0.0021147540983606555,0.0030470588235294123,0.005777537796976242,0.022809859154929578,0.004730909090909091,0.07969924812030076,0.04378378378378379,0.0044229508196721315,0.004684705882352941,0.00917278617710583
1705783374,2.122176296023155,2.5560689131626684,0.17245391252052827,0.23570677625919917,4.524468834688378,0.9125750749410263,0.3700763401663352,0.093790035925412,0.739316125005567,0.6476873010585178,0.0002707967912426411,0.24326972980697395,0.4538114312437542,1.0537062125026073,1.2630592432983445,208076800,77193216,5988352,425590784,109522944,334893056,38928384,4513792,280055808,92569600,4718592,2883584,300855296,8781824,43360256,1632457.5091729576,0,809940.5625822314,73041.77254692167,0,0,0,1746168.9951576653,12,8,8,4,7,15,6,6,3,11,1,3,6,31,16,7.267,3.533,22.467,2.4,2.667,2.667,18.2,0.012922535211267606,0.0030727272727272725,0.02917933130699088,0.022545454545454546,0.0021147540983606555,0.0030470588235294123,0.005777537796976242,0.022809859154929578,0.004730909090909091,0.07962121212121209,0.04378378378378379,0.0044229508196721315,0.004684705882352941,0.00917278617710583
1705783375,2.5839127132770554,2.5560689131626684,0.17245391252052827,0.23570677625919917,4.524468834688378,1.120021774632552,0.3625274335426929,0.093790035925412,0.739316125005567,0.66159460110755,0.00027699085651766936,0.23852167546058164,0.4538114312437542,1.0537062125026073,1.2630592432983445,208076800,77193216,5988352,425590784,109522944,334893056,38928384,4513792,280055808,92569600,4718592,2883584,300855296,8781824,43360256,1632457.5091729576,0,793419.1992470734,73041.77254692167,0,0,0,1746168.9951576653,12,8,8,4,7,15,6,6,3,11,1,3,6,31,16,7.267,3.533,22.467,2.4,2.667,2.667,18.2,0.012922535211267606,0.0030727272727272725,0.02917933130699088,0.022545454545454546,0.0021147540983606555,0.0030470588235294123,0.005777537796976242,0.022809859154929578,0.004730909090909091,0.07962121212121209,0.04378378378378379,0.0044229508196721315,0.004684705882352941,0.00917278617710583
1705783376,2.530195347818716,2.5560689131626684,0.17245391252052827,0.2306691083251145,4.524468834688378,1.120021774632552,0.35497852691905063,0.093790035925412,0.739316125005567,0.6755019011565823,0.0002831849217926976,0.23377362111418934,0.4538114312437542,1.0537062125026073,1.2683589856223283,208076800,77193216,5988352,425590784,109522944,334893056,38928384,4513792,280055808,92569600,4718592,2883584,300855296,8781824,43397120,1632457.5091729576,0,776897.8359119154,73041.77254692167,0,0,0,1515524.8441433376,12,8,8,4,7,15,6,6,3,11,1,3,6,31,16,7.267,3.533,22.467,2.4,2.667,2.667,18.2,0.012922535211267606,0.0030727272727272725,0.02917933130699088,0.022545454545454546,0.0021147540983606555,0.0030470588235294123,0.005777537796976242,0.022809859154929578,0.004730909090909091,0.07962121212121209,0.04378378378378379,0.0044229508196721315,0.004684705882352941,0.00917278617710583
1705783377,2.476477982360376,2.5560689131626684,0.17245391252052827,0.2306691083251145,4.524468834688378,1.120021774632552,0.3474296202954083,0.093790035925412,0.739316125005567,0.6894092012056146,0.00028937898706772586,0.22902556676779703,0.4538114312437542,1.0537062125026073,0.9940853532477314,208076800,77193216,5988352,425590784,109522944,334893056,38928384,4513792,280055808,92569600,4718592,2883584,300855296,8781824,43397120,1632457.5091729576,0,760376.4725767571,73041.77254692167,0,0,0,1252418.8630094135,12,8,8,4,7,15,6,6,3,11,1,3,6,31,16,7.267,3.533,22.467,2.4,2.667,2.667,18.2,0.012922535211267606,0.0030727272727272725,0.02917933130699088,0.022545454545454546,0.0021147540983606555,0.0030470588235294123,0.005777537796976242,0.022809859154929578,0.004730909090909091,0.07962121212121209,0.04378378378378379,0.0044229508196721315,0.004684705882352941,0.00917278617710583
1705783378,2.4227606169020364,2.5560689131626684,0.17245391252052827,0.2306691083251145,4.524468834688378,1.120021774632552,0.339880713671766,0.093790035925412,0.16325666666666905,0.834438002941935,0.00029557305234275403,0.22427751242140473,0.4538114312437542,1.0537062125026073,1.015813163730341,208076800,77193216,5988352,425590784,109522944,334893056,38928384,4513792,280055808,92569600,4718592,2883584,300855296,8781824,43397120,1632457.5091729576,0,743855.1092415991,54613.333333333336,0,0,0,1279793.0916019683,12,8,8,4,7,15,6,6,3,11,1,3,6,31,16,7.267,3.533,22.467,2.4,2.667,2.667,18.2,0.012922535211267606,0.0030727272727272725,0.02917933130699088,0.022545454545454546,0.0021147540983606555,0.0030470588235294123,0.005777537796976242,0.022809859154929578,0.004730909090909091,0.07962121212121209,0.04378378378378379,0.0044229508196721315,0.004684705882352941,0.00917278617710583
1705783379,2.3690432514436965,2.5560689131626684,0.17245391252052827,0.2306691083251145,4.524468834688378,1.120021774632552,0.33233180704812376,0.093790035925412,0.16325666666666905,0.834438002941935,0.0003017671176177823,0.22323276058805408,0.4538114312437542,1.0537062125026073,1.0375409742129504,208076800,77193216,5988352,425590784,109522944,334893056,38928384,4513792,280055808,92569600,4718592,2883584,300855296,8781824,43397120,1632457.5091729576,0,727333.7459064411,54613.333333333336,0,0,0,1307167.3201945229,12,8,8,4,7,15,6,6,3,11,1,3,6,31,16,7.267,3.533,22.467,2.4,2.667,2.667,18.2,0.012922535211267606,0.0030727272727272725,0.02917933130699088,0.022545454545454546,0.0021147540983606555,0.0030470588235294123,0.005777537796976242,0.022809859154929578,0.004730909090909091,0.07962121212121209,0.04378378378378379,0.0044229508196721315,0.004684705882352941,0.00917278617710583
1705783380,2.315325885985357,2.5560689131626684,0.17245391252052827,0.2306691083251145,4.524468834688378,1.120021774632552,0.3247829004244815,0.09711655963183442,0.16325666666666905,0.834438002941935,0.00030796118289281064,0.21837509602480315,0.4538114312437542,1.0537062125026073,1.05926878469556,208076800,77193216,5988352,425590784,109522944,334893056,38928384,4513792,280055808,92569600,4718592,2883584,300855296,8781824,43397120,1632457.5091729576,0,710812.382571283,54613.333333333336,0,0,0,1334541.5487870777,12,8,8,4,7,15,6,6,3,11,1,3,6,31,16,7.267,3.533,22.467,2.4,2.667,2.667,18.2,0.012922535211267606,0.0030727272727272725,0.02917933130699088,0.022545454545454546,0.0021147540983606555,0.0030470588235294123,0.005777537796976242,0.022809859154929578,0.004730909090909091,0.07962121212121209,0.04378378378378379,0.0044229508196721315,0.004684705882352941,0.00917278617710583
1705783381,2.2616085205270173,2.0759590161446955,0.17245391252052827,0.2306691083251145,4.524468834688378,1.120021774632552,0.3172339938008392,0.09711655963183442,0.16325666666666905,0.834438002941935,0.0003141552481678388,0.28945200270407273,0.4538114312437542,1.0537062125026073,1.3036686289565727,208076800,77193216,5988352,425590784,109522944,334893056,38928384,4513792,280055808,92569600,4718592,2879488,300855296,8781824,43397120,1280359.4814275312,0,694291.019236125,54613.333333333336,0,25959.10089572418,0,1642453.7155532807,12,8,8,4,7,15,6,6,3,11,1,3,6,31,16,7.267,3.8,22.467,2.4,2.667,2.667,18.2,0.012922535211267606,0.0030736196319018404,0.02917933130699088,0.022545454545454546,0.0021147540983606555,0.0030470588235294123,0.005777537796976242,0.022809859154929578,0.004732515337423313,0.07962121212121209,0.04378378378378379,0.0044229508196721315,0.004684705882352941,0.00917278617710583
1705783382,2.2078911550686775,2.1194920338674437,0.17245391252052827,0.23612418831168935,4.524468834688378,1.120021774632552,0.3096850871771969,0.09711655963183442,0.16325666666666905,0.834438002941935,0.00037164391650169475,0.28945200270407273,0.4538114312437542,1.0537062125026073,1.3036686289565727,208076800,77193216,5988352,425721856,109522944,334893056,38928384,4513792,280055808,92569600,4718592,2879488,300855296,8781824,43397120,1307208.7166788054,0,677769.655900967,54613.333333333336,0,25959.10089572418,0,1642453.7155532807,12,8,8,4,7,15,6,6,3,11,1,3,6,31,16,7.267,3.8,22.467,2.4,2.667,2.667,18.933,0.012922535211267606,0.0030736196319018404,0.02917933130699088,0.022545454545454546,0.0021147540983606555,0.0030470588235294123,0.0058587398373983746,0.022809859154929578,0.004732515337423313,0.07962121212121209,0.04378378378378379,0.0044229508196721315,0.004684705882352941,0.009188008130081301
1705783383,2.1541737896103377,1.7931250000000003,0.17245391252052827,0.23612418831168935,3.669042593676629,1.120021774632552,0.2403574999999991,0.09711655963183442,0.16325666666666905,0.834438002941935,0.0003126005377838067,0.28945200270407273,0.3154847445380944,1.0537062125026073,1.3036686289565727,208076800,77193216,5988352,425721856,109522944,334893056,38928384,4513792,280055808,92569600,4718592,2879488,300855296,8781824,43397120,1105920.0000000002,0,645120.0000000001,54613.333333333336,0,25959.10089572418,0,1642453.7155532807,12,8,8,4,7,15,6,6,3,11,1,3,6,31,16,7.267,3.8,22.467,2.4,2.067,2.667,18.933,0.012922535211267606,0.0030736196319018404,0.02917933130699088,0.022545454545454546,0.002032258064516129,0.0030470588235294123,0.0058587398373983746,0.022809859154929578,0.004732515337423313,0.07962121212121209,0.04378378378378379,0.004406451612903226,0.004684705882352941,0.009188008130081301
1705783384,2.1004564241519983,1.7931250000000003,0.17245391252052827,0.23612418831168935,3.593634779765155,1.120021774632552,0.4490700728690019,0.09711655963183442,0.16325666666666905,0.834438002941935,0.0003064064725087785,0.28945200270407273,0.32280882450415577,0.7698289779693005,1.3036686289565727,208076800,77193216,5988352,425721856,109522944,334893056,38944768,4513792,280055808,92569600,4718592,2879488,300855296,8781824,43397120,1105920.0000000002,0,867649.5509235723,54613.333333333336,0,25959.10089572418,0,1642453.7155532807,12,8,8,4,7,15,6,6,3,11,1,3,6,31,16,7.267,3.8,22.467,2.4,2.067,2.2,18.933,0.012922535211267606,0.0030736196319018404,0.02917933130699088,0.022545454545454546,0.002032258064516129,0.0030459770114942527,0.0058587398373983746,0.022809859154929578,0.004732515337423313,0.07962121212121209,0.04378378378378379,0.004406451612903226,0.004682758620689655,0.009188008130081301
1705783385,2.622983661244326,1.7931250000000003,0.14654127504838121,0.23612418831168935,3.5182269658536827,1.120021774632552,0.4490700728690019,0.09337343457252731,0.16325666666666905,0.834438002941935,0.00022796514476852573,0.28945200270407273,0.33013290447021715,1.1455077353817753,1.3036686289565727,208113664,77193216,5988352,425721856,109522944,334893056,38944768,4521984,280055808,92569600,4718592,2879488,300855296,8790016,43397120,1105920.0000000002,0,867649.5509235723,54613.333333333336,0,25959.10089572418,0,1642453.7155532807,12,8,8,4,7,15,6,6,3,11,1,3,6,31,16,6.867,3.8,22.467,2,1.667,1.8,17.467,0.012887323943661972,0.0030736196319018404,0.02917933130699088,0.02367647058823529,0.0020476190476190472,0.003045454545454545,0.0059018036072144295,0.022802816901408448,0.004732515337423313,0.07962121212121209,0.04446428571428572,0.00440952380952381,0.004681818181818182,0.009196392785571142
1705783386,2.622983661244326,2.111481958606458,0.13728524073638998,0.23612418831168935,3.4023832633130815,1.120021774632552,0.4490700728690019,0.09337343457252731,0.16325666666666905,0.834438002941935,0.00022796514476852573,0.28945200270407273,0.3377868750513419,1.1455077353817753,1.3036686289565727,208113664,77193216,5988352,425721856,109522944,334893056,38944768,4521984,280055808,92569600,4718592,2879488,300855296,8790016,43397120,1302268.457392571,0,867649.5509235723,54613.333333333336,0,25959.10089572418,0,1642453.7155532807,12,8,8,4,7,15,6,6,3,11,1,3,6,31,16,6.867,3.8,22.467,2,1.667,1.8,17.467,0.012887323943661972,0.0030736196319018404,0.02917933130699088,0.02367647058823529,0.0020476190476190472,0.003045454545454545,0.0059018036072144295,0.022802816901408448,0.004732515337423313,0.07962121212121209,0.04446428571428572,0.00440952380952381,0.004681818181818182,0.009196392785571142
1705783387,2.622983661244326,2.0679489408837095,0.13455197229307925,0.23612418831168935,3.3275661451999428,1.043152034588965,0.4490700728690019,0.09337343457252731,0.16325666666666905,0.834438002941935,0.00022796514476852573,0.28945200270407273,0.3450784195470627,1.1455077353817753,1.3036686289565727,208113664,77193216,5988352,425721856,109522944,334897152,38944768,4521984,280055808,92569600,4718592,2879488,300855296,8790016,43397120,1275419.2221412964,0,867649.5509235723,54613.333333333336,0,25959.10089572418,0,1642453.7155532807,12,8,8,4,7,16,6,6,3,11,1,3,6,31,16,6.867,3.8,22.467,2,1.667,1.8,17.467,0.012887323943661972,0.0030736196319018404,0.02917933130699088,0.02367647058823529,0.0020476190476190472,0.003045454545454545,0.0059018036072144295,0.022802816901408448,0.004732515337423313,0.07962121212121209,0.04446428571428572,0.00440952380952381,0.004681818181818182,0.009196392785571142
1705783388,2.622983661244326,2.0244159231609613,0.13181870384976851,0.23612418831168935,3.252749027086805,1.043152034588965,0.4490700728690019,0.09337343457252731,0.16325666666666905,0.834438002941935,0.00022796514476852573,0.28945200270407273,0.35236996404278337,1.1455077353817753,1.3036686289565727,208113664,77193216,5988352,425721856,109522944,334897152,38944768,4521984,280055808,92569600,4718592,2879488,300855296,8790016,43397120,1248569.9868900222,0,867649.5509235723,54613.333333333336,0,25959.10089572418,0,1642453.7155532807,12,8,8,4,7,16,6,6,3,11,1,3,6,31,16,9.067,4.4,23.933,1.733,1.667,1.8,17.867,0.013474025974025973,0.0030833333333333333,0.030471014492753627,0.024099999999999996,0.0020476190476190472,0.003045454545454545,0.005873015873015874,0.02311038961038961,0.00475,0.08030575539568346,0.044659090909090905,0.00440952380952381,0.004681818181818182,0.00919047619047619
1705783389,1.9749464561438421,1.9808829054382133,0.12908543540645778,0.23612418831168935,3.177931908973666,1.043152034588965,0.4490700728690019,0.09337343457252731,0.16325666666666905,0.834438002941935,0.00022796514476852573,0.28945200270407273,0.3596615085385041,1.1455077353817753,1.3036686289565727,208113664,77193216,5988352,425721856,109522944,334897152,38944768,4521984,280055808,92569600,4718592,2879488,300855296,8790016,43397120,1221720.7516387475,0,867649.5509235723,54613.333333333336,0,25959.10089572418,0,1642453.7155532807,12,8,8,4,7,16,6,6,3,11,1,3,6,31,16,9.067,4.4,26.2,1.733,1.667,1.8,17.867,0.013474025974025973,0.0030833333333333333,0.03156424581005587,0.024099999999999996,0.0020476190476190472,0.003045454545454545,0.005873015873015874,0.02311038961038961,0.00475,0.08073684210526318,0.044659090909090905,0.00440952380952381,0.004681818181818182,0.00919047619047619
1705783390,1.9749464561438421,1.9373498877154651,0.12635216696314705,0.23612418831168935,3.1031147908605283,1.043152034588965,0.4490700728690019,0.09337343457252731,0.16325666666666905,0.687503901098897,0.00022796514476852573,0.28945200270407273,0.36695305303422476,1.2248736739951445,1.3036686289565727,208113664,77193216,5988352,425721856,109522944,334897152,38944768,4521984,280055808,92569600,4718592,2879488,300855296,8790016,43397120,1194871.5163874729,0,867649.5509235723,54613.333333333336,0,25959.10089572418,0,1642453.7155532807,12,8,8,4,7,16,6,6,3,11,1,3,6,31,16,9.067,4.4,26.2,1.733,1.667,1.8,17.867,0.013474025974025973,0.0030833333333333333,0.03156424581005587,0.024099999999999996,0.0020476190476190472,0.003045454545454545,0.005873015873015874,0.02311038961038961,0.00475,0.08073684210526318,0.044659090909090905,0.00440952380952381,0.004681818181818182,0.00919047619047619
1705783391,1.9749464561438421,1.8938168699927167,0.12361889851983635,0.23612418831168935,3.028297672747389,1.043152034588965,0.4490700728690019,0.09337343457252731,0.16325666666666905,0.8066473511451733,0.00022796514476852573,0.28945200270407273,0.37424459752994554,1.2248736739951445,1.3036686289565727,208113664,77193216,5988352,425721856,109522944,334897152,38944768,4521984,280055808,92569600,4718592,2879488,300855296,8790016,43397120,1168022.2811361982,0,867649.5509235723,54613.333333333336,0,25959.10089572418,0,1642453.7155532807,12,8,8,4,7,16,6,6,3,11,1,3,6,31,16,9.067,4.4,26.2,1.733,1.667,1.8,17.867,0.013474025974025973,0.0030833333333333333,0.03156424581005587,0.024099999999999996,0.0020476190476190472,0.003045454545454545,0.005873015873015874,0.02311038961038961,0.00475,0.08073684210526318,0.044659090909090905,0.00440952380952381,0.004681818181818182,0.00919047619047619
1705783392,1.9749464561438421,1.8502838522699687,0.12088563007652559,0.23612418831168935,2.9534805546342504,1.043152034588965,0.4490700728690019,0.09337343457252731,0.16325666666666905,0.8066473511451733,0.00022796514476852573,0.28945200270407273,0.4374926697432429,1.2248736739951445,1.3036686289565727,208113664,77193216,5988352,425721856,109522944,334897152,38944768,4521984,280055808,92569600,4718592,2879488,300855296,8790016,43397120,1141173.0458849238,0,867649.5509235723,54613.333333333336,0,25959.10089572418,0,1642453.7155532807,12,8,8,4,7,16,6,6,3,11,1,3,6,31,16,9.067,4.4,26.2,1.733,1.667,1.8,17.867,0.013474025974025973,0.0030833333333333333,0.03156424581005587,0.024099999999999996,0.0020476190476190472,0.003045454545454545,0.005873015873015874,0.02311038961038961,0.00475,0.08073684210526318,0.044659090909090905,0.00440952380952381,0.004681818181818182,0.00919047619047619
1705783393,1.9749464561438421,1.8067508345472203,0.11815236163321488,0.19967028059994354,2.8786634365211126,1.043152034588965,0.4490700728690019,0.09337343457252731,0.36688206044774546,0.8066473511451733,0.00022796514476852573,0.2950755160815181,0.4374926697432429,1.2248736739951445,1.278808099844232,208113664,77193216,5988352,425721856,109522944,334897152,38944768,4521984,280051712,92569600,4718592,3006464,300855296,8790016,43438080,1114323.8106336491,0,867649.5509235723,56314.016635732456,0,27014.311781388085,0,1583231.091709775,12,8,8,4,7,16,6,6,3,11,1,3,6,31,16,9.067,4.4,26.2,1.733,1.667,1.8,17.867,0.013474025974025973,0.0030833333333333333,0.03156424581005587,0.024099999999999996,0.0020476190476190472,0.003045454545454545,0.005873015873015874,0.02311038961038961,0.00475,0.08073684210526318,0.044659090909090905,0.00440952380952381,0.004681818181818182,0.00919047619047619
1705783394,1.9749464561438421,2.7517534241483768,0.1753009288946701,0.23961032697810675,2.803846318407974,1.043152034588965,0.4490700728690019,0.08830695837287487,0.36688206044774546,0.8066473511451733,0.00022796514476852573,0.2950755160815181,0.4374926697432429,1.2248736739951445,1.278808099844232,208113664,77438976,5988352,425721856,109522944,334897152,38944768,4521984,280051712,92569600,4718592,3006464,300855296,8790016,43438080,1857354.7176122952,0,867649.5509235723,56314.016635732456,0,27014.311781388085,0,1583231.091709775,12,8,8,4,7,16,6,6,3,11,1,3,6,31,16,9.067,4.4,26.2,1.733,1.667,1.8,17.867,0.013474025974025973,0.0030833333333333333,0.03156424581005587,0.024099999999999996,0.0020476190476190472,0.003045454545454545,0.005873015873015874,0.02311038961038961,0.00475,0.08073684210526318,0.044659090909090905,0.00440952380952381,0.004681818181818182,0.00919047619047619
1705783395,1.9749464561438421,2.7517534241483768,0.1753009288946701,0.23961032697810675,4.979819905778505,0.9052471401200671,0.4490700728690019,0.08830695837287487,0.36688206044774546,0.8066473511451733,0.00022796514476852573,0.2950755160815181,0.4374926697432429,1.2248736739951445,1.278808099844232,208113664,77438976,5988352,425721856,98586624,334897152,38944768,4521984,280051712,92569600,4718592,3006464,300855296,8790016,43438080,1857354.7176122952,0,867649.5509235723,56314.016635732456,0,27014.311781388085,0,1583231.091709775,12,8,8,4,7,16,6,6,3,11,1,3,6,31,16,9.067,4.4,26.2,1.733,1.667,1.8,17.867,0.013474025974025973,0.0030833333333333333,0.03156424581005587,0.024099999999999996,0.0020476190476190472,0.003045454545454545,0.005873015873015874,0.02311038961038961,0.00475,0.08073684210526318,0.044659090909090905,0.00440952380952381,0.004681818181818182,0.00919047619047619
1705783396,1.9256604441646883,2.7517534241483768,0.1753009288946701,0.23961032697810675,4.979819905778505,1.0893522010680765,0.4490700728690019,0.08830695837287487,0.36688206044774546,0.8066473511451733,0.00022796514476852573,0.2950755160815181,0.4374926697432429,1.2248736739951445,1.278808099844232,208134144,77438976,5988352,425721856,98586624,334897152,38944768,4521984,280051712,92569600,4718592,3006464,300855296,8790016,43438080,1857354.7176122952,0,867649.5509235723,56314.016635732456,0,27014.311781388085,0,1583231.091709775,12,8,8,4,7,16,6,6,3,11,1,3,6,31,16,9.067,4.6,26.2,1.733,1.667,1.8,17.867,0.013474025974025973,0.003080459770114943,0.03156424581005587,0.024099999999999996,0.0020476190476190472,0.003045454545454545,0.005873015873015874,0.02311038961038961,0.004744827586206897,0.08073684210526318,0.044659090909090905,0.00440952380952381,0.004681818181818182,0.00919047619047619
1705783397,1.9256604441646883,2.7517534241483768,0.1753009288946701,0.23961032697810675,4.979819905778505,1.0893522010680765,0.44210882512181643,0.08830695837287487,0.36688206044774546,0.796651235821216,0.00022796514476852573,0.2950755160815181,0.42609018482469296,1.2248736739951445,1.278808099844232,208134144,77438976,5988352,425721856,98586624,334897152,38944768,4521984,280051712,92569600,4718592,3006464,300855296,8790016,43438080,1857354.7176122952,0,598765.5657823498,56314.016635732456,0,27014.311781388085,0,1583231.091709775,12,8,8,4,7,16,6,6,3,11,1,3,6,31,16,9.067,4.6,26.2,1.733,1.667,1.8,19.533,0.013474025974025973,0.003080459770114943,0.03156424581005587,0.024099999999999996,0.0020476190476190472,0.003045454545454545,0.005968992248062016,0.02311038961038961,0.004744827586206897,0.08073684210526318,0.044659090909090905,0.00440952380952381,0.004681818181818182,0.009209302325581396
1705783398,1.9256604441646883,2.7517534241483768,0.1753009288946701,0.23961032697810675,4.979819905778505,1.0893522010680765,0.44210882512181643,0.08720079659913461,0.36688206044774546,0.796651235821216,0,0.2950755160815181,0.42609018482469296,1.2248736739951445,1.278808099844232,208134144,77438976,5988352,425721856,98586624,334897152,38944768,4517888,280051712,92569600,4718592,3006464,300855296,8790016,43438080,1857354.7176122952,0,598765.5657823498,56314.016635732456,0,27014.311781388085,0,1583231.091709775,12,8,8,4,7,16,6,6,3,11,1,3,6,31,16,9.067,4.6,26.2,1.733,2,1.8,19.533,0.013474025974025973,0.003080459770114943,0.03156424581005587,0.024099999999999996,0.001984126984126984,0.003045454545454545,0.005968992248062016,0.02311038961038961,0.004744827586206897,0.08073684210526318,0.044659090909090905,0.004396825396825397,0.004681818181818182,0.009209302325581396
1705783399,1.9256604441646883,2.7517534241483768,0.17256371442042745,0.20229401368035385,4.979819905778505,1.0893522010680765,0.44210882512181643,0.08720079659913461,0.36688206044774546,0.796651235821216,0,0.2950755160815181,0.42609018482469296,1.234142409518069,1.278808099844232,208134144,77438976,5988352,425721856,98586624,334897152,38944768,4517888,280051712,92569600,4718592,3006464,300855296,8802304,43438080,1857354.7176122952,0,598765.5657823498,56314.016635732456,0,27014.311781388085,0,1583231.091709775,12,8,8,4,7,16,6,6,3,11,1,3,6,31,16,9.067,4.6,26.2,1.733,2,1.933,19.533,0.013474025974025973,0.003080459770114943,0.03156424581005587,0.024099999999999996,0.001984126984126984,0.003045454545454545,0.005968992248062016,0.02311038961038961,0.004744827586206897,0.08073684210526318,0.044659090909090905,0.004396825396825397,0.004681818181818182,0.009209302325581396
1705783400,1.9256604441646883,2.7517534241483768,0.17256371442042745,0.2365592498566884,4.979819905778505,1.0893522010680765,0.44210882512181643,0.08720079659913461,0.36688206044774546,0.796651235821216,0,0.2950755160815181,0.42609018482469296,1.234142409518069,1.278808099844232,208134144,77438976,5988352,425590784,98586624,334897152,38944768,4517888,280051712,92569600,4718592,3006464,300855296,8802304,43438080,1857354.7176122952,0,598765.5657823498,56314.016635732456,0,27014.311781388085,0,1583231.091709775,12,8,8,4,7,16,6,6,3,11,1,3,6,31,16,9.067,4.6,26.2,1.733,2,1.933,19.667,0.013441558441558442,0.003080459770114943,0.03156424581005587,0.024249999999999997,0.002,0.0030449438202247193,0.005946601941747572,0.023103896103896106,0.004744827586206897,0.08073684210526318,0.04472222222222222,0.0044,0.004680898876404495,0.009204854368932038
1705783401,1.9256604441646883,2.7168798479478196,0.17256371442042745,0.2365592498566884,4.979819905778505,1.0893522010680765,0.45245190703880933,0.08720079659913461,0.36688206044774546,0.796651235821216,0,0.2950755160815181,0.42609018482469296,1.234142409518069,1.045950068459808,208134144,77438976,5988352,425590784,98586624,334897152,38961152,4517888,280051712,92569600,4718592,3006464,300855296,8802304,43438080,1872625.4687419736,0,622469.3279958486,56314.016635732456,0,27014.311781388085,0,987471.2265968883,12,8,8,4,7,16,6,6,3,11,1,3,6,31,16,9.067,4.6,26.2,1.733,2,1.933,19.667,0.013441558441558442,0.003080459770114943,0.03156424581005587,0.024249999999999997,0.002,0.0030449438202247193,0.005946601941747572,0.023103896103896106,0.004744827586206897,0.08073684210526318,0.04472222222222222,0.0044,0.004680898876404495,0.009204854368932038
1705783402,1.9256604441646883,2.7168798479478196,0.17256371442042745,0.2365592498566884,4.979819905778505,1.0893522010680765,0.45245190703880933,0.08720079659913461,0.36688206044774546,0.796651235821216,0,0.2950755160815181,0.42609018482469296,1.234142409518069,1.2540741191504918,208134144,77438976,5988352,425590784,98586624,334897152,38961152,4517888,280051712,92569600,4718592,3006464,300855296,8802304,43438080,1872625.4687419736,0,622469.3279958486,56314.016635732456,0,27014.311781388085,0,1183959.1066755918,12,8,8,4,7,16,6,6,3,11,1,3,6,31,16,9.067,4.6,26.2,1.733,2,1.933,19.667,0.013441558441558442,0.003080459770114943,0.03156424581005587,0.024249999999999997,0.002,0.0030449438202247193,0.005946601941747572,0.023103896103896106,0.004744827586206897,0.08073684210526318,0.04472222222222222,0.0044,0.004680898876404495,0.009204854368932038
1705783403,1.9256604441646883,2.7168798479478196,0.17256371442042745,0.2365592498566884,4.979819905778505,1.0893522010680765,0.45245190703880933,0.08720079659913461,0.36688206044774546,0.796651235821216,0,0.2950755160815181,0.42609018482469296,1.234142409518069,1.2540741191504918,208134144,77438976,5988352,425590784,98586624,334897152,38961152,4517888,280051712,92569600,4718592,3006464,300855296,8802304,43438080,1872625.4687419736,0,622469.3279958486,56314.016635732456,0,27014.311781388085,0,1183959.1066755918,12,8,8,4,7,16,6,6,3,11,1,3,6,31,16,8.133,3.867,24.267,2.133,2,1.933,20.067,0.013829787234042556,0.0030689655172413794,0.031304034582132566,0.025999999999999995,0.002,0.0030449438202247193,0.005996131528046421,0.023072340425531915,0.004724137931034483,0.08115916955017304,0.045200000000000004,0.0044,0.004680898876404495,0.009222437137330754
1705783404,1.9256604441646883,2.7168798479478196,0.17256371442042745,0.2365592498566884,4.979819905778505,1.0893522010680765,0.45245190703880933,0.08720079659913461,0.36688206044774546,0.796651235821216,0,0.2950755160815181,0.42609018482469296,1.234142409518069,1.2976150107381073,208134144,77438976,5988352,425590784,98586624,334897152,38961152,4517888,280051712,92569600,4718592,3006464,300855296,8802304,43581440,1872625.4687419736,0,622469.3279958486,56314.016635732456,0,27014.311781388085,0,1166714.1403865719,12,8,8,4,7,16,6,6,3,11,1,3,6,31,16,8.133,3.867,22.467,2.133,2,1.933,20.067,0.013829787234042556,0.0030689655172413794,0.030884502923976605,0.025999999999999995,0.002,0.0030449438202247193,0.005996131528046421,0.023072340425531915,0.004724137931034483,0.08122837370242214,0.045200000000000004,0.0044,0.004680898876404495,0.009222437137330754
1705783405,1.9578636690278164,2.7168798479478196,0.17256371442042745,0.2365592498566884,5.255402427289906,0.9051563607699782,0.45245190703880933,0.08720079659913461,0.36688206044774546,0.796651235821216,0,0.2950755160815181,0.42609018482469296,1.234142409518069,1.2976150107381073,208134144,77438976,5988352,425590784,98586624,334897152,38961152,4517888,280051712,92569600,4718592,3006464,300855296,8802304,43581440,1872625.4687419736,0,622469.3279958486,56314.016635732456,0,27014.311781388085,0,1166714.1403865719,12,8,8,4,7,16,6,6,3,11,1,3,6,31,16,8.133,3.867,22.467,2.133,2,1.933,20.067,0.013829787234042556,0.0030689655172413794,0.030884502923976605,0.025999999999999995,0.002,0.0030449438202247193,0.005996131528046421,0.023072340425531915,0.004724137931034483,0.08122837370242214,0.045200000000000004,0.0044,0.004680898876404495,0.009222437137330754
1705783406,1.9578636690278164,2.7168798479478196,0.17256371442042745,0.2365592498566884,5.255402427289906,0.8870004907521769,0.45245190703880933,0.08581174984207199,0.36688206044774546,0.796651235821216,0,0.2950755160815181,0.42609018482469296,1.234142409518069,1.2976150107381073,208134144,77438976,5988352,425590784,98586624,334897152,38961152,4517888,280051712,92569600,4718592,3006464,300855296,8802304,43581440,1872625.4687419736,0,622469.3279958486,56314.016635732456,0,27014.311781388085,0,1166714.1403865719,12,8,8,4,7,16,6,6,3,11,1,3,6,31,16,8.133,3.867,22.467,2.133,2,1.933,20.067,0.013829787234042556,0.0030689655172413794,0.030884502923976605,0.025999999999999995,0.002,0.0030449438202247193,0.005996131528046421,0.023072340425531915,0.004724137931034483,0.08122837370242214,0.045200000000000004,0.0044,0.004680898876404495,0.009222437137330754
1705783407,1.9578636690278164,2.7168798479478196,0.1724094764769622,0.2365592498566884,5.255402427289906,1.1853429057245755,0.45177911010038485,0.08581174984207199,0.36688206044774546,0.796651235821216,0,0.29768806581935053,0.44411868330983584,1.234142409518069,1.2976150107381073,208134144,77438976,6004736,425590784,98586624,334905344,38961152,4517888,280051712,92569600,4718592,3006464,300855296,8802304,43581440,1872625.4687419736,0,611582.0182390371,56314.016635732456,0,36236.02960691221,0,1166714.1403865719,12,8,8,4,7,15,6,6,3,11,1,3,6,31,16,8.133,3.867,22.467,2.133,2,1.933,20.067,0.013829787234042556,0.0030689655172413794,0.030884502923976605,0.025999999999999995,0.002,0.0030449438202247193,0.005996131528046421,0.023072340425531915,0.004724137931034483,0.08122837370242214,0.045200000000000004,0.0044,0.004680898876404495,0.009222437137330754
1705783408,1.9578636690278164,2.7168798479478196,0.1724094764769622,0.2365592498566884,5.118899309856646,1.1853429057245755,0.45177911010038485,0.08581174984207199,0.36688206044774546,0.796651235821216,0,0.29768806581935053,0.44411868330983584,1.234142409518069,1.2976150107381073,208134144,77438976,6004736,425590784,99061760,334905344,38961152,4517888,280051712,92569600,4718592,3006464,300855296,8802304,43581440,1872625.4687419736,0,611582.0182390371,56314.016635732456,0,36236.02960691221,0,1166714.1403865719,12,8,8,4,7,15,6,6,3,11,1,3,6,31,16,8.133,3.867,22.467,2.133,2,1.933,20.067,0.013829787234042556,0.0030689655172413794,0.030884502923976605,0.025999999999999995,0.002,0.0030449438202247193,0.005996131528046421,0.023072340425531915,0.004724137931034483,0.08122837370242214,0.045200000000000004,0.0044,0.004680898876404495,0.009222437137330754
1705783409,1.9578636690278164,2.7168798479478196,0.1724094764769622,0.2365592498566884,5.118899309856646,1.1853429057245755,0.45177911010038485,0.08581174984207199,0.36992876639371486,0.796651235821216,0,0.29768806581935053,0.44411868330983584,1.234142409518069,1.2976150107381073,208134144,77438976,6004736,425590784,99061760,334905344,38961152,4517888,280051712,92569600,4718592,3006464,300855296,8802304,43581440,1872625.4687419736,0,611582.0182390371,27268.490779575255,0,36236.02960691221,0,1166714.1403865719,12,8,8,4,7,15,6,6,3,11,1,3,6,31,16,8.133,3.867,22.467,2.133,2,1.933,20.067,0.013829787234042556,0.0030689655172413794,0.030884502923976605,0.025999999999999995,0.002,0.0030449438202247193,0.005996131528046421,0.023072340425531915,0.004724137931034483,0.08122837370242214,0.045200000000000004,0.0044,0.004680898876404495,0.009222437137330754
1705783410,1.9578636690278164,2.71687984794782,0.1724094764769622,0.2365592498566884,5.118899309856646,1.1853429057245755,0.4517791101003848,0.08581174984207199,0.36992876639371486,0.8575777248791735,0,0.2983319923860348,0.44411868330983584,1.234142409518069,1.2976150107381073,208134144,77438976,6004736,425590784,99061760,334905344,38961152,4517888,280051712,92569600,4718592,2879488,300855296,8802304,43581440,1872625.4687419736,0,611582.018239037,27268.490779575255,0,24113.503012225516,0,1166714.1403865719,12,8,8,4,7,15,6,6,3,11,1,3,6,31,16,8.133,3.867,22.467,2.133,2,1.933,20.067,0.013829787234042556,0.0030689655172413794,0.030884502923976605,0.025999999999999995,0.002,0.0030449438202247193,0.005996131528046421,0.023072340425531915,0.004724137931034483,0.08122837370242214,0.045200000000000004,0.0044,0.004680898876404495,0.009222437137330754
1705783411,1.9578636690278164,2.71687984794782,0.1724094764769622,0.2395007295565612,5.118899309856646,1.1853429057245755,0.4517791101003848,0.08581174984207199,0.3968272546765703,0.8575777248791735,0,0.2983319923860348,0.3824207288940262,1.234142409518069,1.2976150107381073,208134144,77438976,6004736,425590784,99061760,334905344,38961152,4517888,280051712,92569600,4718592,2879488,300855296,8802304,43581440,1872625.4687419736,0,611582.018239037,17121.956317274533,0,24113.503012225516,0,1166714.1403865719,12,8,8,4,7,15,6,6,3,11,1,3,6,31,16,8.133,3.8,22.467,2.133,2,1.933,20.067,0.013829787234042556,0.0030674157303370786,0.030884502923976605,0.025999999999999995,0.002,0.0030449438202247193,0.005996131528046421,0.023072340425531915,0.004721348314606741,0.08122837370242214,0.045200000000000004,0.0044,0.004680898876404495,0.009222437137330754
1705783412,1.9578636690278164,2.71687984794782,0.1724094764769622,0.2395007295565612,5.118899309856646,1.1853429057245755,0.4517791101003848,0.08581174984207199,0.3968272546765703,0.8575777248791735,0,0.2983319923860348,0.3750187508388622,1.234142409518069,1.2976150107381073,208134144,77438976,6004736,425590784,99061760,334905344,38961152,4517888,280051712,92569600,4718592,2879488,300855296,8802304,43581440,1872625.4687419736,0,611582.018239037,17121.956317274533,0,24113.503012225516,0,1166714.1403865719,12,8,8,4,7,15,6,6,3,11,1,3,6,31,16,8.133,3.8,22.467,2.133,2,1.933,18,0.013829787234042556,0.0030674157303370786,0.030884502923976605,0.025999999999999995,0.002,0.0030449438202247193,0.005962643678160919,0.023072340425531915,0.004721348314606741,0.08122837370242214,0.045200000000000004,0.0044,0.004680898876404495,0.009223180076628352
1705783413,1.8651696428571385,2.71687984794782,0.1724094764769622,0.2395007295565612,5.118899309856646,1.1853429057245755,0.4517791101003848,0.07313711602442617,0.3968272546765703,0.8575777248791735,0,0.2983319923860348,0.43065293563132334,1.2156777449103644,1.2976150107381073,208150528,77438976,6004736,425590784,99061760,334905344,38961152,4517888,280051712,92569600,4718592,2879488,300855296,8794112,43581440,1872625.4687419736,0,611582.018239037,17121.956317274533,0,24113.503012225516,0,1166714.1403865719,12,8,8,4,7,15,6,6,3,11,1,3,6,31,16,8.133,3.8,22.467,2.133,1.933,1.933,18,0.013829787234042556,0.003067415730337079,0.030884502923976605,0.025999999999999995,0.0022058823529411764,0.0030449438202247193,0.005962643678160919,0.023072340425531915,0.004721348314606741,0.08122837370242214,0.045200000000000004,0.004441176470588236,0.004680898876404495,0.009223180076628352
1705783414,1.8651696428571385,2.71687984794782,0.18299221298537285,0.24203862756441616,5.118899309856646,1.1329293844499222,0.4517791101003848,0.07170692019372496,0.3968272546765703,0.8647557003257309,0,0.2983319923860348,0.4306529356313234,1.2156777449103644,1.2976150107381073,208150528,77438976,6004736,425594880,99061760,334905344,38961152,4517888,280051712,92569600,4718592,2879488,300855296,8794112,43581440,1872625.4687419736,0,611582.018239037,17121.956317274533,0,24113.503012225516,0,1166714.1403865719,12,8,8,4,7,15,6,6,3,11,1,3,6,31,16,8.133,3.8,22.467,2.133,1.933,1.933,18,0.013829787234042556,0.003067415730337079,0.030884502923976605,0.025999999999999995,0.0022058823529411764,0.0030638297872340424,0.005962643678160919,0.023072340425531915,0.004721348314606741,0.08122837370242214,0.045200000000000004,0.004441176470588236,0.0047148936170212765,0.009223180076628352
1705783415,1.8651696428571385,2.71687984794782,0.18299221298537285,0.24203862756441616,5.118899309856646,1.1329293844499222,0.4517791101003848,0.07027672436302378,0.3968272546765703,0.8647557003257309,0,0.2983319923860348,0.4306529356313234,0.7454492732537454,1.2976150107381073,208150528,77438976,6004736,425594880,99061760,334905344,38961152,4517888,280051712,92569600,4718592,2879488,300855296,8794112,43581440,1872625.4687419736,0,611582.018239037,17121.956317274533,0,24113.503012225516,0,1166714.1403865719,12,8,8,4,7,15,6,6,3,11,1,3,6,31,16,8.267,3.8,22.467,2.267,2.067,2.067,18.4,0.014004237288135594,0.003067415730337079,0.030884502923976605,0.02830188679245283,0.00215625,0.0031136363636363636,0.006014423076923077,0.023105932203389835,0.004721348314606741,0.08122837370242214,0.045660377358490566,0.00443125,0.004804545454545455,0.009241346153846154
1705783416,1.8651696428571385,2.8974192568977957,0.18299221298537285,0.24203862756441616,5.118899309856648,1.1329293844499222,0.4517791101003848,0.06884652853232258,0.3968272546765703,0.8647557003257309,0,0.2983319923860348,0.4306529356313234,0.7655445475979423,1.2976150107381073,208150528,77438976,6004736,425594880,99061760,334905344,38961152,4517888,280051712,92569600,4718592,2879488,300855296,8794112,43581440,2114144.7493263497,0,611582.018239037,17121.956317274533,0,24113.503012225516,0,1166714.1403865719,12,8,8,4,7,15,6,6,3,11,1,3,6,31,16,8.267,3.8,22.467,2.267,2.067,2.067,18.4,0.014004237288135594,0.003067415730337079,0.030884502923976605,0.02830188679245283,0.00215625,0.0031136363636363636,0.006014423076923077,0.023105932203389835,0.004721348314606741,0.08122837370242214,0.045660377358490566,0.00443125,0.004804545454545455,0.009241346153846154
1705783417,1.1081007904175317,2.8974192568977957,0.18299221298537285,0.24203862756441616,5.118899309856648,1.1329293844499222,0.4517791101003848,0.06741633270162137,0.3968272546765703,0.8647557003257309,0,0.2983319923860348,0.4067664059843755,0.7856398219421394,1.2976150107381073,208150528,77438976,6004736,425594880,99061760,334905344,38961152,4517888,280051712,92569600,4718592,2879488,300855296,8794112,43581440,2114144.7493263497,0,611582.018239037,17121.956317274533,0,24113.503012225516,0,1166714.1403865719,12,8,8,4,7,15,6,6,3,11,1,3,6,31,16,8.267,3.8,22.467,2.267,2.067,2.067,18.4,0.014004237288135594,0.003067415730337079,0.030884502923976605,0.02830188679245283,0.00215625,0.0031136363636363636,0.006014423076923077,0.023105932203389835,0.004721348314606741,0.08122837370242214,0.045660377358490566,0.00443125,0.004804545454545455,0.009241346153846154
1705783418,1.1362139378374725,2.8974192568977957,0.18299221298537285,0.24203862756441616,5.118899309856648,1.1329293844499222,0.3452537964029132,0.05275250000000009,0.3968272546765703,0.8647557003257311,0,0.2983319923860348,0.4067664059843755,0.8057350962863365,1.2976150107381073,208150528,77438976,6004736,425594880,99061760,334905344,38981632,4517888,280051712,92569600,4718592,2879488,300855296,8794112,43581440,2114144.7493263497,0,731775.0300167307,17121.956317274533,0,24113.503012225516,0,1166714.1403865719,12,8,8,4,7,15,6,6,3,11,1,3,6,31,16,7.933,4.6,24.667,2.067,2.067,2.067,17.933,0.013975903614457831,0.0030756756756756755,0.031093314763231197,0.030227272727272728,0.00215625,0.0031136363636363636,0.005999034749034749,0.023132530120481925,0.004736216216216216,0.08089473684210527,0.04604545454545455,0.00443125,0.004804545454545455,0.009238416988416988
1705783419,1.1643270852574132,2.8974192568977957,0.18009243512534806,0.24203862756441616,5.118899309856648,1.1329293844499222,0.3533368098858381,0.06199528242794164,0.3968272546765703,0.8647557003257311,0,0.2368889957504355,0.4067664059843755,0.8258303706305333,1.2976150107381073,208150528,77438976,6008832,425594880,99061760,334905344,38981632,4517888,280051712,92569600,4718592,2879488,300855296,8794112,43581440,2114144.7493263497,0,748907.2020470425,17121.956317274533,0,0,0,1166714.1403865719,12,8,8,4,7,15,6,6,3,11,1,3,6,31,16,7.933,4.6,25.8,2.067,2.067,2.067,17.933,0.013975903614457831,0.0030756756756756755,0.031266846361185985,0.030227272727272728,0.00215625,0.0031136363636363636,0.005999034749034749,0.023132530120481925,0.004736216216216216,0.08080701754385965,0.04604545454545455,0.00443125,0.004804545454545455,0.009238416988416988
1705783420,1.1924402326773542,2.8974192568977957,0.18009243512534806,0.24203862756441616,5.118899309856648,1.1630736304893945,0.36141982336876305,0.06061488703863626,0.3968272546765703,0.8647557003257311,0,0.24199860168964013,0.4067664059843755,0.8459256449747303,1.0984713909667825,208150528,77438976,6008832,425594880,99061760,334893056,38981632,4517888,280051712,92569600,4718592,2879488,300855296,8794112,43581440,2114144.7493263497,0,766039.3740773547,17121.956317274533,0,0,0,1111339.863154536,12,8,8,4,7,13,6,6,3,11,1,3,6,31,16,7.933,4.6,25.8,2.067,2.067,2.067,17.933,0.013975903614457831,0.0030756756756756755,0.031266846361185985,0.030227272727272728,0.00215625,0.0031136363636363636,0.005999034749034749,0.023132530120481925,0.004736216216216216,0.08080701754385965,0.04604545454545455,0.00443125,0.004804545454545455,0.009238416988416988
1705783421,1.220553380097295,2.8974192568977957,0.18009243512534806,0.24203862756441616,5.118899309856648,1.1630736304893945,0.36950283685168794,0.059234491649330874,0.3968272546765703,0.8647557003257311,0,0.24710820762884478,0.4067664059843755,0.8660209193189274,1.0767025628980997,208150528,77438976,6008832,425594880,99061760,334893056,38981632,4517888,280051712,92569600,4718592,2879488,300855296,8794112,43581440,2114144.7493263497,0,783171.5461076666,17121.956317274533,0,0,0,1089316.0156462344,12,8,8,4,7,13,6,6,3,11,1,3,6,31,16,7.933,4.6,25.8,2.067,2.067,2.067,17.933,0.013975903614457831,0.0030756756756756755,0.031266846361185985,0.030227272727272728,0.00215625,0.0031136363636363636,0.005999034749034749,0.023132530120481925,0.004736216216216216,0.08080701754385965,0.04604545454545455,0.00443125,0.004804545454545455,0.009238416988416988
1705783422,1.2486665275172357,2.8839648160756703,0.18009243512534806,0.24203862756441616,5.118899309856648,1.1630736304893945,0.3775858503346129,0.0897372395046817,0.3968272546765703,0.8647557003257311,0,0.25221781356804934,0.4067664059843755,0.8861161936631244,1.054933734829417,208150528,77496320,6008832,425594880,99061760,334893056,38981632,4526080,280051712,92569600,4718592,2879488,300855296,8794112,43581440,1793879.6165099458,0,800303.7181379787,17121.956317274533,0,0,0,1067292.1681379327,12,8,8,4,7,13,6,6,3,11,1,3,6,31,16,7.933,4.6,25.8,2.067,2.067,2.067,17.933,0.013975903614457831,0.0030756756756756755,0.031266846361185985,0.030227272727272728,0.00215625,0.0031136363636363636,0.005999034749034749,0.023132530120481925,0.004736216216216216,0.08080701754385965,0.04604545454545455,0.00443125,0.004804545454545455,0.009238416988416988
1705783423,1.2767796749371765,2.8839648160756703,0.18009243512534806,0.24203862756441616,2.0700633333333465,1.1630736304893945,0.38566886381753773,0.0897372395046817,0.29030480143797915,0.8647557003257311,0,0.257327419507254,0.4067664059843755,0.9062114680073214,1.314530148951432,208150528,77496320,6008832,425594880,99061760,334893056,38981632,4526080,280051712,92569600,4718592,2879488,300855296,8794112,43503616,1793879.6165099458,0,817435.8901682906,0,0,0,0,1676492.679015992,12,8,8,4,7,13,6,6,3,11,1,3,6,31,16,7.933,4.6,25.8,2.067,2.067,2.067,17.933,0.013975903614457831,0.0030756756756756755,0.031266846361185985,0.030227272727272728,0.00215625,0.0031136363636363636,0.005999034749034749,0.023132530120481925,0.004736216216216216,0.08080701754385965,0.04604545454545455,0.00443125,0.004804545454545455,0.009238416988416988
1705783424,1.3048928223571172,2.8839648160756703,0.18009243512534806,0.24203862756441616,2.8931032383113275,1.1630736304893945,0.3937518773004627,0.0897372395046817,0.2976750948342238,0.8647557003257311,0,0.3065763563522778,0.4067664059843755,0.9263067423515183,1.314530148951432,208150528,77496320,6008832,425594880,102658048,334893056,38981632,4526080,280051712,92569600,4718592,2879488,300855296,8794112,43503616,1793879.6165099458,0,834568.0621986025,0,0,0,0,1676492.679015992,12,8,8,4,7,13,6,6,3,11,1,3,6,31,16,7.933,4.6,25.8,2.067,2.067,2.067,17.933,0.013975903614457831,0.0030756756756756755,0.031266846361185985,0.030227272727272728,0.00215625,0.0031136363636363636,0.005999034749034749,0.023132530120481925,0.004736216216216216,0.08080701754385965,0.04604545454545455,0.00443125,0.004804545454545455,0.009238416988416988
1705783425,1.333005969777058,2.8839648160756703,0.18009243512534806,0.24203862756441616,2.9724843249486255,1.1630736304893945,0.4018348907833875,0.0897372395046817,0.30504538823046834,0.8647557003257311,0,0.3030604403055919,0.4067664059843755,0.9464020166957153,1.314530148951432,208150528,77496320,6008832,425594880,102658048,334893056,38981632,4526080,280051712,92569600,4718592,2875392,300855296,8794112,43503616,1793879.6165099458,0,851700.2342289145,0,0,0,0,1676492.679015992,12,8,8,4,7,13,6,6,3,11,1,3,6,31,16,7.933,4.6,25.8,2.067,2.067,2.067,17.933,0.013975903614457831,0.0030756756756756755,0.031266846361185985,0.030227272727272728,0.00215625,0.0031136363636363636,0.005999034749034749,0.023132530120481925,0.004736216216216216,0.08080701754385965,0.04604545454545455,0.00443125,0.004804545454545455,0.009238416988416988
1705783426,1.3611191171969987,2.8839648160756703,0.18009243512534806,0.24203862756441616,3.0518654115859247,1.1630736304893945,0.4849808089754947,0.0897372395046817,0.3124156816267129,0.8647557003257311,0,0.3030604403055919,0.4067664059843755,0.9664972910399123,1.314530148951432,208150528,77496320,6008832,425594880,102658048,334893056,38981632,4526080,280051712,92569600,4718592,2875392,300855296,8794112,43503616,1793879.6165099458,0,1027930.3218187186,0,0,0,0,1676492.679015992,12,8,8,4,7,13,6,6,3,11,1,3,6,31,16,7.933,4.267,25.8,2.067,2.067,2.067,17.933,0.013975903614457831,0.0030864864864864863,0.031266846361185985,0.030227272727272728,0.00215625,0.0031136363636363636,0.005999034749034749,0.023132530120481925,0.004755675675675675,0.08080701754385965,0.04604545454545455,0.00443125,0.004804545454545455,0.009238416988416988
1705783427,1.3892322646169397,2.8839648160756703,0.18009243512534806,0.24203862756441616,3.131246498223223,1.1630736304893945,0.4849808089754947,0.0897372395046817,0.3197859750229575,0.8647557003257311,0,0.3030604403055919,0.4067664059843755,0.9865925653841093,1.314530148951432,208150528,77496320,6008832,425594880,102658048,334893056,38981632,4526080,280051712,92569600,4718592,2875392,300855296,8794112,43503616,1793879.6165099458,0,1027930.3218187186,0,0,0,0,1676492.679015992,12,8,8,4,7,13,6,6,3,11,1,3,6,31,16,7.933,4.267,25.8,2.067,2.067,2.067,19.267,0.013975903614457831,0.0030864864864864863,0.031266846361185985,0.030227272727272728,0.00215625,0.0031136363636363636,0.005962282398452611,0.023132530120481925,0.004755675675675675,0.08080701754385965,0.04604545454545455,0.00443125,0.004804545454545455,0.009238878143133464
1705783428,1.3864638370200508,2.8713009930699482,0.18009243512534806,0.24203862756441616,3.2106275848605224,1.1630736304893945,0.4849808089754947,0.0897372395046817,0.3271562684192021,0.8647557003257311,0,0.3030604403055919,0.348404465979084,0.8315525000000434,1.314530148951432,208183296,77496320,6008832,425594880,102658048,334893056,38981632,4526080,280051712,92569600,4718592,2875392,300855296,8794112,43503616,1492434.0930199325,0,1027930.3218187186,0,0,0,0,1676492.679015992,12,8,8,4,7,13,6,6,3,11,1,3,6,31,16,7.933,4.267,25.8,2.067,2.267,2.067,19.267,0.013975903614457831,0.003086486486486486,0.031266846361185985,0.030227272727272728,0.0021818181818181815,0.0031136363636363636,0.005962282398452611,0.023132530120481925,0.004755675675675675,0.08080701754385965,0.04604545454545455,0.004436363636363637,0.004804545454545455,0.009238878143133464
1705783429,1.6450523591010815,2.8713009930699482,0.11924202455611219,0.237788317848091,3.2900086714978203,1.1630736304893945,0.4849808089754947,0.0897372395046817,0.3345265618154467,0.8749803496882185,0,0.3030604403055919,0.34162502587934435,0.8315525000000434,1.314530148951432,208183296,77496320,6008832,425594880,102658048,334893056,38981632,4526080,280051712,92577792,4718592,2875392,300855296,8794112,43503616,1492434.0930199325,0,1027930.3218187186,0,0,0,0,1676492.679015992,12,8,8,4,7,13,6,6,3,11,1,3,6,31,16,7.933,4.267,25.8,2.067,2.267,2.2,19.267,0.013975903614457831,0.003086486486486486,0.031266846361185985,0.030227272727272728,0.0021818181818181815,0.0031098901098901097,0.005962282398452611,0.023132530120481925,0.004755675675675675,0.08080701754385965,0.04604545454545455,0.004436363636363637,0.004797802197802198,0.009238878143133464
1705783430,1.6450523591010815,2.8713009930699482,0.12209931862083663,0.237788317848091,3.3693897581351195,1.1630736304893945,0.4849808089754947,0.0897372395046817,0.2624266666666841,0.8749803496882185,0.0001038077568689779,0.3030604403055919,0.4228901280674085,0.9903905722351624,1.314530148951432,208183296,77496320,6008832,425594880,102658048,334893056,38981632,4526080,280051712,92577792,4718592,2875392,300855296,8794112,43503616,1492434.0930199325,0,1027930.3218187186,0,0,0,0,1676492.679015992,12,8,8,4,7,13,6,6,3,11,1,3,6,31,16,8,4.267,25.8,2.133,2.333,2.267,19.467,0.013885542168674698,0.003086486486486486,0.031266846361185985,0.03060344827586207,0.002217391304347826,0.003129032258064516,0.005963391136801541,0.023114457831325298,0.004755675675675675,0.08080701754385965,0.046120689655172416,0.004443478260869566,0.004832258064516128,0.00926204238921002
1705783431,1.6450523591010815,2.8713009930699482,0.12495661268556106,0.237788317848091,3.4487708447724184,1.1630736304893945,0.4849808089754947,0.0897372395046817,0.2624266666666841,0.9370510043060871,0.0001038077568689779,0.3030604403055919,0.4228901280674085,0.9702952978909654,1.314530148951432,208183296,77496320,6008832,425594880,102658048,334893056,38981632,4526080,280051712,92577792,4718592,2875392,300855296,8794112,43503616,1492434.0930199325,0,1027930.3218187186,0,0,0,0,1676492.679015992,12,8,8,4,7,13,6,6,3,11,1,3,6,31,16,8,4.267,25.8,2.133,2.333,2.267,19.467,0.013885542168674698,0.003086486486486486,0.031266846361185985,0.03060344827586207,0.002217391304347826,0.003129032258064516,0.005963391136801541,0.023114457831325298,0.004755675675675675,0.08080701754385965,0.046120689655172416,0.004443478260869566,0.004832258064516128,0.00926204238921002
1705783432,1.6450523591010815,2.8713009930699482,0.12781390675028545,0.237788317848091,3.5281519314097167,1.304824123642797,0.4849808089754947,0.0897372395046817,0.2624266666666841,0.9370510043060871,0.0001038077568689779,0.3030604403055919,0.4193788708374479,0.9502000235467684,1.314530148951432,208183296,77496320,6008832,425594880,102658048,334893056,38981632,4526080,280051712,92577792,4718592,2875392,300855296,8794112,43503616,1492434.0930199325,0,1027930.3218187186,0,0,0,0,1676492.679015992,12,8,8,4,7,13,6,6,3,11,1,3,6,31,16,8,4.267,25.8,2.133,2.333,2.267,19.467,0.013885542168674698,0.003086486486486486,0.031266846361185985,0.03060344827586207,0.002217391304347826,0.003129032258064516,0.005963391136801541,0.023114457831325298,0.004755675675675675,0.08080701754385965,0.046120689655172416,0.004443478260869566,0.004832258064516128,0.00926204238921002
1705783433,1.6450523591010815,2.8713009930699482,0.10798000000000085,0.237788317848091,3.6075330180470155,1.304824123642797,0.4849808089754947,0.08952795264886099,0.3406365350409334,0.9370510043060871,0.0001038077568689779,0.3030604403055919,0.4193788708374479,0.9301047492025715,1.314530148951432,208183296,77496320,6008832,425594880,102658048,334893056,38981632,4526080,280051712,92577792,4718592,2875392,300855296,8794112,43503616,1492434.0930199325,0,1027930.3218187186,0,0,0,0,1676492.679015992,12,8,8,4,7,13,6,6,3,11,1,3,6,31,16,8.733,4.133,25.333,2.333,2.333,2.267,20.333,0.01368801652892562,0.003086486486486486,0.031215469613259668,0.03192307692307692,0.002217391304347826,0.003129032258064516,0.00607276119402985,0.02308471074380165,0.004755675675675675,0.08111111111111112,0.046384615384615385,0.004443478260869566,0.004832258064516128,0.009296641791044778
1705783434,1.6450523591010815,2.8713009930699482,0.10798000000000085,0.237788317848091,3.6869141046843144,1.304824123642797,0.4849808089754947,0.08952795264886099,0.3332662416446888,0.9370510043060871,0.0001038077568689779,0.3030604403055919,0.4193788708374479,0.9100094748583745,1.3098065630397246,208183296,77496320,6008832,425594880,102658048,334893056,38981632,4526080,280051712,92577792,4718592,2875392,300855296,8794112,43528192,1492434.0930199325,0,1027930.3218187188,0,0,0,0,1598784.1105354063,12,8,8,4,7,13,6,6,3,11,1,3,6,31,16,8.733,4.133,25.933,2.333,2.333,2.267,20.333,0.01368801652892562,0.003086486486486486,0.031090651558073657,0.03192307692307692,0.002217391304347826,0.003129032258064516,0.00607276119402985,0.02308471074380165,0.004755675675675675,0.08134482758620688,0.046384615384615385,0.004443478260869566,0.004832258064516128,0.009296641791044778
1705783435,1.6450523591010815,2.8713009930699482,0.10798000000000085,0.237788317848091,3.7662951913216127,1.304824123642797,0.471182256280613,0.08952795264886099,0.3258959482484442,0.9370510043060871,0.0001038077568689779,0.3030604403055919,0.4193788708374479,0.8899142005141775,1.3098065630397246,208183296,77496320,6008832,425594880,102658048,334893056,38998016,4526080,280051712,92577792,4718592,2875392,300855296,8794112,43528192,1492434.0930199325,0,914141.2545425815,0,0,0,0,1598784.1105354063,12,8,8,4,7,13,6,6,3,11,1,3,6,31,16,8.733,4.133,25.933,2.333,2.333,2.267,20.333,0.01368801652892562,0.003086486486486486,0.031090651558073657,0.03192307692307692,0.002217391304347826,0.003129032258064516,0.00607276119402985,0.02308471074380165,0.004755675675675675,0.08134482758620688,0.046384615384615385,0.004443478260869566,0.004832258064516128,0.009296641791044778
1705783436,1.6450523591010815,2.8713009930699482,0.10798000000000085,0.237788317848091,3.845676277958912,1.3048241236427969,0.471182256280613,0.08952795264886099,0.31852565485219964,0.9370510043060871,0.0001038077568689779,0.3030604403055919,0.4193788708374479,0.8698189261699805,1.1378386523089767,208183296,77496320,6008832,425594880,102658048,334893056,38998016,4526080,280051712,92577792,4718592,2875392,300855296,8794112,43528192,1492434.0930199325,0,914141.2545425815,0,0,0,0,1402076.6117361821,12,8,8,4,7,13,6,6,3,11,1,3,6,31,16,8.733,4.133,25.933,2.333,2.333,2.267,20.333,0.01368801652892562,0.003086486486486486,0.031090651558073657,0.03192307692307692,0.002217391304347826,0.003129032258064516,0.00607276119402985,0.02308471074380165,0.004755675675675675,0.08134482758620688,0.046384615384615385,0.004443478260869566,0.004832258064516128,0.009296641791044778
1705783437,1.6450523591010815,2.8713009930699482,0.1546444089407552,0.237788317848091,3.925057364596211,1.220468939228527,0.471182256280613,0.08952795264886099,0.3111553614559551,0.9370510043060871,0.0001038077568689779,0.3030604403055919,0.4193788708374479,0.8497236518257835,1.343806926111736,208183296,77496320,6000640,425594880,102658048,334880768,38998016,4526080,280051712,92577792,4718592,2875392,300855296,8794112,43528192,1492434.0930199325,0,914141.2545425815,0,0,0,0,1655876.47947007,12,8,8,4,7,15,6,6,3,11,1,3,6,31,16,8.733,4.133,25.933,2.333,2.333,2.267,20.333,0.01368801652892562,0.003086486486486486,0.031090651558073657,0.03192307692307692,0.002217391304347826,0.003129032258064516,0.00607276119402985,0.02308471074380165,0.004755675675675675,0.08134482758620688,0.046384615384615385,0.004443478260869566,0.004832258064516128,0.009296641791044778
1705783438,1.5703532537514557,2.8713009930699482,0.18325692321941287,0.237788317848091,4.004438451233509,1.220468939228527,0.471182256280613,0.08952795264886099,0.3907105994442319,0.9370510043060871,0.0001038077568689779,0.3030604403055919,0.4193788708374479,0.8296283774815866,1.343806926111736,208179200,77496320,6000640,425594880,102658048,334880768,38998016,4526080,280051712,92577792,4718592,2875392,300855296,8794112,43528192,1492434.093019933,0,914141.2545425815,90335.67112169732,0,0,0,1655876.47947007,11,8,8,4,7,15,6,6,3,11,1,3,6,31,16,8.733,4.133,25.933,2.333,2.333,2.267,20.333,0.01368801652892562,0.003086486486486486,0.031090651558073657,0.03192307692307692,0.002217391304347826,0.003129032258064516,0.00607276119402985,0.02308471074380165,0.004755675675675675,0.08134482758620688,0.046384615384615385,0.004443478260869566,0.004832258064516128,0.009296641791044778
1705783439,1.5703532537514557,2.8713009930699482,0.18325692321941287,0.237788317848091,3.378657500000024,1.220468939228527,0.471182256280613,0.08952795264886099,0.3907105994442319,0.9370510043060871,0.0001038077568689779,0.30104118661136514,0.4193788708374479,0.8095331031373896,1.343806926111736,208179200,77496320,6000640,425594880,102658048,334880768,38998016,4526080,280051712,92577792,4718592,2879488,300855296,8794112,43528192,1492434.093019933,0,914141.2545425815,90335.67112169732,0,0,0,1655876.47947007,11,8,8,4,7,15,6,6,3,11,1,3,6,31,16,8.733,4.133,25.933,2.333,2.333,2.267,20.333,0.01368801652892562,0.003086486486486486,0.031090651558073657,0.03192307692307692,0.002217391304347826,0.003129032258064516,0.00607276119402985,0.02308471074380165,0.004755675675675675,0.08134482758620688,0.046384615384615385,0.004443478260869566,0.004832258064516128,0.009296641791044778
1705783440,1.5703532537514557,2.8165223460640854,0.18325692321941287,0.237788317848091,3.9783220737298377,1.220468939228527,0.471182256280613,0.08952795264886099,0.3907105994442319,0.9370510043060871,0.0001038077568689779,0.30104118661136514,0.4193788708374479,0.7894378287931926,1.343806926111736,208179200,77574144,6000640,425594880,102658048,334880768,38998016,4526080,280051712,92577792,4718592,2879488,300855296,8794112,43528192,1983362.0520426638,0,914141.2545425815,90335.67112169732,0,0,0,1655876.47947007,11,8,8,4,7,15,6,6,3,11,1,3,6,31,16,8.733,4.133,25.933,2.333,2.333,2.267,20.333,0.01368801652892562,0.003086486486486486,0.031090651558073657,0.03192307692307692,0.002217391304347826,0.003129032258064516,0.00607276119402985,0.02308471074380165,0.004755675675675675,0.08134482758620688,0.046384615384615385,0.004443478260869566,0.004832258064516128,0.009296641791044778
1705783441,1.5703532537514557,2.8165223460640854,0.18325692321941287,0.237788317848091,3.8989409870925384,1.220468939228527,0.471182256280613,0.08952795264886099,0.3907105994442319,0.9370510043060871,0.0001038077568689779,0.29698360797730694,0.4193788708374479,0.7693425544489955,1.343806926111736,208179200,77574144,6000640,425594880,102658048,334880768,38998016,4526080,280051712,92577792,4718592,2879488,300855296,8794112,43528192,1983362.0520426638,0,914141.2545425815,90335.67112169732,0,0,0,1655876.47947007,11,8,8,4,7,15,6,6,3,11,1,3,6,31,16,8.733,4.4,25.933,2.333,2.333,2.267,20.333,0.01368801652892562,0.003086021505376344,0.031090651558073657,0.03192307692307692,0.002217391304347826,0.003129032258064516,0.00607276119402985,0.02308471074380165,0.00475483870967742,0.08134482758620688,0.046384615384615385,0.004443478260869566,0.004832258064516128,0.009296641791044778
1705783442,1.5703532537514557,2.8165223460640854,0.18325692321941287,0.1986188721300463,3.8195599004552405,1.220468939228527,0.471182256280613,0.08952795264886099,0.3907105994442319,0.9370510043060871,0.0001038077568689779,0.29698360797730694,0.4193788708374479,0.7492472801047984,1.343806926111736,208179200,77574144,6000640,425590784,102658048,334880768,38998016,4526080,280051712,92577792,4718592,2879488,300855296,8794112,43528192,1983362.0520426638,0,914141.2545425815,90335.67112169732,0,0,0,1655876.47947007,11,8,8,4,7,15,6,6,3,11,1,3,6,31,16,8.733,4.4,25.933,2.333,2.333,2.267,19.133,0.01368801652892562,0.003086021505376344,0.031090651558073657,0.03192307692307692,0.002217391304347826,0.003129032258064516,0.0060632183908045974,0.02308471074380165,0.00475483870967742,0.08134482758620688,0.046384615384615385,0.004443478260869566,0.004832258064516128,0.009296934865900382
1705783443,1.5703532537514557,2.8165223460640854,0.18325692321941287,0.20264434556728447,4.880713773767872,1.220468939228527,0.47118225628061317,0.08952795264886099,0.3907105994442319,0.9370510043060871,0.0001038077568689779,0.29698360797730694,0.4193788708374479,0.7291520057606016,1.343806926111736,208179200,77574144,6000640,425590784,105922560,334880768,38998016,4526080,280051712,92577792,4718592,2879488,300855296,8794112,43528192,1983362.0520426638,0,914141.254542582,90335.67112169732,0,0,0,1655876.47947007,11,8,8,4,8,15,6,6,3,11,1,3,6,31,16,8.733,4.4,25.933,2.333,2.067,2.267,19.133,0.01368801652892562,0.003086021505376344,0.031090651558073657,0.03192307692307692,0.0023043478260869566,0.003129032258064516,0.0060632183908045974,0.02308471074380165,0.00475483870967742,0.08134482758620688,0.046384615384615385,0.004460869565217392,0.004832258064516128,0.009296934865900382
1705783444,1.5703532537514557,2.8165223460640854,0.18325692321941287,0.20666981900452258,4.880713773767872,1.220468939228527,0.46929850657463645,0.08952795264886099,0.3907105994442319,0.9370510043060871,0.0001038077568689779,0.29698360797730694,0.4193788708374479,0.7090567314164046,1.343806926111736,208179200,77574144,6000640,425590784,105922560,334880768,38998016,4526080,280051712,92577792,4718592,2879488,300855296,8794112,43528192,1983362.0520426638,0,1035758.9099779854,90335.67112169732,0,0,0,1655876.47947007,11,8,8,4,8,15,6,6,3,11,1,3,6,31,16,8.733,4.4,25.933,2.333,2.067,2.067,19.133,0.01368801652892562,0.003086021505376344,0.031090651558073657,0.03192307692307692,0.0023043478260869566,0.0031333333333333335,0.0060632183908045974,0.02308471074380165,0.00475483870967742,0.08134482758620688,0.046384615384615385,0.004460869565217392,0.00484,0.009296934865900382
1705783445,1.527869887519582,2.8165223460640854,0.18325692321941287,0.2415284062342859,4.880713773767872,1.220468939228527,0.46929850657463645,0.09166570271833431,0.3907105994442319,0.9380095679639464,0.00016854939931862443,0.29698360797730694,0.4193788708374479,1.1813214064299806,1.343806926111736,208179200,77574144,6000640,425590784,105922560,334880768,38998016,4526080,280051712,92573696,4718592,2879488,300855296,8826880,43528192,1983362.0520426638,0,1035758.9099779854,90335.67112169732,0,0,0,1655876.47947007,11,8,8,4,8,15,6,6,3,11,1,3,6,31,16,8.6,4.4,25.933,2.2,1.933,1.933,18.733,0.01365702479338843,0.003086021505376344,0.031090651558073657,0.03115079365079365,0.002314285714285714,0.003131868131868132,0.006117924528301886,0.023078512396694215,0.00475483870967742,0.08134482758620688,0.04623015873015873,0.0044628571428571425,0.004837362637362638,0.009314150943396224
1705783446,1.527869887519582,2.8165223460640854,0.18325692321941287,0.2415284062342859,4.880713773767872,1.220468939228527,0.46929850657463645,0.09166570271833431,0.3907105994442319,0.9380095679639464,0.00010781052873035538,0.29698360797730694,0.43045296577724224,1.1813214064299806,1.343806926111736,208179200,77574144,6000640,425590784,105922560,334880768,38998016,4526080,280051712,92573696,4718592,2879488,300855296,8826880,43528192,1983362.0520426638,0,1035758.9099779854,90335.67112169732,0,0,0,1655876.47947007,11,8,8,4,8,15,6,6,3,11,1,3,6,31,16,8.6,4.4,25.933,2.2,1.933,1.933,18.733,0.01365702479338843,0.003086021505376344,0.031090651558073657,0.03115079365079365,0.002314285714285714,0.003131868131868132,0.006117924528301886,0.023078512396694215,0.00475483870967742,0.08134482758620688,0.04623015873015873,0.0044628571428571425,0.004837362637362638,0.009314150943396224
1705783447,1.527869887519582,2.8165223460640854,0.18429223058585084,0.2415284062342859,4.880713773767872,0.9168299440847337,0.46929850657463645,0.09166570271833431,0.3907105994442319,0.9380095679639464,0.00010781052873035538,0.29698360797730694,0.43045296577724224,1.1813214064299806,1.343806926111736,208179200,77574144,5996544,425590784,105922560,334880768,38998016,4526080,280051712,92573696,4718592,2879488,300855296,8826880,43528192,1983362.0520426638,0,1035758.9099779854,90335.67112169732,0,0,0,1655876.47947007,11,8,8,4,8,15,6,6,3,11,1,3,6,31,16,8.6,4.4,25.933,2.2,1.933,1.933,18.733,0.01365702479338843,0.003086021505376344,0.031090651558073657,0.03115079365079365,0.002314285714285714,0.003131868131868132,0.006117924528301886,0.023078512396694215,0.00475483870967742,0.08134482758620688,0.04623015873015873,0.0044628571428571425,0.004837362637362638,0.009314150943396224
1705783448,1.527869887519582,2.8165223460640854,0.18429223058585084,0.2415284062342859,4.880713773767872,0.9153553289936632,0.4679165685161752,0.09166570271833431,0.3907105994442319,0.9380095679639464,0.00010781052873035538,0.29698360797730694,0.44451960537283186,1.1813214064299806,1.3136700615395702,208179200,77574144,5996544,425590784,105922560,334901248,39010304,4526080,280051712,92573696,4718592,2879488,300859392,8826880,43556864,1983362.0520426638,0,956087.1148039487,90335.67112169732,0,0,0,1533033.4329002774,11,8,8,4,8,15,6,6,3,11,1,3,6,31,16,8.533,3.933,24.667,1.8,1.933,1.933,17.867,0.013842213114754098,0.0030855614973262033,0.031928969359331476,0.03134920634920635,0.002314285714285714,0.003131868131868132,0.0060625,0.023161885245901636,0.004754010695187166,0.08161016949152541,0.046269841269841266,0.0044628571428571425,0.004837362637362638,0.009297115384615385
1705783449,1.527869887519582,2.8165223460640854,0.18429223058585084,0.2415284062342859,4.880713773767872,0.9342239013928962,0.4679165685161752,0.09166570271833431,0.3907105994442319,0.9380095679639464,0.00010781052873035538,0.29698360797730694,0.44451960537283186,1.1813214064299806,1.3136700615395702,208179200,77574144,5996544,425590784,105922560,334901248,39010304,4526080,280051712,92573696,4718592,2879488,300859392,8826880,43556864,1983362.0520426638,0,956087.1148039487,90335.67112169732,0,0,0,1533033.4329002774,11,8,8,4,8,15,6,6,3,11,1,3,6,31,16,8.533,3.933,23,1.8,1.933,1.933,17.867,0.013842213114754098,0.0030855614973262033,0.0328168044077135,0.03134920634920635,0.002314285714285714,0.003131868131868132,0.0060625,0.023161885245901636,0.004754010695187166,0.08202970297029705,0.046269841269841266,0.0044628571428571425,0.004837362637362638,0.009297115384615385
1705783450,1.527869887519582,2.8165223460640854,0.18429223058585084,0.2415284062342859,4.880713773767872,0.9530924737921294,0.4679165685161752,0.09166570271833431,0.3907105994442319,0.9380095679639464,0.00010781052873035538,0.29698360797730694,0.44451960537283186,1.1813214064299806,1.3136700615395702,208179200,77574144,5996544,425590784,105922560,334901248,39010304,4526080,280051712,92573696,4718592,2879488,300859392,8826880,43556864,1983362.0520426638,0,956087.1148039487,90335.67112169732,0,0,0,1533033.4329002774,11,8,8,4,8,15,6,6,3,11,1,3,6,31,16,8.533,3.933,23,1.8,1.933,1.933,17.867,0.013842213114754098,0.0030855614973262033,0.0328168044077135,0.03134920634920635,0.002314285714285714,0.003131868131868132,0.0060625,0.023161885245901636,0.004754010695187166,0.08202970297029705,0.046269841269841266,0.0044628571428571425,0.004837362637362638,0.009297115384615385
1705783451,1.527869887519582,2.8441373326722803,0.18429223058585084,0.2415284062342859,4.880713773767872,0.9719610461913624,0.4679165685161752,0.09166570271833431,0.3907105994442319,0.9166339190478882,0.00010781052873035538,0.29698360797730694,0.44451960537283186,1.1813214064299806,1.3136700615395702,208179200,77594624,5996544,425590784,105922560,334901248,39010304,4526080,280051712,92573696,4718592,2879488,300859392,8826880,43556864,1907443.8699624618,0,956087.1148039487,90335.67112169732,0,0,0,1533033.4329002774,11,8,8,4,8,15,6,6,3,11,1,3,6,31,16,8.533,3.933,23,1.8,1.933,1.933,17.867,0.013842213114754098,0.0030855614973262033,0.0328168044077135,0.03134920634920635,0.002314285714285714,0.003131868131868132,0.0060625,0.023161885245901636,0.004754010695187166,0.08202970297029705,0.046269841269841266,0.0044628571428571425,0.004837362637362638,0.009297115384615385
1705783452,1.5676886248780824,2.8441373326722803,0.18429223058585084,0.2415284062342859,4.880713773767872,1.1321143439539865,0.4679165685161752,0.0875259144084111,0.3907105994442319,0.9166339190478882,0.00010781052873035538,0.29698360797730694,0.44451960537283186,1.1813214064299806,1.3136700615395702,208203776,77594624,5996544,425590784,105922560,334901248,39010304,4521984,280051712,92573696,4718592,2879488,300859392,8826880,43556864,1907443.8699624618,0,956087.1148039487,90335.67112169732,0,0,0,1533033.4329002774,11,8,8,4,8,15,6,6,3,11,1,3,6,31,16,8.533,3.933,23,1.8,1.933,1.933,17.867,0.013842213114754098,0.0030855614973262033,0.0328168044077135,0.03134920634920635,0.002314285714285714,0.003131868131868132,0.0060625,0.023161885245901636,0.004754010695187166,0.08202970297029705,0.046269841269841266,0.0044628571428571425,0.004837362637362638,0.009297115384615385
1705783453,1.5676886248780824,2.8441373326722803,0.18429223058585084,0.2415284062342859,4.880713773767872,1.1321143439539865,0.4679165685161752,0.0875259144084111,0.3574131232070824,0.9166339190478882,0.00010781052873035538,0.25027763830249944,0.44451960537283186,1.1813214064299806,1.2854269878972961,208203776,77594624,5996544,425590784,105922560,334901248,39010304,4521984,280051712,92573696,4718592,2879488,300859392,8826880,43556864,1907443.8699624618,0,956087.1148039487,148734.52195068813,0,0,0,1640067.8656260606,11,8,8,4,8,15,6,6,3,11,1,3,6,31,16,8.533,3.933,23,1.8,1.933,1.933,17.867,0.013842213114754098,0.0030855614973262033,0.0328168044077135,0.03134920634920635,0.002314285714285714,0.003131868131868132,0.0060625,0.023161885245901636,0.004754010695187166,0.08202970297029705,0.046269841269841266,0.0044628571428571425,0.004837362637362638,0.009297115384615385
1705783454,1.5676886248780824,1.8378859506881444,0.18837145425489474,0.2415284062342859,4.880713773767872,1.1321143439539865,0.4679165685161752,0.0875259144084111,0.3574131232070824,0.9166339190478882,0.00010781052873035538,0.2954450279751505,0.44451960537283186,1.1813214064299806,1.2854269878972961,208203776,77594624,5996544,425590784,105922560,334901248,39010304,4521984,280051712,92573696,4718592,2879488,300859392,8826880,43556864,1510356.1379116634,0,956087.1148039487,148734.52195068813,0,0,0,1640067.8656260606,11,8,8,4,8,15,6,6,3,11,1,3,6,31,16,8.533,3.933,23,1.8,1.933,1.933,17.867,0.013842213114754098,0.0030855614973262033,0.0328168044077135,0.03134920634920635,0.002314285714285714,0.003131868131868132,0.0060625,0.023161885245901636,0.004754010695187166,0.08202970297029705,0.046269841269841266,0.0044628571428571425,0.004837362637362638,0.009297115384615385
1705783455,1.5676886248780824,1.884843268760377,0.18837145425489474,0.2415284062342859,4.918553139605768,1.1321143439539865,0.4679165685161752,0.0875259144084111,0.3574131232070824,0.9166339190478882,0.00010781052873035538,0.2504992220734808,0.44451960537283186,1.1813214064299806,1.2854269878972961,208203776,77594624,5996544,425590784,105922560,334901248,39010304,4521984,280051712,92573696,4718592,2879488,300859392,8826880,43556864,1548945.1883060646,0,956087.1148039487,148734.52195068813,0,0,0,1640067.8656260606,11,8,8,4,8,15,6,6,3,11,1,3,6,31,16,8.533,3.933,23,1.8,1.933,1.933,17.867,0.013842213114754098,0.0030855614973262033,0.0328168044077135,0.03134920634920635,0.002314285714285714,0.003131868131868132,0.0060625,0.023161885245901636,0.004754010695187166,0.08202970297029705,0.046269841269841266,0.0044628571428571425,0.004837362637362638,0.009297115384615385
1705783456,1.2839145491571782,1.9318005868326094,0.18837145425489474,0.2415284062342859,4.918553139605768,1.1321143439539865,0.4679165685161752,0.0875259144084111,0.37223839132159947,0.9166339190478882,0.00010781052873035538,0.24557513827389502,0.44451960537283186,1.1813214064299806,1.2854269878972961,208203776,77594624,5996544,425590784,105922560,334901248,39010304,4521984,280055808,92573696,4718592,2879488,300859392,8826880,43556864,1587534.2387004658,0,956087.1148039487,144498.8314150902,0,0,0,1640067.8656260606,11,8,8,4,8,15,6,6,3,11,1,3,6,31,16,8.533,3.733,23,1.8,1.933,1.933,17.867,0.013842213114754098,0.0030893854748603347,0.0328168044077135,0.03134920634920635,0.002314285714285714,0.003131868131868132,0.0060625,0.023161885245901636,0.004760893854748603,0.08202970297029705,0.046269841269841266,0.0044628571428571425,0.004837362637362638,0.009297115384615385
1705783457,1.3094260797685588,1.978757904904842,0.18837145425489474,0.20671409921233222,4.879826288126319,1.1321143439539865,0.4679165685161752,0.0875259144084111,0.37223839132159947,0.9166339190478882,0.00010781052873035538,0.24065105447430915,0.46627357146927184,1.1813214064299806,1.2854269878972961,208203776,77594624,5996544,425590784,106672128,334901248,39010304,4521984,280055808,92573696,4718592,2879488,300859392,8826880,43556864,1626123.289094867,0,956087.1148039487,144498.8314150902,0,0,0,1640067.8656260606,11,8,8,4,8,15,6,6,3,11,1,3,6,31,16,8.533,3.733,23,1.8,1.933,1.933,17.667,0.013842213114754098,0.0030893854748603347,0.0328168044077135,0.03134920634920635,0.002314285714285714,0.003131868131868132,0.006115900383141763,0.023161885245901636,0.004760893854748603,0.08202970297029705,0.046269841269841266,0.0044628571428571425,0.004837362637362638,0.009299808429118773
1705783458,1.5306918366828302,2.0257152229770745,0.18837145425489474,0.2404589496913875,4.879826288126319,1.1321143439539865,0.4679165685161752,0.05818124201188695,0.37223839132159947,0.9166339190478882,0.00010781052873035538,0.2947292644757437,0.46627357146927184,1.1813214064299806,1.2854269878972961,208203776,77594624,5996544,425590784,106672128,334901248,39010304,4521984,280055808,92573696,4718592,2879488,300859392,8826880,43556864,1664712.339489268,0,956087.1148039487,144498.8314150902,0,0,0,1640067.8656260606,11,8,8,4,8,15,6,6,3,11,1,3,6,31,16,8.533,3.733,23,1.8,2,1.933,17.667,0.013842213114754098,0.003089385474860335,0.0328168044077135,0.03134920634920635,0.0022058823529411764,0.003131868131868132,0.006115900383141763,0.023161885245901636,0.004760893854748604,0.08202970297029705,0.046269841269841266,0.004441176470588236,0.004837362637362638,0.009299808429118773
1705783459,1.5306918366828302,2.072672541049307,0.18837145425489474,0.2404589496913875,4.879826288126319,1.2338207295712027,0.4679165685161752,0.059511737610045766,0.37223839132159947,0.8899491789669793,0.00010781052873035538,0.2947292644757437,0.46627357146927184,1.1924092513234117,1.2854269878972961,208203776,77594624,5996544,425590784,106672128,334897152,39010304,4521984,280055808,92573696,4718592,2879488,300859392,8826880,43556864,1703301.3898836693,0,956087.1148039487,144498.8314150902,0,0,0,1640067.8656260606,11,8,8,4,8,15,6,6,3,11,1,3,6,31,16,8.533,3.733,23,1.8,2,2.133,17.667,0.013842213114754098,0.003089385474860335,0.0328168044077135,0.03134920634920635,0.0022058823529411764,0.0031162790697674423,0.006115900383141763,0.023161885245901636,0.004760893854748604,0.08202970297029705,0.046269841269841266,0.004441176470588236,0.004809302325581396,0.009299808429118773
1705783460,1.5306918366828302,2.11962985912154,0.18837145425489474,0.23818911766025247,4.879826288126321,1.2338207295712027,0.4679165685161752,0.06084223320820459,0.37223839132159947,0.8899491789669793,0.00010781052873035538,0.2947292644757437,0.46627357146927184,1.1924092513234117,1.2854269878972961,208203776,77594624,5996544,425590784,106672128,334897152,39010304,4521984,280055808,92573696,4718592,2879488,300859392,8826880,43556864,1741890.4402780707,0,956087.1148039487,144498.8314150902,0,0,0,1640067.8656260606,11,8,8,4,8,15,6,6,3,11,1,3,6,31,16,8.667,3.733,23,1.933,2.133,2.267,18.067,0.013811475409836065,0.003089385474860335,0.0328168044077135,0.03173076923076923,0.002217391304347826,0.003090909090909091,0.006082375478927203,0.023155737704918033,0.004760893854748604,0.08202970297029705,0.04634615384615385,0.004443478260869566,0.004763636363636364,0.009277777777777779
1705783461,1.5306918366828302,2.1665871771937724,0.18837145425489474,0.23818911766025247,4.879826288126319,1.2338207295712027,0.38342704795610666,0.0621727288063634,0.37223839132159947,0.8899491789669793,0.00010781052873035538,0.2947292644757437,0.46627357146927184,1.1924092513234117,1.2854269878972961,208203776,77594624,5996544,425590784,106672128,334897152,39010304,4521984,280055808,92573696,4718592,2879488,300859392,8826880,43556864,1780479.4906724715,0,604675.688390015,144498.8314150902,0,0,0,1640067.8656260606,11,8,8,4,8,15,6,6,3,11,1,3,6,31,16,8.667,3.733,23,1.933,2.133,2.267,18.067,0.013811475409836065,0.003089385474860335,0.0328168044077135,0.03173076923076923,0.002217391304347826,0.003090909090909091,0.006082375478927203,0.023155737704918033,0.004760893854748604,0.08202970297029705,0.04634615384615385,0.004443478260869566,0.004763636363636364,0.009277777777777779
1705783462,1.5306918366828302,2.213544495266005,0.1617284050666983,0.23818911766025247,4.879826288126319,1.2338207295712027,0.45253476294186656,0.06350322440452222,0.37223839132159947,0.8899491789669793,0,0.2947292644757437,0.46757610103627123,1.1924092513234117,1.2854269878972961,208203776,77594624,5996544,425590784,106672128,334897152,39010304,4521984,280055808,92573696,4718592,2879488,300855296,8826880,43556864,1819068.541066873,0,713660.579661585,144498.8314150902,0,0,0,1640067.8656260606,11,8,8,4,8,15,6,6,3,11,1,3,6,31,16,8.667,3.733,23,1.933,2.133,2.267,18.067,0.013811475409836065,0.003089385474860335,0.0328168044077135,0.03173076923076923,0.002217391304347826,0.003090909090909091,0.006082375478927203,0.023155737704918033,0.004760893854748604,0.08202970297029705,0.04634615384615385,0.004443478260869566,0.004763636363636364,0.009277777777777779
1705783463,1.5306918366828302,2.2605018133382373,0.1585888808291167,0.23818911766025247,4.879826288126319,1.2338207295712027,0.46108155832689884,0.06483372000268105,0.37223839132159947,0.8899491789669793,0,0.2947292644757437,0.46757610103627123,1.1924092513234117,1.2854269878972961,208203776,77594624,5996544,425590784,106672128,334897152,39018496,4521984,280055808,92573696,4718592,2879488,300855296,8826880,43556864,1857657.5914612738,0,678070.8531067211,144498.8314150902,0,0,0,1640067.8656260606,11,8,8,4,8,15,6,6,3,11,1,3,6,31,16,8,4.2,23.667,2.267,2.133,2.267,18.067,0.014040816326530613,0.003091954022988506,0.03305873925501433,0.03171641791044776,0.002217391304347826,0.003090909090909091,0.006079545454545455,0.02329795918367347,0.00476551724137931,0.08257188498402555,0.046343283582089556,0.004443478260869566,0.004763636363636364,0.009268939393939395
1705783464,1.5306918366828302,2.3074591314104698,0.18432796174960198,0.23818911766025247,4.879826288126319,1.2338207295712027,0.46108155832689884,0.06983985301952639,0.37223839132159947,0.8899491789669793,0,0.2947292644757437,0.46757610103627123,1.1692121997173526,1.009737263264771,208203776,77594624,5996544,425590784,106672128,334897152,39018496,4526080,280055808,92573696,4718592,2879488,300855296,8810496,43646976,1896246.6418556748,0,678070.8531067211,144498.8314150902,0,0,0,966540.7606336281,11,8,8,4,8,15,6,6,3,11,1,3,6,31,16,8,4.2,24,2.267,2.133,2.267,18.067,0.014040816326530613,0.003091954022988506,0.03319970845481049,0.03171641791044776,0.002217391304347826,0.003090909090909091,0.006079545454545455,0.02329795918367347,0.00476551724137931,0.08270569620253164,0.046343283582089556,0.004443478260869566,0.004763636363636364,0.009268939393939395
1705783465,1.5306918366828302,2.3544164494827027,0.18432796174960198,0.23818911766025247,4.879826288126319,1.2338207295712027,0.46108155832689884,0.07125873737979171,0.37223839132159947,0.8899491789669793,0,0.2947292644757437,0.46757610103627123,1.1692121997173526,1.0306530452545264,208203776,77594624,5996544,425590784,106672128,334897152,39018496,4526080,280055808,92573696,4718592,2879488,300855296,8810496,43646976,1934835.6922500762,0,678070.8531067211,144498.8314150902,0,0,0,986561.7666607419,11,8,8,4,8,15,6,6,3,11,1,3,6,31,16,8,4.2,24,2.267,2.133,2.267,18.067,0.014040816326530613,0.003091954022988506,0.03319970845481049,0.03171641791044776,0.002217391304347826,0.003090909090909091,0.006079545454545455,0.02329795918367347,0.00476551724137931,0.08270569620253164,0.046343283582089556,0.004443478260869566,0.004763636363636364,0.009268939393939395
1705783466,1.5306918366828302,2.401373767554935,0.18432796174960198,0.23818911766025247,4.879826288126319,1.2338207295712027,0.46108155832689884,0.07267762174005704,0.37223839132159947,0.8899491789669793,0,0.2947292644757437,0.46757610103627123,1.1692121997173526,1.051568827244282,208203776,77594624,5996544,425590784,106672128,334897152,39018496,4526080,280055808,92573696,4718592,2879488,300855296,8810496,43646976,1973424.7426444774,0,678070.8531067211,144498.8314150902,0,0,0,1006582.7726878559,11,8,8,4,8,15,6,6,3,11,1,3,6,31,16,8,4.2,24,2.267,2.133,2.267,18.067,0.014040816326530613,0.003091954022988506,0.03319970845481049,0.03171641791044776,0.002217391304347826,0.003090909090909091,0.006079545454545455,0.02329795918367347,0.00476551724137931,0.08270569620253164,0.046343283582089556,0.004443478260869566,0.004763636363636364,0.009268939393939395
1705783467,1.3049615619115666,2.375265498706774,0.18794409114401914,0.23818911766025247,4.879826288126319,1.2306257643701226,0.46108155832689884,0.08513306161591948,0.37223839132159947,0.8899491789669793,0,0.2947292644757437,0.46757610103627123,1.1692121997173526,1.0724846092340377,208203776,77594624,5996544,425590784,106672128,334897152,39018496,4526080,280055808,92573696,4718592,2879488,300855296,8810496,43646976,1951969.23062519,0,678070.8531067211,144498.8314150902,0,0,0,1026603.7787149696,11,8,8,4,8,15,6,6,3,11,1,3,6,31,16,8,4.2,24,2.267,2.133,2.267,18.067,0.014040816326530613,0.003091954022988506,0.03319970845481049,0.03171641791044776,0.002217391304347826,0.003090909090909091,0.006079545454545455,0.02329795918367347,0.00476551724137931,0.08270569620253164,0.046343283582089556,0.004443478260869566,0.004763636363636364,0.009268939393939395
1705783468,1.2794500313001862,2.328308180634541,0.18794409114401914,0.23818911766025247,4.9396276517274975,1.2306257643701226,0.46108155832689884,0.08513306161591948,0.37223839132159947,0.8899491789669793,0,0.2947292644757437,0.46757610103627123,1.1692121997173526,1.2549469193853353,208203776,77594624,5996544,425590784,106672128,334897152,39018496,4526080,280055808,92573696,4718592,2879488,300855296,8810496,43646976,1913380.1802307891,0,678070.8531067211,144498.8314150902,0,0,0,1201260.361626836,11,8,8,4,8,15,6,6,3,11,1,3,6,31,16,8,4.2,24,2.267,2.133,2.267,18.067,0.014040816326530613,0.003091954022988506,0.03319970845481049,0.03171641791044776,0.002217391304347826,0.003090909090909091,0.006079545454545455,0.02329795918367347,0.00476551724137931,0.08270569620253164,0.046343283582089556,0.004443478260869566,0.004763636363636364,0.009268939393939395
1705783469,1.2539385006888057,2.2813508625623085,0.18794409114401914,0.23818911766025247,4.9396276517274975,1.2306257643701226,0.46108155832689884,0.08513306161591948,0.37223839132159947,0.8899491789669793,0,0.2947292644757437,0.46757610103627123,1.1692121997173526,1.2549469193853353,208203776,77594624,5996544,425590784,106672128,334897152,39018496,4526080,280055808,92573696,4718592,2879488,300855296,8810496,43646976,1874791.1298363882,0,678070.8531067211,144498.8314150902,0,0,0,1201260.361626836,11,8,8,4,8,15,6,6,3,11,1,3,6,31,16,8,4.2,24,2.267,2.133,2.267,18.067,0.014040816326530613,0.003091954022988506,0.03319970845481049,0.03171641791044776,0.002217391304347826,0.003090909090909091,0.006079545454545455,0.02329795918367347,0.00476551724137931,0.08270569620253164,0.046343283582089556,0.004443478260869566,0.004763636363636364,0.009268939393939395
1705783470,3.153546485101593,2.8916739015351975,0.18794409114401914,0.23818911766025247,4.9396276517274975,1.2306257643701226,0.46108155832689884,0.08513306161591948,0.37223839132159947,0.7328674845147937,0,0.2941364637716152,0.46757610103627123,1.1692121997173526,1.2549469193853353,209506304,77643776,5996544,425590784,106672128,334897152,39018496,4526080,280055808,92573696,4718592,2879488,300855296,8810496,43646976,1986202.2233986238,0,678070.8531067211,144498.8314150902,0,0,0,1201260.361626836,11,8,8,4,8,15,6,6,3,11,1,3,6,31,16,8,4.2,24,2.267,2.133,2.267,18.067,0.014040816326530613,0.003091954022988506,0.03319970845481049,0.03171641791044776,0.002217391304347826,0.003090909090909091,0.006079545454545455,0.02329795918367347,0.00476551724137931,0.08270569620253164,0.046343283582089556,0.004443478260869566,0.004763636363636364,0.009268939393939395
1705783471,3.153546485101593,2.8916739015351975,0.18794409114401914,0.23818911766025247,4.9396276517274975,1.2306257643701226,0.46108155832689884,0.08513306161591948,0.27695479862475375,0.747639985853021,0,0.2941364637716152,0.46757610103627123,1.1692121997173526,1.2549469193853353,209506304,77643776,5996544,425590784,106672128,334897152,39018496,4526080,280055808,92573696,4718592,2879488,300855296,8810496,43646976,1986202.2233986238,0,678070.8531067211,96686.52259332025,0,0,0,1201260.361626836,11,8,8,4,8,15,6,6,3,11,1,3,6,31,16,8,4.533,24,2.267,2.133,2.267,18.067,0.014040816326530613,0.003078214999445083,0.03319970845481049,0.03171641791044776,0.002217391304347826,0.003090909090909091,0.006079545454545455,0.02329795918367347,0.0047407869990011495,0.08270569620253164,0.046343283582089556,0.004443478260869566,0.004763636363636364,0.009268939393939395
1705783472,3.153546485101593,2.8916739015351975,0.18794409114401917,0.23818911766025247,4.8851182428919,1.2306257643701226,0.46108155832689884,0.08513306161591948,0.2727639750625314,0.8863500802936414,0,0.2941364637716152,0.4675761010362713,1.1692121997173526,1.2549469193853353,209506304,77643776,5996544,425590784,99069952,334897152,39018496,4526080,280051712,92573696,4718592,2879488,300855296,8810496,43646976,1986202.2233986238,0,678070.8531067211,94833.42845559807,0,0,0,1201260.361626836,11,8,8,4,8,15,6,6,3,11,1,3,6,31,16,8,4.533,24,2.267,2.133,2.267,17.933,0.014040816326530613,0.003078214999445083,0.03319970845481049,0.03171641791044776,0.002217391304347826,0.003090909090909091,0.006074181117533719,0.02329795918367347,0.0047407869990011495,0.08270569620253164,0.046343283582089556,0.004443478260869566,0.004763636363636364,0.009276493256262043
1705783473,3.709016820658595,2.8916739015351975,0.18794409114401917,0.23818911766025247,4.8851182428919,1.2306257643701226,0.46108155832689884,0.08513306161591948,0.27917098365517656,0.8863500802936414,0,0.2941364637716152,0.47122820199742843,0.7253601144878854,1.2549469193853353,209506304,77643776,5996544,425590784,99069952,334897152,39018496,4526080,280051712,92573696,4718592,2879488,300855296,8810496,43646976,1986202.2233986238,0,678070.8531067211,97060.99018124648,0,0,0,1201260.361626836,11,8,8,4,8,15,6,6,3,11,1,3,6,31,16,8,4.533,24,2.267,2.133,2.267,17.933,0.014040816326530613,0.003078214999445083,0.03319970845481049,0.03171641791044776,0.0022537313432835823,0.003090909090909091,0.006074181117533719,0.02329795918367347,0.0047407869990011495,0.08270569620253164,0.046343283582089556,0.004450746268656717,0.004763636363636364,0.009276493256262043
1705783474,3.709016820658595,2.8916739015351975,0.18794409114401917,0.2339967736309723,4.8851182428919,1.0546736273044035,0.46108155832689884,0.09047554662752048,0.28557799224782165,0.8863500802936414,0.00013646908975118157,0.2941364637716152,0.47122820199742843,0.7442084700249367,1.2549469193853353,209506304,77643776,5996544,425590784,99069952,334897152,39018496,4521984,280051712,92573696,4718592,2879488,300855296,8810496,43646976,1986202.2233986238,0,678070.8531067211,99288.55190689488,0,0,0,1201260.361626836,11,8,8,4,8,15,6,6,3,11,1,3,6,31,16,8,4.533,24,2.267,2.133,2.067,17.933,0.014040816326530613,0.003078214999445083,0.03319970845481049,0.03171641791044776,0.0022537313432835823,0.003091954022988506,0.006074181117533719,0.02329795918367347,0.0047407869990011495,0.08270569620253164,0.046343283582089556,0.004450746268656717,0.00476551724137931,0.009276493256262043
1705783475,3.709016820658595,2.8916739015351975,0.18794409114401917,0.2339967736309723,4.8851182428919,1.0341631978982346,0.46108155832689884,0.09047554662752048,0.29198500084046675,0.8863500802936414,0.00013646908975118157,0.2941364637716152,0.47122820199742843,0.7630568255619878,1.2549469193853353,209506304,77643776,5996544,425590784,99069952,334897152,39018496,4521984,280051712,92573696,4718592,2879488,300855296,8810496,43646976,1986202.2233986238,0,678070.8531067211,101516.11363254329,0,0,0,1201260.361626836,11,8,8,4,8,15,6,6,3,11,1,3,6,31,16,7.667,4.533,24,1.933,1.8,1.733,16.933,0.014237804878048781,0.003078214999445083,0.03319970845481049,0.0318359375,0.002193548387096774,0.0030975609756097562,0.00607421875,0.023335365853658536,0.0047407869990011495,0.08270569620253164,0.0463671875,0.004438709677419355,0.0047756097560975605,0.009261718750000002
1705783476,3.709016820658595,2.8916739015351975,0.17960958265124685,0.2339967736309723,4.885118242891899,1.0136527684920662,0.46108155832689884,0.09047554662752048,0.29839200943311184,0.7409775877494806,0.00013646908975118157,0.28388312365934204,0.47122820199742843,0.7819051810990394,1.2549469193853353,209506304,77643776,6000640,425590784,99069952,334897152,39018496,4521984,280051712,92573696,4718592,2875392,300855296,8810496,43646976,1986202.2233986238,0,678070.8531067211,103743.6753581917,0,0,0,1201260.361626836,11,8,8,4,8,15,6,6,3,11,1,3,6,31,16,7.667,4.533,24,1.933,1.8,1.733,16.933,0.014237804878048781,0.003078214999445083,0.03319970845481049,0.0318359375,0.002193548387096774,0.0030975609756097562,0.00607421875,0.023335365853658536,0.0047407869990011495,0.08270569620253164,0.0463671875,0.004438709677419355,0.0047756097560975605,0.009261718750000002
1705783477,3.709016820658595,2.8916739015351975,0.17960958265124685,0.2339967736309723,4.885118242891899,0.9931423390858972,0.46108155832689884,0.09047554662752048,0.304799018025757,0.9031347118054123,0.00013646908975118157,0.28388312365934204,0.47122820199742843,0.8007535366360906,1.2549469193853353,209506304,77643776,6000640,425590784,99069952,334897152,39018496,4521984,280051712,92569600,4718592,2875392,300855296,8810496,43646976,1986202.2233986238,0,678070.8531067211,105971.23708384011,0,0,0,1201260.361626836,11,8,8,4,8,15,6,6,3,11,1,3,6,31,16,7.667,4.533,24,1.933,1.8,1.733,16.933,0.014237804878048781,0.003078214999445083,0.03319970845481049,0.0318359375,0.002193548387096774,0.0030975609756097562,0.00607421875,0.023335365853658536,0.0047407869990011495,0.08270569620253164,0.0463671875,0.004438709677419355,0.0047756097560975605,0.009261718750000002
1705783478,3.709016820658595,2.8916739015351975,0.17960958265124685,0.2339967736309723,4.885118242891899,0.9726319096797286,0.3988284695167572,0.09047554662752048,0.311206026618402,0.9031347118054123,0.00013646908975118157,0.28388312365934204,0.47122820199742843,0.8196018921731422,1.2705207494693722,209506304,77643776,6000640,425590784,99069952,334897152,39018496,4521984,280051712,92569600,4718592,2875392,300855296,8810496,43716608,1986202.2233986238,0,570480.5540179146,108198.7988094885,0,0,0,1543906.9018517162,11,8,8,4,8,15,6,6,3,11,1,3,6,31,16,6.867,3.866,22.667,1.667,1.8,1.733,16.133,0.014144736842105264,0.0030685738578832963,0.0320945945945946,0.03176229508196721,0.002193548387096774,0.0030975609756097562,0.0060153061224489796,0.02340789473684211,0.004723432944189934,0.08210264900662252,0.04635245901639344,0.004438709677419355,0.0047756097560975605,0.009268367346938774
1705783479,3.709016820658595,2.8916739015351975,0.13822825984748988,0.2339967736309723,4.885118242891899,1.3210267325046665,0.40130396876350777,0.09047554662752048,0.3176130352110471,0.9031347118054123,0.00013646908975118157,0.28388312365934204,0.47122820199742843,0.8384502477101935,1.2705207494693722,209506304,77643776,6000640,425590784,99069952,335056896,39018496,4521984,280051712,92569600,4718592,2875392,300855296,8810496,43716608,1986202.2233986238,0,574021.4852444851,110426.3605351369,0,0,0,1543906.9018517162,11,8,8,4,8,15,6,6,3,11,1,3,6,31,16,6.867,3.866,22.2,1.667,1.8,1.733,16.133,0.014144736842105264,0.0030685738578832963,0.031037151702786373,0.03176229508196721,0.002193548387096774,0.0030975609756097562,0.0060153061224489796,0.02340789473684211,0.004723432944189934,0.08160958904109589,0.04635245901639344,0.004438709677419355,0.0047756097560975605,0.009268367346938774
1705783480,3.709016820658595,2.8916739015351975,0.14106571937982534,0.2339967736309723,4.885118242891899,1.1911615042004469,0.39344524099604566,0.09047554662752048,0.3844205155587057,0.9031347118054123,0.00013646908975118157,0.28388312365934204,0.39207953511943533,0.8572986032472449,1.2705207494693722,209506304,77643776,6000640,425590784,99069952,335056896,39018496,4521984,280051712,92569600,4718592,2875392,300855296,8810496,43716608,1986202.2233986238,0,562780.4337315629,133653.70353890423,0,0,0,1543906.9018517162,11,8,8,4,8,15,6,6,3,11,1,3,6,31,16,6.867,3.866,22.2,1.667,1.8,1.733,16.133,0.014144736842105264,0.0030685738578832963,0.031037151702786373,0.03176229508196721,0.002193548387096774,0.0030975609756097562,0.0060153061224489796,0.02340789473684211,0.004723432944189934,0.08160958904109589,0.04635245901639344,0.004438709677419355,0.0047756097560975605,0.009268367346938774
1705783481,3.709016820658595,2.7927803405758485,0.14390317891216087,0.2339967736309723,4.885118242891899,1.2150009451042705,0.3855865132285836,0.09047554662752048,0.3844205155587057,0.9031347118054123,0.00013646908975118157,0.28388312365934204,0.3842257317528116,0.8761469587842963,1.2705207494693722,209506304,77668352,6000640,425590784,99069952,335056896,39018496,4521984,280051712,92569600,4718592,2875392,300855296,8810496,43716608,1847354.7922418674,0,551539.3822186409,133653.70353890423,0,0,0,1543906.9018517162,11,8,8,4,8,15,6,6,3,11,1,3,6,31,16,6.867,3.866,22.2,1.667,1.8,1.733,16.133,0.014144736842105264,0.0030685738578832963,0.031037151702786373,0.03176229508196721,0.002193548387096774,0.0030975609756097562,0.0060153061224489796,0.02340789473684211,0.004723432944189934,0.08160958904109589,0.04635245901639344,0.004438709677419355,0.0047756097560975605,0.009268367346938774
1705783482,3.709016820658595,2.2989058883945623,0.14674063844449636,0.2339967736309723,4.885118242891899,1.430366454229412,0.483782625466081,0.0933059449009184,0.3844205155587057,0.9031347118054123,0.00013646908975118157,0.28388312365934204,2.4710160304018016,0.8949953143213476,1.2705207494693722,209506304,77668352,6000640,425590784,99069952,335056896,39034880,4521984,280051712,92569600,4718592,2875392,301924352,8810496,43716608,1180077.6896797935,0,956722.2388891268,133653.70353890423,0,0,0,1543906.9018517162,11,8,8,4,8,15,6,6,3,11,1,3,6,31,16,6.867,3.866,22.2,1.667,1.8,1.733,16.133,0.014144736842105264,0.0030685738578832963,0.031037151702786373,0.03176229508196721,0.002193548387096774,0.0030975609756097562,0.0060153061224489796,0.02340789473684211,0.004723432944189934,0.08160958904109589,0.04635245901639344,0.004438709677419355,0.0047756097560975605,0.009268367346938774
1705783483,3.709016820658595,2.3459093074092268,0.17024757194012977,0.2339967736309723,4.885118242891899,1.430366454229412,0.483782625466081,0.0933059449009184,0.3844205155587057,0.9031347118054123,0.00013646908975118157,0.28388312365934204,2.4710160304018016,1.1309013322230828,1.2662468856172155,209506304,77668352,6000640,425590784,99069952,335056896,39034880,4521984,280051712,92569600,4718592,2875392,301924352,8810496,43716608,1204205.5525896633,0,956722.2388891268,133653.70353890423,0,0,0,1614278.595696489,11,8,8,4,8,15,6,6,3,11,1,3,6,31,16,6.867,3.866,22.2,1.667,1.8,1.733,16.133,0.014144736842105264,0.0030685738578832963,0.031037151702786373,0.03176229508196721,0.002193548387096774,0.0030975609756097562,0.0060153061224489796,0.02340789473684211,0.004723432944189934,0.08160958904109589,0.04635245901639344,0.004438709677419355,0.0047756097560975605,0.009268367346938774
1705783484,3.709016820658595,2.392912726423891,0.17024757194012977,0.2339967736309723,3.911123258891652,1.430366454229412,0.483782625466081,0.0933059449009184,0.3844205155587057,0.9031347118054123,0.00013646908975118157,0.28388312365934204,2.4710160304018016,1.1309013322230828,1.2662468856172155,209506304,77668352,6000640,425590784,99069952,335056896,39034880,4521984,280051712,92569600,4718592,2875392,301924352,8810496,43716608,1228333.4154995333,0,956722.2388891268,133653.70353890423,0,0,0,1614278.595696489,11,8,8,4,8,15,6,6,3,11,1,3,6,31,16,6.867,3.866,22.2,1.667,1.8,1.733,16.133,0.014144736842105264,0.0030685738578832963,0.031037151702786373,0.03176229508196721,0.002193548387096774,0.0030975609756097562,0.0060153061224489796,0.02340789473684211,0.004723432944189934,0.08160958904109589,0.04635245901639344,0.004438709677419355,0.0047756097560975605,0.009268367346938774
1705783485,3.1683658021005936,2.8202051408798674,0.17024757194012977,0.2339967736309723,3.990669371381313,1.430366454229412,0.483782625466081,0.0933059449009184,0.3844205155587057,0.9031347118054123,0.00013646908975118157,0.2796909256189487,2.4710160304018016,0.9037409512905397,1.2662468856172155,209506304,77668352,6000640,425590784,99069952,335056896,39034880,4521984,280051712,92569600,4718592,2875392,301924352,8810496,43716608,1447671.7745921896,0,956722.2388891268,133653.70353890423,0,0,0,1614278.595696489,11,8,8,4,8,15,6,6,3,11,1,3,6,31,16,6.867,3.866,22.2,1.667,1.8,1.733,16.133,0.014144736842105264,0.0030685738578832963,0.031037151702786373,0.03176229508196721,0.002193548387096774,0.0030975609756097562,0.0060153061224489796,0.02340789473684211,0.004723432944189934,0.08160958904109589,0.04635245901639344,0.004438709677419355,0.0047756097560975605,0.009268367346938774
1705783486,3.106548855089618,2.8202051408798674,0.17024757194012977,0.2381385401815205,4.070215483870974,1.430366454229412,0.483782625466081,0.0933059449009184,0.3844205155587057,0.9031347118054123,0.00013646908975118157,0.2796909256189487,2.4710160304018016,0.8848925957534882,1.2662468856172155,209506304,77668352,6000640,425590784,99069952,335056896,39034880,4521984,280051712,92569600,4718592,2875392,301924352,8810496,43716608,1447671.7745921896,0,956722.2388891268,133653.70353890423,0,0,0,1614278.595696489,11,8,8,4,8,15,6,6,3,11,1,3,6,31,16,6.867,3.534,22.2,1.667,1.8,1.733,16.133,0.014144736842105264,0.003070175438596491,0.031037151702786373,0.03176229508196721,0.002193548387096774,0.0030975609756097562,0.0060153061224489796,0.02340789473684211,0.004726315789473684,0.08160958904109589,0.04635245901639344,0.004438709677419355,0.0047756097560975605,0.009268367346938774
1705783487,3.0447319080786412,2.8202051408798674,0.17948354369707625,0.2381385401815205,4.772766749379661,1.430366454229412,0.4837826254660811,0.0933059449009184,0.3844205155587057,0.9031347118054123,0.00013646908975118157,0.2796909256189487,2.4710160304018016,0.8660442402164369,1.2662468856172155,209506304,77668352,6008832,425590784,99069952,335056896,39034880,4521984,280051712,92569600,4718592,2875392,301924352,8810496,43716608,1447671.7745921896,0,956722.238889127,133653.70353890423,0,0,0,1614278.595696489,11,8,8,4,8,15,6,6,3,11,1,3,6,31,16,6.867,3.534,22.2,1.667,1.8,1.733,16.867,0.014144736842105264,0.003070175438596491,0.031037151702786373,0.03176229508196721,0.002193548387096774,0.0030975609756097562,0.0060288270377733605,0.02340789473684211,0.004726315789473684,0.08160958904109589,0.04635245901639344,0.004438709677419355,0.0047756097560975605,0.009269383697813122
1705783488,3.4387477921919576,2.8202051408798674,0.17948354369707625,0.2381385401815205,4.00562404052937,1.430366454229412,0.4837826254660811,0.0933059449009184,0.3844205155587057,0.9031347118054123,0.00010392129693779356,0.2864109848484835,2.4710160304018016,1.1521715202934646,1.2662468856172155,209526784,77668352,6008832,425590784,99069952,335056896,39034880,4521984,280051712,92569600,4718592,2879488,301924352,8843264,43716608,1447671.7745921896,0,956722.238889127,133653.70353890423,0,0,0,1614278.595696489,12,8,8,4,8,15,6,6,3,11,1,3,6,31,16,6.867,3.534,22.2,1.667,1.8,1.733,16.867,0.014144736842105264,0.003070175438596491,0.031037151702786373,0.03176229508196721,0.0021147540983606555,0.0030975609756097562,0.0060288270377733605,0.02340789473684211,0.004726315789473684,0.08160958904109589,0.04635245901639344,0.0044229508196721315,0.0047756097560975605,0.009269383697813122
1705783489,3.4387477921919576,2.8202051408798674,0.17948354369707625,0.23734975213346213,3.926077928039709,1.430366454229412,0.4837826254660811,0.07993001933301119,0.3844205155587057,0.88346236832086,0.00010392129693779356,0.2864109848484835,2.4710160304018016,1.1521715202934646,1.2662468856172155,209526784,77668352,6008832,425590784,99069952,335056896,39034880,4521984,280051712,92569600,4718592,2879488,301924352,8843264,43716608,1447671.7745921896,0,956722.238889127,133653.70353890423,0,0,0,1614278.595696489,12,8,8,4,8,15,6,6,3,11,1,3,6,31,16,6.867,3.534,22.2,1.667,1.8,1.8,16.867,0.014144736842105264,0.003070175438596491,0.031037151702786373,0.03176229508196721,0.0021147540983606555,0.0031162790697674423,0.0060288270377733605,0.02340789473684211,0.004726315789473684,0.08160958904109589,0.04635245901639344,0.0044229508196721315,0.004809302325581397,0.009269383697813122
1705783490,3.4387477921919576,2.8202051408798674,0.17948354369707625,0.23734975213346213,4.734925768043505,1.430366454229412,0.4837826254660811,0.07837492025132922,0.3845314009661768,0.88346236832086,0.00014276876219484244,0.2864109848484835,3.502236842105234,1.1521715202934646,1.2662468856172155,209526784,77668352,6008832,425590784,98516992,335056896,39034880,4521984,280051712,92569600,4718592,2879488,301924352,8843264,43716608,1447671.7745921896,0,956722.238889127,102894.68599033817,0,0,0,1614278.595696489,12,8,8,4,8,15,6,6,3,11,1,3,6,31,16,7.133,3.534,22.2,1.933,2.067,2.067,17.667,0.014111842105263157,0.003070175438596491,0.031037151702786373,0.03185483870967742,0.002129032258064516,0.003090909090909091,0.006058823529411764,0.023401315789473683,0.004726315789473684,0.08160958904109589,0.046370967741935484,0.004425806451612903,0.004763636363636364,0.009266666666666666
1705783491,3.4387477921919576,2.8202051408798674,0.17948354369707625,0.23734975213346213,4.734925768043505,1.430366454229412,0.4837826254660811,0.0904438804578651,0.3845314009661768,0.88346236832086,0.00014276876219484244,0.2864109848484835,3.502236842105234,1.1521715202934646,1.2662468856172155,209526784,77668352,6008832,425590784,98516992,335056896,39034880,4521984,280051712,92569600,4718592,2879488,301924352,8843264,43716608,1447671.7745921896,0,956722.238889127,102894.68599033817,0,0,0,1614278.595696489,12,8,8,4,8,15,6,6,3,11,1,3,6,31,16,7.133,3.534,22.2,1.933,2.067,2.067,17.667,0.014111842105263157,0.003070175438596491,0.031037151702786373,0.03185483870967742,0.002129032258064516,0.003090909090909091,0.006058823529411764,0.023401315789473683,0.004726315789473684,0.08160958904109589,0.046370967741935484,0.004425806451612903,0.004763636363636364,0.009266666666666666
1705783492,3.4387477921919576,2.8202051408798674,0.17948354369707625,0.23734975213346213,4.734925768043505,1.430366454229412,0.4837826254660811,0.0904438804578651,0.3845314009661768,0.9132174023823195,0.00014276876219484244,0.2864109848484835,3.502236842105233,1.1521715202934646,1.2662468856172155,209526784,77668352,6008832,425590784,98516992,335056896,39034880,4521984,280051712,92573696,4718592,2879488,301924352,8843264,43716608,1447671.7745921896,0,956722.238889127,102894.68599033817,0,0,0,1614278.595696489,12,8,8,4,8,15,6,6,3,11,1,3,6,31,16,7.133,3.534,22.2,1.933,2.067,2.067,17.667,0.014111842105263157,0.003070175438596491,0.031037151702786373,0.03185483870967742,0.002129032258064516,0.003090909090909091,0.006058823529411764,0.023401315789473683,0.004726315789473684,0.08160958904109589,0.046370967741935484,0.004425806451612903,0.004763636363636364,0.009266666666666666
1705783493,3.4387477921919576,2.8202051408798674,0.17948354369707625,0.23734975213346213,4.734925768043505,1.430366454229412,0.4837826254660811,0.07626701751840209,0.3845314009661768,0.9132174023823195,0.00014276876219484244,0.2864109848484835,3.502236842105233,1.1521715202934646,1.2662468856172155,209526784,77668352,6008832,425590784,98516992,335056896,39034880,4521984,280051712,92573696,4718592,2879488,301924352,8843264,43716608,1447671.7745921896,0,956722.238889127,102894.68599033817,0,0,0,1614278.595696489,12,8,8,4,8,15,6,6,3,11,1,3,6,31,16,8.4,4.2,24.267,2.067,2.067,2.067,18.667,0.013698156682027647,0.0030705882352941175,0.030925076452599384,0.03145161290322581,0.002129032258064516,0.003090909090909091,0.006046168958742632,0.0233479262672811,0.0047270588235294115,0.08127622377622379,0.046290322580645166,0.004425806451612903,0.004763636363636364,0.009272102161100196
1705783494,3.4387477921919576,2.8374670037550653,0.17948354369707625,0.23734975213346213,4.734925768043505,1.2221527773754177,0.4837826254660811,0.07786100007074939,0.3845314009661768,0.9132174023823195,0.00014276876219484244,0.2864109848484835,3.502236842105233,1.1521715202934646,1.0848144248656033,209526784,77701120,6008832,425590784,98516992,335056896,39034880,4521984,280051712,92573696,4718592,2879488,301924352,8843264,43716608,1941629.1779752388,0,956722.238889127,102894.68599033817,0,0,0,1540322.9259734126,12,8,8,4,8,15,6,6,3,11,1,3,6,31,16,8.4,4.2,25.2,2.067,2.067,2.067,18.667,0.013698156682027647,0.0030705882352941175,0.03090701219512195,0.03145161290322581,0.002129032258064516,0.003090909090909091,0.006046168958742632,0.0233479262672811,0.0047270588235294115,0.08102150537634409,0.046290322580645166,0.004425806451612903,0.004763636363636364,0.009272102161100196
1705783495,3.4387477921919576,2.8374670037550653,0.17948354369707625,0.23734975213346213,4.734925768043505,1.1983133364715939,0.4913468123753128,0.07945498262309669,0.3845314009661768,0.9132174023823195,0.00014276876219484244,0.2864109848484835,3.502236842105233,1.1521715202934646,1.0634014302865717,209526784,77701120,6008832,425590784,98516992,335056896,39034880,4521984,280051712,92573696,4718592,2879488,301924352,8843264,43716608,1941629.1779752388,0,1036715.0046154304,102894.68599033817,0,0,0,1509918.7151629664,12,8,8,4,8,15,6,6,3,11,1,3,6,31,16,8.4,4.2,25.2,2.067,2.067,2.067,18.667,0.013698156682027647,0.0030705882352941175,0.03090701219512195,0.03145161290322581,0.002129032258064516,0.003090909090909091,0.006046168958742632,0.0233479262672811,0.0047270588235294115,0.08102150537634409,0.046290322580645166,0.004425806451612903,0.004763636363636364,0.009272102161100196
1705783496,3.4387477921919576,2.8374670037550653,0.17948354369707625,0.23734975213346213,4.734925768043505,1.3511003280481206,0.4913468123753128,0.08104896517544398,0.3845314009661768,0.9132174023823195,0.00014276876219484244,0.2864109848484835,3.502236842105233,1.1521715202934646,1.2936680904260898,209526784,77701120,6008832,425590784,98516992,335048704,39034880,4521984,280051712,92573696,4718592,2879488,301924352,8843264,43749376,1941629.1779752388,0,1036715.0046154304,102894.68599033817,0,0,0,1578831.128242525,12,8,8,4,8,15,6,6,3,11,1,3,6,31,16,8.4,4.2,25.2,2.067,2.067,2.067,18.667,0.013698156682027647,0.0030705882352941175,0.03090701219512195,0.03145161290322581,0.002129032258064516,0.003090909090909091,0.006046168958742632,0.0233479262672811,0.0047270588235294115,0.08102150537634409,0.046290322580645166,0.004425806451612903,0.004763636363636364,0.009272102161100196
1705783497,3.4387477921919576,2.8374670037550653,0.17715257458674,0.23734975213346213,4.734925768043505,1.4041857163733478,0.4913468123753128,0.08264294772779125,0.3845314009661768,0.9132174023823195,0.00014276876219484244,0.2864109848484835,3.502236842105233,1.1521715202934646,1.2936680904260898,209526784,77701120,6008832,425590784,98516992,335048704,39034880,4521984,280051712,92573696,4718592,2879488,301924352,8843264,43749376,1941629.1779752388,0,1036715.0046154304,102894.68599033817,0,0,0,1578831.128242525,12,8,8,4,8,15,6,6,3,11,1,3,6,31,16,8.4,4.2,25.2,2.067,2.067,2.067,18.667,0.013698156682027647,0.0030705882352941175,0.03090701219512195,0.03145161290322581,0.002129032258064516,0.003090909090909091,0.006046168958742632,0.0233479262672811,0.0047270588235294115,0.08102150537634409,0.046290322580645166,0.004425806451612903,0.004763636363636364,0.009272102161100196
1705783498,4.10691649122806,2.8374670037550653,0.17715257458674,0.23734975213346213,4.734925768043505,1.4041857163733478,0.4913468123753128,0.09563895314083747,0.378953882422268,0.9132174023823195,0.00014276876219484244,0.2864109848484835,3.502236842105233,1.1521715202934646,1.2936680904260898,209526784,77701120,6008832,425590784,98516992,335048704,39034880,4521984,280051712,92573696,4718592,2879488,301924352,8843264,43749376,1941629.1779752388,0,1036715.0046154304,84490.93855900987,0,0,0,1578831.128242525,12,8,8,4,8,15,6,6,3,11,1,3,6,31,16,8.4,4.2,25.2,2.067,2.067,2.067,18.667,0.013698156682027647,0.0030705882352941175,0.03090701219512195,0.03145161290322581,0.002129032258064516,0.003090909090909091,0.006046168958742632,0.0233479262672811,0.0047270588235294115,0.08102150537634409,0.046290322580645166,0.004425806451612903,0.004763636363636364,0.009272102161100196
1705783499,4.10691649122806,2.8374670037550653,0.17715257458674,0.23734975213346213,4.734925768043505,1.4041857163733478,0.4848069006077259,0.09563895314083747,0.378953882422268,0.9132174023823195,0.00014276876219484244,0.23049325980392088,3.502236842105233,1.1521715202934646,1.2936680904260898,209526784,77701120,6008832,425590784,98516992,335048704,39043072,4521984,280051712,92573696,4718592,2879488,301924352,8843264,43749376,1941629.1779752388,0,931456.577141737,84490.93855900987,0,0,0,1578831.128242525,12,8,8,4,8,15,6,6,3,11,1,3,6,31,16,8.4,4.2,25.2,2.067,2.067,2.067,18.667,0.013698156682027647,0.0030705882352941175,0.03090701219512195,0.03145161290322581,0.002129032258064516,0.003090909090909091,0.006046168958742632,0.0233479262672811,0.0047270588235294115,0.08102150537634409,0.046290322580645166,0.004425806451612903,0.004763636363636364,0.009272102161100196
1705783500,4.10691649122806,2.806493687014951,0.17715257458674,0.23734975213346213,4.734925768043505,1.4041857163733478,0.4848069006077259,0.09563895314083747,0.378953882422268,0.9132174023823195,0.00014276876219484244,0.23519097222222152,3.502236842105233,1.1521715202934646,1.2936680904260898,209526784,77701120,6008832,425590784,98516992,335048704,39043072,4521984,280051712,92573696,4718592,2879488,301924352,8843264,43749376,2030682.265724545,0,931456.577141737,84490.93855900987,0,0,0,1578831.128242525,12,8,8,4,8,15,6,6,3,11,1,3,6,31,16,8.4,4.2,25.2,2.067,2.067,2.067,18.667,0.013698156682027647,0.0030705882352941175,0.03090701219512195,0.03145161290322581,0.002129032258064516,0.003090909090909091,0.006046168958742632,0.0233479262672811,0.0047270588235294115,0.08102150537634409,0.046290322580645166,0.004425806451612903,0.004763636363636364,0.009272102161100196
1705783501,4.10691649122806,2.806493687014951,0.17715257458674,0.2345969720037234,4.734925768043505,1.4041857163733478,0.4848069006077259,0.09563895314083747,0.378953882422268,0.9132174023823195,0.00014276876219484244,0.2818627450980383,2.8826327741227824,1.1521715202934646,1.2936680904260898,209526784,77701120,6008832,425590784,98516992,335048704,39043072,4521984,280051712,92573696,4718592,2879488,301924352,8843264,43749376,2030682.265724545,0,931456.577141737,84490.93855900987,0,0,0,1578831.128242525,12,8,8,4,8,15,6,6,3,11,1,3,6,31,16,8.4,4.2,25.2,2.067,2.067,2.067,18.667,0.013698156682027647,0.0030681818181818184,0.03090701219512195,0.03145161290322581,0.002129032258064516,0.003090909090909091,0.006046168958742632,0.0233479262672811,0.0047227272727272725,0.08102150537634409,0.046290322580645166,0.004425806451612903,0.004763636363636364,0.009272102161100196
1705783502,4.10691649122806,2.806493687014951,0.15202791069597563,0.23341961662236224,4.734925768043505,1.4041857163733478,0.4848069006077259,0.09186023147403956,0.378953882422268,0.9132174023823195,0.00014276876219484244,0.2818627450980383,2.4634180026501937,1.1521715202934646,1.2936680904260898,209526784,77701120,6008832,425590784,98516992,335048704,39043072,4521984,280051712,92573696,4718592,2879488,301924352,8843264,43749376,2030682.265724545,0,931456.577141737,84490.93855900987,0,0,0,1578831.128242525,12,8,8,4,8,15,6,6,3,11,1,3,6,31,16,8.4,4.2,25.2,2.067,2.067,2.067,18.333,0.013698156682027647,0.0030681818181818184,0.03090701219512195,0.03145161290322581,0.002129032258064516,0.003090909090909091,0.005966599190283401,0.0233479262672811,0.0047227272727272725,0.08102150537634409,0.046290322580645166,0.004425806451612903,0.004763636363636364,0.009258097165991902
1705783503,4.10691649122806,2.806493687014951,0.14907536778619662,0.23341961662236224,4.710075935470069,1.4041857163733478,0.4848069006077259,0.09186023147403956,0.378953882422268,0.9132174023823195,0.00014276876219484244,0.2818627450980383,2.4634180026501937,1.1521715202934646,1.2936680904260898,209526784,77701120,6008832,425590784,98516992,335048704,39043072,4521984,280051712,92573696,4718592,2879488,301924352,8843264,43749376,2030682.265724545,0,931456.577141737,84490.93855900987,0,0,0,1578831.128242525,12,8,8,4,8,15,6,6,3,11,1,3,6,31,16,8.4,4.2,25.2,2.067,1.867,2.067,18.333,0.013698156682027647,0.0030681818181818184,0.03090701219512195,0.03145161290322581,0.0020666666666666667,0.003090909090909091,0.005966599190283401,0.0233479262672811,0.004722727272727273,0.08102150537634409,0.046290322580645166,0.004413333333333334,0.004763636363636364,0.009258097165991902
1705783504,4.10691649122806,2.806493687014951,0.14612282487641762,0.23341961662236224,4.710075935470069,1.4041857163733478,0.4848069006077259,0.09186023147403956,0.378953882422268,0.9132174023823195,0.00014276876219484244,0.23775592320261366,2.4634180026501937,1.1521715202934646,1.2936680904260898,209526784,77701120,6008832,425590784,98516992,335048704,39043072,4521984,280051712,92573696,4718592,2879488,301924352,8843264,43749376,2030682.265724545,0,931456.577141737,84490.93855900987,0,0,0,1578831.128242525,12,8,8,4,8,15,6,6,3,11,1,3,6,31,16,8.4,4.2,25.2,2.067,1.867,1.933,18.333,0.013698156682027647,0.0030681818181818184,0.03090701219512195,0.03145161290322581,0.0020666666666666667,0.0030898876404494386,0.005966599190283401,0.0233479262672811,0.004722727272727273,0.08102150537634409,0.046290322580645166,0.004413333333333334,0.0047617977528089895,0.009258097165991902
1705783505,3.327655549459913,2.806493687014951,0.14317028196663859,0.23341961662236224,4.710075935470069,1.4041857163733478,0.4848069006077259,0.09186023147403956,0.378953882422268,0.9513439731205381,0.00014276876219484244,0.23305821078431302,2.4634180026501937,1.1566239212053222,1.2936680904260898,209571840,77701120,6008832,425590784,98516992,335048704,39043072,4521984,280051712,92573696,4718592,2879488,301924352,9105408,43749376,2030682.265724545,0,931456.577141737,84490.93855900987,0,0,0,1578831.128242525,12,8,8,4,8,15,6,6,3,11,1,3,6,31,16,8.267,4.2,25.2,1.933,1.733,1.8,17.933,0.013836405529953919,0.0030681818181818184,0.03090701219512195,0.030357142857142857,0.0020181818181818183,0.0030941176470588236,0.005996932515337424,0.02337557603686636,0.004722727272727273,0.08102150537634409,0.04607142857142857,0.004461818181818182,0.004769411764705882,0.009273006134969326
1705783506,3.327655549459913,2.806493687014951,0.1402177390568596,0.23341961662236224,4.710075935470069,1.4041857163733478,0.4848069006077259,0.09186023147403956,0.36946131955516587,0.9513439731205381,0,0.22836049836601235,2.4634180026501937,1.1566239212053222,1.2936680904260898,209571840,77701120,6008832,425590784,98516992,335048704,39043072,4521984,280051712,92573696,4718592,2879488,301924352,9105408,43749376,2030682.265724545,0,931456.577141737,57868.2866772963,0,0,0,1578831.128242525,12,8,8,4,8,15,6,6,3,11,1,3,6,31,16,8.267,4.2,25.2,1.933,1.733,1.8,17.933,0.013836405529953919,0.0030681818181818184,0.03090701219512195,0.030357142857142857,0.0020181818181818183,0.0030941176470588236,0.005996932515337424,0.02337557603686636,0.004722727272727273,0.08102150537634409,0.04607142857142857,0.004461818181818182,0.004769411764705882,0.009273006134969326
1705783507,3.327655549459913,2.806493687014951,0.10546749999999938,0.23341961662236224,4.710075935470069,1.4041857163733478,0.4848069006077259,0.09186023147403956,0.36946131955516587,0.9513439731205381,0,0.28418523194721645,2.4634180026501937,1.1566239212053222,1.2936680904260898,209571840,77701120,6008832,425590784,98516992,335048704,39043072,4521984,280051712,92573696,4718592,2879488,301924352,9105408,43749376,2030682.265724545,0,931456.577141737,57868.2866772963,0,0,0,1578831.128242525,12,8,8,4,8,15,6,6,3,11,1,3,6,31,16,8.267,4.2,25.2,1.933,1.733,1.8,17.933,0.013836405529953919,0.0030681818181818184,0.03090701219512195,0.030357142857142857,0.0020181818181818183,0.0030941176470588236,0.005996932515337424,0.02337557603686636,0.004722727272727273,0.08102150537634409,0.04607142857142857,0.004461818181818182,0.004769411764705882,0.009273006134969326
1705783508,3.327655549459913,2.806493687014951,0.10546749999999938,0.23341961662236224,3.9175860340108324,1.342316733176672,0.48794936708860603,0.09186023147403956,0.36946131955516587,0.9513439731205381,0,0.28418523194721645,3.1889661142086148,1.1566239212053222,1.3124374035463462,209571840,77701120,6008832,425590784,98516992,335048704,39043072,4521984,280051712,92573696,4718592,2879488,301924352,9105408,43749376,2030682.265724545,0,1071527.4261603376,57868.2866772963,0,0,0,1780252.5904695916,12,8,8,4,8,15,6,6,3,11,1,3,6,31,16,8.667,4.133,24.667,2,1.733,1.8,18.2,0.01386666666666667,0.003067415730337079,0.030509118541033435,0.029656862745098038,0.0020181818181818183,0.0030941176470588236,0.005973958333333333,0.023360000000000006,0.004721348314606741,0.08063868613138686,0.04593137254901961,0.004461818181818182,0.004769411764705882,0.009269791666666666
1705783509,3.327655549459913,2.9172871379150056,0.10546749999999938,0.23341961662236224,4.764156081619935,1.342316733176672,0.48794936708860603,0.09186023147403956,0.36946131955516587,0.9513439731205381,0,0.28418523194721645,3.1889661142086148,1.1566239212053222,1.3124374035463462,209571840,77746176,6008832,425590784,105680896,335048704,39043072,4521984,280051712,92573696,4718592,2879488,301924352,9105408,43749376,1952792.5509027385,0,1071527.4261603376,57868.2866772963,0,0,0,1780252.5904695916,12,8,8,4,8,15,6,6,3,11,1,3,6,31,16,8.667,4.133,25.4,2,1.733,1.8,18.2,0.01386666666666667,0.003067415730337079,0.029984662576687117,0.029656862745098038,0.0020181818181818183,0.0030941176470588236,0.005973958333333333,0.023360000000000006,0.004721348314606741,0.08026119402985077,0.04593137254901961,0.004461818181818182,0.004769411764705882,0.009269791666666666
1705783510,3.327655549459913,2.9172871379150056,0.10546749999999938,0.23341961662236224,4.764156081619935,1.306448508180973,0.48794936708860603,0.09186023147403956,0.36946131955516587,0.9513439731205381,0,0.28418523194721645,3.1889661142086148,1.1566239212053222,1.3124374035463462,209571840,77746176,6008832,425590784,105680896,335048704,39043072,4521984,280051712,92573696,4718592,2879488,301924352,9105408,43749376,1952792.5509027385,0,1071527.4261603376,57868.2866772963,0,0,0,1780252.5904695916,12,8,8,4,8,15,6,6,3,11,1,3,6,31,16,8.667,4.133,25.4,2,1.733,1.8,18.2,0.01386666666666667,0.003067415730337079,0.029984662576687117,0.029656862745098038,0.0020181818181818183,0.0030941176470588236,0.005973958333333333,0.023360000000000006,0.004721348314606741,0.08026119402985077,0.04593137254901961,0.004461818181818182,0.004769411764705882,0.009269791666666666
1705783511,3.327655549459913,2.317561831605596,0.12447313287714758,0.23341961662236224,4.764156081619935,1.306448508180973,0.48794936708860603,0.09186023147403956,0.36946131955516587,0.7800782743595134,0,0.28418523194721645,3.1889661142086148,1.1566239212053222,1.3124374035463462,209571840,77746176,6008832,425590784,105680896,335048704,39043072,4521984,280051712,92573696,4718592,2879488,301924352,9105408,43749376,1752876.725669213,0,1071527.4261603376,57868.2866772963,0,0,0,1780252.5904695916,12,8,8,4,8,15,6,6,3,11,1,3,6,31,16,8.667,4.133,25.4,2,1.733,1.8,18.2,0.01386666666666667,0.003067415730337079,0.029984662576687117,0.029656862745098038,0.0020181818181818183,0.0030941176470588236,0.005973958333333333,0.023360000000000006,0.004721348314606741,0.08026119402985077,0.04593137254901961,0.004461818181818182,0.004769411764705882,0.009269791666666666
1705783512,1.6019100868479477,2.3654912233429806,0.12148939993988188,0.23508408796895355,4.764156081619935,1.306448508180973,0.48794936708860603,0.08979257930015278,0.36946131955516587,0.764222541474171,0,0.28418523194721645,3.1889661142086148,1.1566239212053222,1.3282809611829935,209571840,77746176,6008832,425590784,105680896,335048704,39043072,4521984,280051712,92573696,4718592,2879488,301924352,9105408,43810816,1789127.8901931557,0,1071527.4261603376,57868.2866772963,0,0,0,1565854.4782389514,12,8,8,4,8,15,6,6,3,11,1,3,6,31,16,8.667,4.133,25.4,2,1.733,1.8,18.2,0.01386666666666667,0.003067415730337079,0.029984662576687117,0.029656862745098038,0.0020181818181818183,0.0030941176470588236,0.005973958333333333,0.023360000000000006,0.004721348314606741,0.08026119402985077,0.04593137254901961,0.004461818181818182,0.004769411764705882,0.009269791666666666
1705783513,1.6019100868479477,2.4134206150803656,0.11850566700261618,0.23508408796895355,4.764156081619934,1.306448508180973,0.48794936708860603,0.08979257930015278,0.36946131955516587,0.7483668085888286,0,0.28418523194721645,3.1889661142086148,1.1566239212053222,1.3282809611829935,209571840,77746176,6008832,425590784,105680896,335048704,39043072,4521984,280051712,92573696,4718592,2879488,301924352,9105408,43810816,1825379.0547170986,0,1071527.4261603376,57868.2866772963,0,0,0,1565854.4782389514,12,8,8,4,8,15,6,6,3,11,1,3,6,31,16,8.667,4.133,25.4,2,1.733,1.8,18.2,0.01386666666666667,0.003067415730337079,0.029984662576687117,0.029656862745098038,0.0020181818181818183,0.0030941176470588236,0.005973958333333333,0.023360000000000006,0.004721348314606741,0.08026119402985077,0.04593137254901961,0.004461818181818182,0.004769411764705882,0.009269791666666666
1705783514,1.6019100868479477,2.4613500068177507,0.11552193406535048,0.23508408796895355,4.764156081619934,1.306448508180973,0.48794936708860603,0.08979257930015278,0.36946131955516587,0.7325110757034864,0,0.28418523194721645,3.1889661142086148,1.1566239212053222,1.3282809611829935,209571840,77746176,6008832,425590784,105680896,335048704,39043072,4521984,280051712,92573696,4718592,2879488,301924352,9105408,43810816,1861630.2192410408,0,1071527.4261603376,57868.2866772963,0,0,0,1565854.4782389514,12,8,8,4,8,15,6,6,3,11,1,3,6,31,16,8.667,4.133,25.4,2,1.733,1.8,18.2,0.01386666666666667,0.003067415730337079,0.029984662576687117,0.029656862745098038,0.0020181818181818183,0.0030941176470588236,0.005973958333333333,0.023360000000000006,0.004721348314606741,0.08026119402985077,0.04593137254901961,0.004461818181818182,0.004769411764705882,0.009269791666666666
1705783515,1.6019100868479477,2.8757635042430927,0.17585761531085511,0.23508408796895355,4.764156081619934,1.306448508180973,0.48794936708860603,0.08979257930015278,0.36946131955516587,0.7166553428181441,0,0.28418523194721645,3.1889661142086148,1.1566239212053222,1.3282809611829935,209571840,77746176,5971968,425590784,105680896,335048704,39043072,4521984,280051712,92573696,4718592,2879488,301924352,9105408,43810816,2175069.871436557,0,1071527.4261603376,57868.2866772963,0,0,0,1565854.4782389514,12,8,8,4,8,15,6,6,3,11,1,3,6,31,16,8.667,4.133,25.4,2,1.733,1.8,18.2,0.01386666666666667,0.003067415730337079,0.029984662576687117,0.029656862745098038,0.0020181818181818183,0.0030941176470588236,0.005973958333333333,0.023360000000000006,0.004721348314606741,0.08026119402985077,0.04593137254901961,0.004461818181818182,0.004769411764705882,0.009269791666666666
1705783516,1.6019100868479477,2.8757635042430927,0.17585761531085514,0.23508408796895355,4.764156081619934,1.306448508180973,0.4846121392271551,0.07729594649988539,0.3680782146147294,0.7007996099328018,0,0.28418523194721645,3.1889661142086148,1.1566239212053222,1.3282809611829935,209571840,77746176,5971968,425590784,105680896,335048704,39051264,4521984,280051712,92573696,4718592,2879488,301924352,9105408,43810816,2175069.871436557,0,942602.3588071723,24344.00166414074,0,0,0,1565854.4782389514,12,8,8,4,8,15,6,6,3,11,1,3,6,31,16,8.667,3.867,25.4,2,1.733,1.8,18.2,0.01386666666666667,0.0030710035082016493,0.029984662576687117,0.029656862745098038,0.0020181818181818183,0.0030941176470588236,0.005973958333333333,0.023360000000000006,0.0047278063147629685,0.08026119402985077,0.04593137254901961,0.004461818181818182,0.004769411764705882,0.009269791666666666
1705783517,1.6019100868479477,2.8757635042430927,0.17585761531085514,0.23508408796895355,4.767689331864699,1.306448508180973,0.4846121392271551,0.0757994035115495,0.3680782146147294,0.6849438770474594,0,0.28418523194721645,3.1889661142086148,1.1566239212053222,1.3282809611829935,209571840,77746176,5971968,425590784,105680896,335048704,39051264,4521984,280051712,92573696,4718592,2879488,301924352,9105408,43810816,2175069.871436557,0,942602.3588071723,24344.00166414074,0,0,0,1565854.4782389514,12,8,8,4,8,15,6,6,3,11,1,3,6,31,16,8.667,3.867,25.4,2,1.733,1.8,19.533,0.01386666666666667,0.0030710035082016493,0.029984662576687117,0.029656862745098038,0.0020181818181818183,0.0030941176470588236,0.006082995951417003,0.023360000000000006,0.0047278063147629685,0.08026119402985077,0.04593137254901961,0.004461818181818182,0.004769411764705882,0.009281376518218623
1705783518,1.6019100868479477,2.8757635042430927,0.17585761531085514,0.20110960303815995,4.767689331864699,1.306448508180973,0.4846121392271551,0.09342420472060725,0.3680782146147294,0.9754017158030882,0,0.2444515306378992,3.1889661142086148,1.1566239212053222,1.3282809611829935,209571840,77746176,5971968,425590784,105680896,335048704,39051264,4521984,280051712,92573696,4718592,2879488,301924352,9105408,43810816,2175069.871436557,0,942602.3588071723,24344.00166414074,0,0,0,1565854.4782389514,12,8,8,4,8,15,6,6,3,11,1,3,6,31,16,8.667,3.867,25.4,2,2.333,1.8,19.533,0.01386666666666667,0.0030710035082016493,0.029984662576687117,0.029656862745098038,0.0020344827586206895,0.0030941176470588236,0.006082995951417003,0.023360000000000006,0.0047278063147629685,0.08026119402985077,0.04593137254901961,0.004462068965517241,0.004769411764705882,0.009281376518218623
1705783519,1.6019100868479477,2.8757635042430927,0.17585761531085514,0.20510174755783836,4.767689331864699,0.9573937634960542,0.4846121392271551,0.09342420472060725,0.3680782146147294,0.9942041712403873,0,0.2414956718930936,3.1889661142086148,1.1566239212053222,1.3282809611829935,209571840,77746176,5971968,425590784,105680896,335048704,39051264,4521984,280051712,92573696,4718592,2879488,301924352,9105408,43810816,2175069.871436557,0,942602.3588071723,24344.00166414074,0,0,0,1565854.4782389514,12,8,8,4,8,15,6,6,3,11,1,3,6,31,16,8.667,3.867,25.4,2,2.333,2.267,19.533,0.01386666666666667,0.0030710035082016493,0.029984662576687117,0.029656862745098038,0.0020344827586206895,0.0031,0.006082995951417003,0.023360000000000006,0.0047278063147629685,0.08026119402985077,0.04593137254901961,0.004462068965517241,0.00478,0.009281376518218623
1705783520,1.6019100868479477,2.7113917810380137,0.17585761531085514,0.20909389207751675,4.767689331864699,0.9771357745898428,0.4846121392271551,0.09342420472060725,0.3680782146147294,0.9942041712403873,0,0.2463196197154818,3.1889661142086148,1.1566239212053222,1.3282809611829935,209571840,77758464,5971968,425590784,105680896,335048704,39051264,4521984,280051712,92573696,4718592,2879488,301924352,9105408,43810816,1922322.1328285218,0,942602.3588071723,24344.00166414074,0,0,0,1565854.4782389514,12,8,8,4,8,15,6,6,3,11,1,3,6,31,16,9,3.867,25.4,2.333,2.667,2.6,20.533,0.013549107142857144,0.0030710035082016493,0.029984662576687117,0.030043859649122807,0.0021515151515151512,0.0031647058823529414,0.006209213051823417,0.023299107142857146,0.0047278063147629685,0.08026119402985077,0.04600877192982457,0.004478787878787879,0.004896470588235294,0.00933397312859885
1705783521,1.6019100868479477,2.7113917810380137,0.17585761531085514,0.23952867118070517,4.767689331864699,0.9968777856836315,0.4846121392271551,0.09342420472060725,0.48258196302727674,0.9942041712403873,0,0.28943686934329116,3.1889661142086148,1.1566239212053222,1.3282809611829935,209571840,77758464,5971968,425590784,105680896,335048704,39051264,4521984,280064000,92573696,4718592,2879488,301924352,9105408,43810816,1922322.1328285218,0,942602.3588071723,33467.47012562557,0,0,0,1565854.4782389514,12,8,8,4,8,15,6,6,3,11,1,3,6,31,16,9,3.867,25.4,2.333,2.667,2.6,20.533,0.013549107142857144,0.0030710035082016493,0.029984662576687117,0.030043859649122807,0.0021515151515151512,0.0031647058823529414,0.006209213051823417,0.023299107142857146,0.0047278063147629685,0.08026119402985077,0.04600877192982457,0.004478787878787879,0.004896470588235294,0.00933397312859885
1705783522,1.6019100868479477,2.7113917810380137,0.17585761531085514,0.23952867118070517,4.767689331864699,1.184520665627319,0.4846121392271551,0.09342420472060725,0.48258196302727674,0.9942041712403873,0,0.28943686934329116,0.6303028739487672,1.1566239212053222,1.3282809611829935,209571840,77758464,5971968,425590784,105680896,335048704,39051264,4521984,280064000,92573696,4718592,2879488,301924352,9105408,43810816,1922322.1328285218,0,942602.3588071723,33467.47012562557,0,0,0,1565854.4782389514,12,8,8,4,8,15,6,6,3,11,1,3,6,31,16,9,3.867,25.4,2.333,2.667,2.6,20.533,0.013549107142857144,0.0030710035082016493,0.029984662576687117,0.030043859649122807,0.0021515151515151512,0.0031647058823529414,0.006209213051823417,0.023299107142857146,0.0047278063147629685,0.08026119402985077,0.04600877192982457,0.004478787878787879,0.004896470588235294,0.00933397312859885
1705783523,1.6019100868479477,2.7113917810380137,0.17585761531085514,0.23952867118070517,4.767689331864699,1.184520665627319,0.47476926694491883,0.09342420472060725,0.48258196302727674,0.9942041712403873,0,0.28943686934329116,0.5032600771804435,1.1566239212053222,1.3282809611829935,209571840,77758464,5971968,425590784,105680896,335048704,39051264,4521984,280064000,92573696,4718592,2879488,301924352,9105408,43810816,1922322.1328285218,0,698277.5850919993,33467.47012562557,0,0,0,1565854.4782389514,12,8,8,4,8,15,6,6,3,11,1,3,6,31,16,7.6,3.6,25,2.467,2.667,2.6,20.333,0.013600000000000001,0.0031077807306344038,0.030318322981366462,0.03134615384615384,0.0021515151515151512,0.0031647058823529414,0.006259293680297397,0.023253333333333338,0.004794005315141927,0.08096014492753624,0.046269230769230764,0.004478787878787879,0.004896470588235294,0.009326208178438662
1705783524,1.5754751799225044,2.7113917810380137,0.18422830037895438,0.23952867118070517,4.767689331864699,1.184520665627319,0.47476926694491883,0.08901272067051844,0.48258196302727674,0.9942041712403873,0,0.28943686934329116,0.49275502928129744,0.6309200000000222,1.341549769095674,209571840,77758464,5971968,425590784,105680896,335048704,39051264,4521984,280064000,92573696,4718592,2879488,301924352,9105408,43835392,1922322.1328285218,0,698277.5850919993,33467.47012562557,0,0,0,1127836.4373522971,11,8,8,4,8,15,6,6,3,11,1,3,6,31,16,7.6,3.6,23.867,2.467,2.667,2.6,20.333,0.013600000000000001,0.0031077807306344038,0.030709876543209877,0.03134615384615384,0.0021515151515151512,0.0031647058823529414,0.006259293680297397,0.023253333333333338,0.004794005315141927,0.0814487632508834,0.046269230769230764,0.004478787878787879,0.004896470588235294,0.009326208178438662
1705783525,1.5754751799225044,2.7113917810380137,0.18422830037895438,0.23952867118070517,4.767689331864699,1.184520665627319,0.47476926694491883,0.08901272067051844,0.48258196302727674,0.9942041712403873,0,0.28943686934329116,0.48224998138215136,0.6309200000000222,1.341549769095674,209571840,77758464,5971968,425590784,105680896,335048704,39051264,4521984,280064000,92573696,4718592,2879488,301924352,9105408,43835392,1922322.1328285218,0,698277.5850919993,33467.47012562557,0,0,0,1127836.4373522971,11,8,8,4,8,15,6,6,3,11,1,3,6,31,16,7.6,3.6,23.867,2.467,2.667,2.6,20.333,0.013600000000000001,0.0031077807306344038,0.030709876543209877,0.03134615384615384,0.0021515151515151512,0.0031647058823529414,0.006259293680297397,0.023253333333333338,0.004794005315141927,0.0814487632508834,0.046269230769230764,0.004478787878787879,0.004896470588235294,0.009326208178438662
1705783526,1.5754751799225044,2.7113917810380137,0.18791733230875002,0.20772857865178676,4.767689331864699,1.184520665627319,0.4899404667587199,0.08901272067051844,0.48258196302727674,0.9942041712403873,0,0.28943686934329116,0.4717449334830052,0.6309200000000222,1.341549769095674,209571840,77758464,5976064,425590784,105680896,335048704,39079936,4521984,280064000,92573696,4718592,2879488,301924352,9105408,43835392,1922322.1328285218,0,964266.4735043123,33467.47012562557,0,0,0,1127836.4373522971,11,8,8,4,8,15,6,6,3,11,1,3,6,31,16,7.6,3.6,23.867,2.467,2.667,2.6,20.333,0.013600000000000001,0.0031077807306344038,0.030709876543209877,0.03134615384615384,0.0021515151515151512,0.0031647058823529414,0.006259293680297397,0.023253333333333338,0.004794005315141927,0.0814487632508834,0.046269230769230764,0.004478787878787879,0.004896470588235294,0.009326208178438662
1705783527,1.5754751799225044,2.7113917810380137,0.18791733230875002,0.2037364341321083,4.674788341679579,1.184520665627319,0.4899404667587199,0.08901272067051844,0.48258196302727674,0.9942041712403873,0,0.28943686934329116,0.4612398855838591,0.6309200000000222,1.341549769095674,209571840,77758464,5976064,425590784,108953600,335048704,39079936,4521984,280064000,92573696,4718592,2879488,301924352,9105408,43835392,1922322.1328285218,0,964266.4735043123,33467.47012562557,0,0,0,1127836.4373522971,11,8,8,4,8,15,6,6,3,11,1,3,6,31,16,7.6,3.6,23.867,2.467,2.667,2.6,20.333,0.013600000000000001,0.0031077807306344038,0.030709876543209877,0.03134615384615384,0.0021515151515151512,0.0031647058823529414,0.006259293680297397,0.023253333333333338,0.004794005315141927,0.0814487632508834,0.046269230769230764,0.004478787878787879,0.004896470588235294,0.009326208178438662
1705783528,1.5754751799225044,2.7113917810380137,0.18791733230875002,0.19974428961242988,4.674788341679579,0.9801563022871924,0.4899404667587199,0.08901272067051844,0.48258196302727674,0.9942041712403873,0,0.28943686934329116,0.450734837684713,0.6309200000000222,1.341549769095674,209571840,77758464,5976064,425590784,108953600,335048704,39079936,4521984,280064000,92573696,4718592,2879488,301924352,9105408,43835392,1922322.1328285218,0,964266.4735043123,33467.47012562557,0,0,0,1127836.4373522971,11,8,8,4,8,15,6,6,3,11,1,3,6,31,16,7.6,3.6,23.867,2.467,2.667,2.6,20.333,0.013600000000000001,0.0031077807306344038,0.030709876543209877,0.03134615384615384,0.0021515151515151512,0.0031647058823529414,0.006259293680297397,0.023253333333333338,0.004794005315141927,0.0814487632508834,0.046269230769230764,0.004478787878787879,0.004896470588235294,0.009326208178438662
1705783529,1.5754751799225044,2.7113917810380137,0.18791733230875002,0.1957521450927515,4.674788341679579,0.9604142911934038,0.4899404667587199,0.08901272067051844,0.48258196302727674,0.9292439399769087,0,0.28943686934329116,0.44022978978556687,0.6309200000000222,1.341549769095674,209571840,77758464,5976064,425590784,108953600,335048704,39079936,4521984,280064000,92573696,4718592,2879488,301924352,9105408,43835392,1922322.1328285218,0,964266.4735043123,33467.47012562557,0,0,0,1127836.4373522971,11,8,8,4,8,15,6,6,3,11,1,3,6,31,16,7.6,3.6,23.867,2.467,2.667,2.6,20.333,0.013600000000000001,0.0031077807306344038,0.030709876543209877,0.03134615384615384,0.0021515151515151512,0.0031647058823529414,0.006259293680297397,0.023253333333333338,0.004794005315141927,0.0814487632508834,0.046269230769230764,0.004478787878787879,0.004896470588235294,0.009326208178438662
1705783530,1.617141909814344,2.80648092065415,0.18791733230875002,0.19176000057307305,4.674788341679579,1.1524512897373145,0.4899404667587199,0.08901272067051844,0.48258196302727674,0.9292439399769087,0,0.28943686934329116,0.4297247418864208,0.8097135587103269,1.341549769095674,209571840,77758464,5976064,425590784,108953600,335147008,39079936,4521984,280064000,92573696,4718592,2879488,301924352,9105408,43835392,2108782.5560266506,0,964266.4735043123,33467.47012562557,0,0,0,1127836.4373522971,11,8,8,4,8,14,6,6,3,11,1,3,6,31,16,7.6,3.6,23.867,2.467,2.667,2.6,20.333,0.013600000000000001,0.0031077807306344038,0.030709876543209877,0.03134615384615384,0.0021515151515151512,0.0031647058823529414,0.006259293680297397,0.023253333333333338,0.004794005315141927,0.0814487632508834,0.046269230769230764,0.004478787878787879,0.004896470588235294,0.009326208178438662
1705783531,1.617141909814344,2.80648092065415,0.18791733230875002,0.24921201674464585,4.674788341679579,1.1524512897373145,0.4899404667587199,0.08565437276427774,0.48258196302727674,0.9292439399769087,0,0.28672707303679335,0.5542855959236229,0.7907373796920395,1.341549769095674,209571840,77758464,5976064,425594880,108953600,335147008,39079936,4521984,280064000,92573696,4718592,3010560,301924352,9105408,43835392,2108782.5560266506,0,964266.4735043123,33467.47012562557,0,0,0,1127836.4373522971,11,8,8,4,8,14,6,6,3,11,1,3,6,31,16,7.6,4.333,23.867,2.467,2.667,2.6,20.333,0.013600000000000001,0.003105263157894737,0.030709876543209877,0.03134615384615384,0.0021515151515151512,0.0031647058823529414,0.006259293680297397,0.023253333333333338,0.004789473684210527,0.0814487632508834,0.046269230769230764,0.004478787878787879,0.004896470588235294,0.009326208178438662
1705783532,1.617141909814344,2.80648092065415,0.18791733230875002,0.249212016744646,4.674223089219449,1.1524512897373145,0.4899404667587199,0.08565437276427774,0.39692484923805127,0.9292439399769087,0,0.28672707303679335,0.5542855959236229,0.7717612006737519,1.341549769095674,209571840,77758464,5976064,425594880,108953600,335147008,39079936,4521984,280064000,92573696,4718592,3010560,301924352,9105408,43835392,2108782.5560266506,0,964266.4735043123,15955.994842423434,0,0,0,1127836.4373522971,11,8,8,4,8,14,6,6,3,11,1,3,6,31,16,7.6,4.333,23.867,2.467,2.667,2.6,17.467,0.013600000000000001,0.003105263157894737,0.030709876543209877,0.03134615384615384,0.0021515151515151512,0.0031647058823529414,0.006252362948960302,0.023253333333333338,0.004789473684210527,0.0814487632508834,0.046269230769230764,0.004478787878787879,0.004896470588235294,0.009341209829867674
1705783533,1.617141909814344,2.80648092065415,0.18791733230875002,0.249212016744646,4.674223089219449,1.1524512897373145,0.4899404667587199,0.08565437276427774,0.4049521549820265,0.9292439399769087,0,0.28672707303679335,0.5542855959236229,0.7527850216554643,1.341549769095674,209571840,77758464,5976064,425594880,108953600,335147008,39079936,4521984,280064000,92573696,4718592,3010560,301924352,9105408,43835392,2108782.5560266506,0,964266.4735043123,16278.684765453692,0,0,0,1127836.4373522971,11,8,8,4,8,14,6,6,3,11,1,3,6,31,16,7.6,4.333,23.867,2.467,1.933,2.6,17.467,0.013600000000000001,0.003105263157894737,0.030709876543209877,0.03134615384615384,0.002371428571428571,0.0031647058823529414,0.006252362948960302,0.023253333333333338,0.004789473684210526,0.0814487632508834,0.046269230769230764,0.00452,0.004896470588235294,0.009341209829867674
1705783534,1.617141909814344,2.80648092065415,0.18791733230875002,0.2478611872954103,4.674223089219449,1.1524512897373145,0.4899404667587199,0.0731417904673475,0.4129794607260017,0.9292439399769087,0,0.28672707303679335,0.5542855959236229,0.7338088426371769,1.341549769095674,209571840,77758464,5976064,425594880,108953600,335147008,39079936,4521984,280064000,92573696,4718592,3010560,301924352,9105408,43835392,2108782.5560266506,0,964266.4735043123,16601.374688483957,0,0,0,1127836.4373522971,11,8,8,4,8,14,6,6,3,11,1,3,6,31,16,7.6,4.333,23.867,2.467,1.933,1.867,17.467,0.013600000000000001,0.003105263157894737,0.030709876543209877,0.03134615384615384,0.002371428571428571,0.0031647058823529414,0.006252362948960302,0.023253333333333338,0.004789473684210526,0.0814487632508834,0.046269230769230764,0.00452,0.004896470588235294,0.009341209829867674
1705783535,1.617141909814344,2.4099251665657184,0.18791733230875002,0.2478611872954103,4.674223089219449,1.1524512897373145,0.4899404667587199,0.07458561590838744,0.4816383446385122,0.9292439399769087,0,0.28672707303679335,0.5542855959236229,0.7148326636188893,1.341549769095674,209571840,77758464,5976064,425594880,108953600,335147008,39079936,4521984,280064000,92573696,4718592,3010560,301924352,9105408,43835392,1810811.5808600846,0,964266.4735043123,19361.395381815604,0,0,0,1127836.4373522971,11,8,8,4,8,14,6,6,3,11,1,3,6,31,16,6.867,4.333,23.867,1.733,1.2,1.133,15.267,0.013915929203539821,0.003105263157894737,0.030709876543209877,0.0326171875,0.002290322580645161,0.0031818181818181815,0.006252436647173489,0.0233141592920354,0.004789473684210526,0.0814487632508834,0.0465234375,0.004509677419354839,0.004927272727272728,0.009344054580896686
1705783536,1.617141909814344,2.363150484554816,0.18101633678919293,0.2478611872954103,4.674223089219449,1.1524512897373145,0.4899404667587199,0.08662952646239548,0.4816383446385122,0.9292439399769087,0,0.2810244845360826,0.5542855959236229,1.142868489256822,1.341549769095674,209571840,77758464,5976064,425594880,108953600,335147008,39079936,4521984,280064000,92573696,4718592,3010560,301924352,8962048,43835392,1775665.204926307,0,964266.4735043123,19361.395381815604,0,0,0,1127836.4373522971,11,8,8,4,8,14,6,6,3,11,1,3,6,31,16,6.867,4.333,23.867,1.733,1.2,1.133,15.267,0.013915929203539821,0.003105263157894737,0.030709876543209877,0.0326171875,0.002290322580645161,0.0031818181818181815,0.006252436647173489,0.0233141592920354,0.004789473684210526,0.0814487632508834,0.0465234375,0.004509677419354839,0.004927272727272728,0.009344054580896686
1705783537,1.617141909814344,2.3163758025439134,0.18101633678919293,0.2478611872954103,4.674223089219449,1.1524512897373145,0.4899404667587199,0.08662952646239548,0.4816383446385122,0.9103409434325077,0,0.2810244845360826,0.5542855959236229,1.142868489256822,1.341549769095674,209571840,77758464,5976064,425594880,108953600,335147008,39079936,4521984,280064000,92573696,4718592,3010560,301924352,8962048,43835392,1740518.8289925295,0,964266.4735043123,19361.395381815604,0,0,0,1127836.4373522971,11,8,8,4,8,14,6,6,3,11,1,3,6,31,16,6.867,4.333,23.867,1.733,1.2,1.133,15.267,0.013915929203539821,0.003105263157894737,0.030709876543209877,0.0326171875,0.002290322580645161,0.0031818181818181815,0.006252436647173489,0.0233141592920354,0.004789473684210526,0.0814487632508834,0.0465234375,0.004509677419354839,0.004927272727272728,0.009344054580896686
1705783538,1.617141909814344,2.269601120533011,0.18215097046749876,0.2478611872954103,4.674223089219449,1.1524512897373145,0.4899404667587199,0.08662952646239548,0.4816383446385122,0.9103409434325077,0,0.2810244845360826,0.5542855959236229,1.142868489256822,1.121260481944335,209571840,77758464,5992448,425594880,108953600,335147008,39079936,4521984,280064000,92573696,4718592,3010560,301924352,8962048,43835392,1705372.4530587522,0,964266.4735043123,19361.395381815604,0,0,0,897553.2473768877,11,8,8,4,8,14,6,6,3,11,1,3,6,31,16,8.933,4.4,24.133,1,1.2,1.133,14.267,0.014638554216867468,0.003090909090909091,0.03068524096385543,0.03346774193548387,0.002290322580645161,0.0031818181818181815,0.006200396825396825,0.023602409638554214,0.004763636363636364,0.08134146341463418,0.04669354838709677,0.004509677419354839,0.004927272727272728,0.009327380952380953
1705783539,1.617141909814344,2.2228264385221084,0.18215097046749876,0.2478611872954103,4.674223089219449,1.149053684085184,0.4899404667587199,0.08662952646239548,0.4816383446385122,0.9103409434325077,0,0.2810244845360826,0.5542855959236229,1.142868489256822,0.946624999999992,209571840,77758464,5992448,425594880,108953600,335147008,39079936,4521984,280064000,92573696,4718592,3010560,301924352,8962048,43835392,1670226.0771249745,0,964266.4735043123,19361.395381815604,0,0,0,757760,11,8,8,4,8,14,6,6,3,11,1,3,6,31,16,8.933,4.4,25.2,1,1.2,1.133,14.267,0.014638554216867468,0.003090909090909091,0.03048245614035088,0.03346774193548387,0.002290322580645161,0.0031818181818181815,0.006200396825396825,0.023602409638554214,0.004763636363636364,0.08097560975609755,0.04669354838709677,0.004509677419354839,0.004927272727272728,0.009327380952380953
1705783540,1.617141909814344,3.1022901148420283,0.18215097046749876,0.2478611872954103,4.674223089219449,1.149053684085184,0.4899404667587199,0.08662952646239548,0.4816383446385122,0.9103409434325077,0,0.2810244845360826,0.5542855959236229,1.142868489256822,0.946624999999992,209571840,77824000,5992448,425594880,108953600,335147008,39079936,4521984,280064000,92573696,4718592,3010560,301924352,8962048,43835392,2031711.869251593,0,964266.4735043123,19361.395381815604,0,0,0,757760,11,8,8,4,8,14,6,6,3,11,1,3,6,31,16,8.933,4.4,25.2,1,1.2,1.133,14.267,0.014638554216867468,0.003090909090909091,0.03048245614035088,0.03346774193548387,0.002290322580645161,0.0031818181818181815,0.006200396825396825,0.023602409638554214,0.004763636363636364,0.08097560975609755,0.04669354838709677,0.004509677419354839,0.004927272727272728,0.009327380952380953
1705783541,1.617141909814344,3.1636858189384123,0.18215097046749876,0.2478611872954103,4.674223089219449,1.149053684085184,0.4899404667587199,0.08662952646239548,0.4816383446385122,0.9103409434325077,0.00009907097594257153,0.2810244845360826,0.5542855959236229,1.142868489256822,1.120896823753262,209571840,77824000,5992448,425594880,108953600,335147008,39079936,4521984,280064000,92573696,4718592,3010560,301924352,8962048,43835392,1624586.5753484035,0,964266.4735043123,19361.395381815604,0,0,0,897262.1441091023,11,8,8,4,8,14,6,6,3,11,1,3,6,31,16,8.933,4.4,25.2,1,1.2,1.133,14.267,0.014638554216867468,0.003090909090909091,0.03048245614035088,0.03346774193548387,0.002290322580645161,0.0031818181818181815,0.006200396825396825,0.023602409638554214,0.004763636363636364,0.08097560975609755,0.04669354838709677,0.004509677419354839,0.004927272727272728,0.009327380952380953
1705783542,1.617141909814344,3.1636858189384123,0.18215097046749876,0.2478611872954103,4.674223089219449,1.149053684085184,0.335375,0.08662952646239548,0.4816383446385122,0.9103409434325077,0.00009907097594257153,0.2810244845360826,0.503301380766156,1.142868489256822,1.328197636670558,209571840,77824000,5992448,425594880,108953600,335147008,39079936,4521984,280064000,92573696,4718592,3010560,301924352,8962048,43958272,1624586.5753484035,0,747520.0000000001,19361.395381815604,0,0,0,1737471.324070467,11,8,8,4,8,14,6,6,3,11,1,3,6,31,16,8.933,4.4,25.2,1,1.2,1.133,14.267,0.014638554216867468,0.003090909090909091,0.03048245614035088,0.03346774193548387,0.002290322580645161,0.0031818181818181815,0.006200396825396825,0.023602409638554214,0.004763636363636364,0.08097560975609755,0.04669354838709677,0.004509677419354839,0.004927272727272728,0.009327380952380953
1705783543,1.617141909814344,3.1636858189384123,0.18215097046749876,0.2478611872954103,4.674223089219449,1.0762468934784064,0.4794447617959537,0.08662952646239548,0.4816383446385122,0.9103409434325077,0.00009907097594257153,0.2810244845360826,0.503301380766156,1.142868489256822,1.328197636670558,209571840,77824000,5992448,425594880,108953600,335056896,39088128,4521984,280064000,92573696,4718592,3010560,301924352,8962048,43958272,1624586.5753484035,0,926548.6119044897,19361.395381815604,0,0,0,1737471.324070467,11,8,8,4,8,14,6,6,3,11,1,3,6,31,16,8.933,4.4,25.2,1,1.2,1.133,14.267,0.014638554216867468,0.003090909090909091,0.03048245614035088,0.03346774193548387,0.002290322580645161,0.0031818181818181815,0.006200396825396825,0.023602409638554214,0.004763636363636364,0.08097560975609755,0.04669354838709677,0.004509677419354839,0.004927272727272728,0.009327380952380953
1705783544,1.3060307587312279,3.1636858189384123,0.18215097046749876,0.2478611872954103,4.674223089219449,1.0762468934784064,0.4794447617959537,0.08662952646239548,0.4816383446385122,0.8872585681791879,0.00009907097594257153,0.2810244845360826,0.503301380766156,1.142868489256822,1.328197636670558,209571840,77824000,5992448,425594880,108953600,335056896,39088128,4521984,280064000,92565504,4718592,3010560,301924352,8962048,43958272,1624586.5753484035,0,926548.6119044897,19361.395381815604,0,0,0,1737471.324070467,11,8,8,4,8,14,6,6,3,11,1,3,6,31,16,8.933,4.4,25.2,1,1.2,1.133,14.267,0.014638554216867468,0.003090909090909091,0.03048245614035088,0.03346774193548387,0.002290322580645161,0.0031818181818181815,0.006200396825396825,0.023602409638554214,0.004763636363636364,0.08097560975609755,0.04669354838709677,0.004509677419354839,0.004927272727272728,0.009327380952380953
1705783545,1.2790783935676553,3.1636858189384123,0.18215097046749876,0.2478611872954103,5.075141355563624,1.0762468934784064,0.4794447617959537,0.07501010058805319,0.4816383446385122,0.8872585681791879,0.00009907097594257153,0.2810244845360826,0.503301380766156,1.142868489256822,1.328197636670558,209571840,77824000,5992448,425594880,98623488,335056896,39088128,4521984,280064000,92565504,4718592,3010560,301924352,8962048,43958272,1624586.5753484035,0,926548.6119044897,19361.395381815604,0,0,0,1737471.324070467,11,8,8,4,9,14,6,6,3,11,1,3,6,31,16,8.933,4.4,25.2,1,1.2,1.133,14.267,0.014638554216867468,0.003090909090909091,0.03048245614035088,0.03346774193548387,0.002290322580645161,0.0031818181818181815,0.006200396825396825,0.023602409638554214,0.004763636363636364,0.08097560975609755,0.04669354838709677,0.004509677419354839,0.004927272727272728,0.009327380952380953
1705783546,1.2521260284040832,3.1636858189384123,0.18215097046749876,0.2584230693003877,5.075141355563624,1.0762468934784064,0.4794447617959537,0.07356627514701325,0.4816383446385122,0.8872585681791879,0.00009907097594257153,0.2810244845360826,0.43235998631228256,1.142868489256822,1.328197636670558,209571840,77824000,5992448,425594880,98623488,335056896,39088128,4521984,280064000,92565504,4718592,3010560,301928448,8962048,43958272,1624586.5753484035,0,926548.6119044897,19361.395381815604,0,0,0,1737471.324070467,11,8,8,4,9,14,6,6,3,11,1,3,6,31,16,8.933,4.067,25.2,1,1.2,1.133,14.267,0.014638554216867468,0.003090395480225989,0.03048245614035088,0.03346774193548387,0.002290322580645161,0.0031818181818181815,0.006200396825396825,0.023602409638554214,0.004762711864406779,0.08097560975609755,0.04669354838709677,0.004509677419354839,0.004927272727272728,0.009327380952380953
1705783547,1.2251736632405108,3.1636858189384123,0.12325935672966501,0.2584230693003877,5.075141355563624,1.0762468934784064,0.4794447617959537,0.07212244970597333,0.4816383446385122,0.8872585681791879,0.00009907097594257153,0.23823226177691878,0.43235998631228256,1.142868489256822,1.328197636670558,209571840,77824000,5992448,425594880,98623488,335056896,39088128,4521984,280064000,92565504,4718592,3010560,301928448,8962048,43958272,1624586.5753484035,0,926548.6119044897,19361.395381815604,0,0,0,1737471.324070467,11,8,8,4,9,14,6,6,3,11,1,3,6,31,16,8.933,4.067,25.2,1,1.2,1.133,17.067,0.014638554216867468,0.003090395480225989,0.03048245614035088,0.03346774193548387,0.002290322580645161,0.0031818181818181815,0.006151574803149607,0.023602409638554214,0.004762711864406779,0.08097560975609755,0.04669354838709677,0.004509677419354839,0.004927272727272728,0.009316929133858266
1705783548,1.1418803519554024,3.1636858189384123,0.1264776587108832,0.2168492580266879,5.075141355563624,1.0762468934784064,0.4794447617959537,0.07067862426493339,0.48062896360003515,0.8872585681791879,0.000147607642176788,0.16629999999999923,0.43235998631228256,1.1451569506727333,1.328197636670558,209571840,77824000,5992448,425594880,98623488,335056896,39088128,4521984,280064000,92565504,4718592,3010560,301928448,8962048,43958272,1624586.5753484035,0,926548.6119044897,35583.35505168969,0,0,0,1737471.324070467,11,8,8,4,9,14,6,6,3,11,1,3,6,31,16,8.933,4.067,25.2,1,1.733,1.133,17.067,0.014638554216867468,0.003090395480225989,0.03048245614035088,0.03346774193548387,0.0023846153846153848,0.0031818181818181815,0.006151574803149607,0.023602409638554214,0.004762711864406779,0.08097560975609755,0.04669354838709677,0.004526153846153846,0.004927272727272728,0.009316929133858266
1705783549,1.7503405195742172,3.1636858189384123,0.12969596069210132,0.2125422068716814,5.075141355563624,1.0762468934784064,0.4794447617959537,0.06923479882389348,0.48062896360003515,0.8872585681791879,0.000147607642176788,0.23551012101948074,0.43235998631228256,1.1451569506727333,1.328197636670558,209641472,77824000,5992448,425594880,98623488,335056896,39088128,4521984,280064000,92565504,4718592,2879488,301928448,8962048,43958272,1624586.5753484035,0,926548.6119044897,35583.35505168969,0,0,0,1737471.324070467,13,8,8,4,9,14,6,6,3,11,1,3,6,31,16,8.933,4.067,25.2,1,1.733,1.8,17.067,0.014638554216867468,0.003090395480225989,0.03048245614035088,0.03346774193548387,0.0023846153846153848,0.0031891891891891893,0.006151574803149607,0.023602409638554214,0.004762711864406779,0.08097560975609755,0.04669354838709677,0.004526153846153846,0.0049405405405405405,0.009316929133858266
1705783550,1.7503405195742172,3.1636858189384123,0.10932249999999978,0.20823515571667495,5.184998085443921,1.0762468934784064,0.4794447617959537,0.09151939874060523,0.529687909782321,0.8872585681791879,0.000147607642176788,0.2402708506503527,0.43235998631228256,1.1451569506727333,1.328197636670558,209641472,77824000,5992448,425594880,98623488,335056896,39088128,4534272,280064000,92565504,4718592,2879488,301928448,8962048,43958272,1624586.5753484035,0,926548.6119044897,48828.17156617315,0,0,0,1737471.324070467,13,8,8,4,9,14,6,6,3,11,1,3,6,31,16,9.933,4.067,25.2,2,2.733,2.8,20.067,0.014379999999999999,0.003090395480225989,0.03048245614035088,0.03230769230769231,0.0024473684210526317,0.0031411764705882353,0.006154580152671755,0.023548,0.004762711864406779,0.08097560975609755,0.046461538461538464,0.004489473684210527,0.004854117647058824,0.009337786259541986
1705783551,1.7503405195742172,3.1636858189384123,0.10932249999999978,0.2451180203807852,5.184998085443921,1.0762468934784064,0.4794447617959537,0.09448153186146274,0.529687909782321,0.8872585681791879,0.000147607642176788,0.24503158028122457,0.43235998631228256,1.1451569506727333,1.328197636670558,209641472,77824000,5992448,425590784,98623488,335056896,39088128,4534272,280064000,92565504,4718592,2879488,301928448,8962048,43958272,1624586.5753484035,0,926548.6119044897,48828.17156617315,0,0,0,1737471.324070467,13,8,8,4,9,14,6,6,3,11,1,3,6,31,16,9.933,4.067,25.2,2,2.733,2.8,20.067,0.014379999999999999,0.003090395480225989,0.03048245614035088,0.03230769230769231,0.0024473684210526317,0.0031411764705882353,0.006154580152671755,0.023548,0.004762711864406779,0.08097560975609755,0.046461538461538464,0.004489473684210527,0.004854117647058824,0.009337786259541986
1705783552,1.7503405195742172,3.1636858189384123,0.10932249999999978,0.2451180203807852,5.184998085443921,1.0762468934784064,0.4794447617959537,0.09448153186146274,0.529687909782321,0.532082666263606,0.000147607642176788,0.28564377785231615,0.43235998631228256,1.1451569506727333,1.328197636670558,209641472,77824000,5992448,425590784,98623488,335056896,39088128,4534272,280064000,92565504,4718592,2879488,301928448,8962048,43958272,1624586.5753484035,0,926548.6119044897,48828.17156617315,0,0,0,1737471.324070467,13,8,8,4,9,14,6,6,3,11,1,3,6,31,16,9.933,4.067,25.2,2,2.733,2.8,20.067,0.014379999999999999,0.003090395480225989,0.03048245614035088,0.03230769230769231,0.0024473684210526317,0.0031411764705882353,0.006154580152671755,0.023548,0.004762711864406779,0.08097560975609755,0.046461538461538464,0.004489473684210527,0.004854117647058824,0.009337786259541986
1705783553,1.7503405195742172,3.1636858189384123,0.10932249999999978,0.2451180203807852,5.184998085443921,1.0762468934784064,0.4794447617959537,0.09448153186146274,0.529687909782321,0.5449544921402687,0.000147607642176788,0.28564377785231615,0.43235998631228256,1.1451569506727333,1.328197636670558,209641472,77824000,5992448,425590784,98623488,335056896,39088128,4534272,280064000,92565504,4718592,2879488,301928448,8962048,43958272,1624586.5753484035,0,926548.6119044897,48828.17156617315,0,0,0,1737471.324070467,13,8,8,4,9,14,6,6,3,11,1,3,6,31,16,8.933,4.067,25.467,3.2,2.733,2.8,22.733,0.014063745019920316,0.0030795454545454546,0.03072916666666667,0.03180147058823529,0.0024473684210526317,0.0031411764705882353,0.00620183486238532,0.02333864541832669,0.004743181818181819,0.08165540540540539,0.046360294117647055,0.004489473684210527,0.004854117647058824,0.009343119266055046
1705783554,1.7503405195742172,3.128362657436787,0.10932249999999978,0.2451180203807852,5.184998085443921,1.0762468934784064,0.4794447617959537,0.09448153186146274,0.529687909782321,0.5578263180169314,0.000147607642176788,0.28564377785231615,0.43235998631228256,1.1451569506727333,1.328197636670558,209641472,77824000,5992448,425590784,98623488,335056896,39088128,4534272,280064000,92565504,4718592,2879488,301928448,8962048,43958272,1575233.1506585907,0,926548.6119044897,48828.17156617315,0,0,0,1737471.324070467,13,8,8,4,9,14,6,6,3,11,1,3,6,31,16,8.933,4.067,24.533,3.2,2.733,2.8,22.733,0.014063745019920316,0.0030795454545454546,0.031006006006006007,0.03180147058823529,0.0024473684210526317,0.0031411764705882353,0.00620183486238532,0.02333864541832669,0.004743181818181819,0.0822549019607843,0.046360294117647055,0.004489473684210527,0.004854117647058824,0.009343119266055046
1705783555,1.7503405195742172,3.128362657436787,0.10932249999999978,0.2451180203807852,5.184998085443921,1.0762468934784064,0.4794447617959537,0.09448153186146274,0.529687909782321,0.5706981438935941,0.00010680100755667002,0.28564377785231615,0.43235998631228256,1.1451569506727333,1.328197636670558,209641472,77824000,5992448,425590784,98623488,335056896,39088128,4534272,280064000,92565504,4718592,2879488,301928448,8962048,43958272,1575233.1506585907,0,926548.6119044897,48828.17156617315,0,0,0,1737471.324070467,13,8,8,4,9,14,6,6,3,11,1,3,6,31,16,8.933,4.067,24.533,3.2,2.733,2.8,22.733,0.014063745019920316,0.0030795454545454546,0.031006006006006007,0.03180147058823529,0.0024473684210526317,0.0031411764705882353,0.00620183486238532,0.02333864541832669,0.004743181818181819,0.0822549019607843,0.046360294117647055,0.004489473684210527,0.004854117647058824,0.009343119266055046
1705783556,1.7503405195742172,3.128362657436787,0.10932249999999978,0.2451180203807852,5.184998085443921,1.0148774381007797,0.4794447617959537,0.09448153186146274,0.529687909782321,0.5835699697702568,0.00010680100755667002,0.28564377785231615,0.43235998631228256,1.1451569506727333,1.311578635210382,209641472,77824000,5992448,425590784,98623488,335056896,39088128,4534272,280064000,92565504,4718592,2879488,301928448,8962048,43958272,1575233.1506585907,0,926548.6119044897,48828.17156617315,0,0,0,2051441.5631487034,13,8,8,4,9,14,6,6,3,11,1,3,6,31,16,8.933,4.067,24.533,3.2,2.733,2.8,22.733,0.014063745019920316,0.0030795454545454546,0.031006006006006007,0.03180147058823529,0.0024473684210526317,0.0031411764705882353,0.00620183486238532,0.02333864541832669,0.004743181818181819,0.0822549019607843,0.046360294117647055,0.004489473684210527,0.004854117647058824,0.009343119266055046
1705783557,1.7503405195742172,2.97959350960528,0.10932249999999978,0.2451180203807852,5.184998085443921,1.0148774381007797,0.4794447617959537,0.09448153186146274,0.529687909782321,0.5964417956469195,0.00010680100755667002,0.28564377785231615,0.43235998631228256,1.1451569506727333,1.311578635210382,209641472,77836288,5992448,425590784,98623488,335056896,39088128,4534272,280064000,92565504,4718592,2879488,301928448,8962048,43958272,2109210.1391399386,0,926548.6119044897,48828.17156617315,0,0,0,2051441.5631487034,13,8,8,4,9,14,6,6,3,11,1,3,6,31,16,8.933,4.067,24.533,3.2,2.733,2.8,22.733,0.014063745019920316,0.0030795454545454546,0.031006006006006007,0.03180147058823529,0.0024473684210526317,0.0031411764705882353,0.00620183486238532,0.02333864541832669,0.004743181818181819,0.0822549019607843,0.046360294117647055,0.004489473684210527,0.004854117647058824,0.009343119266055046
1705783558,1.7503405195742172,2.97959350960528,0.10932249999999978,0.2451180203807852,5.184998085443921,1.2032254010807024,0.4875882024468245,0.09448153186146274,0.529687909782321,0.6093136215235821,0.00010680100755667002,0.28564377785231615,0.43235998631228256,1.1451569506727333,1.311578635210382,209641472,77836288,5992448,425590784,98623488,334876672,39096320,4534272,280064000,92565504,4718592,2879488,301928448,8962048,43958272,2109210.1391399386,0,901027.1248963567,48828.17156617315,0,0,0,2051441.5631487034,13,8,8,4,9,13,6,6,3,11,1,3,6,31,16,8.933,4.067,24.533,3.2,2.733,2.8,22.733,0.014063745019920316,0.0030795454545454546,0.031006006006006007,0.03180147058823529,0.0024473684210526317,0.0031411764705882353,0.00620183486238532,0.02333864541832669,0.004743181818181819,0.0822549019607843,0.046360294117647055,0.004489473684210527,0.004854117647058824,0.009343119266055046
1705783559,1.7503405195742172,2.97959350960528,0.10932249999999978,0.2451180203807852,5.184998085443921,1.2032254010807024,0.4178895311462452,0.09448153186146274,0.529687909782321,0.5109600000000025,0.00010680100755667002,0.28564377785231615,0.43235998631228256,1.1451569506727333,1.3329625517742005,209641472,77836288,5992448,425590784,98623488,334876672,39096320,4534272,280064000,92565504,4718592,2879488,301928448,8962048,44150784,2109210.1391399386,0,843896.2186354629,48828.17156617315,0,0,0,1661556.8555446432,13,8,8,4,9,13,6,6,3,11,1,3,6,31,16,8.933,4.067,24.533,3.2,2.733,2.8,22.733,0.014063745019920316,0.0030795454545454546,0.031006006006006007,0.03180147058823529,0.0024473684210526317,0.0031411764705882353,0.00620183486238532,0.02333864541832669,0.004743181818181819,0.0822549019607843,0.046360294117647055,0.004489473684210527,0.004854117647058824,0.009343119266055046
1705783560,1.6477250040835434,2.97959350960528,0.17791661128095973,0.2451180203807852,5.003802259229059,1.2032254010807024,0.4915415745141388,0.09448153186146274,0.529687909782321,0.5109600000000025,0.00010680100755667002,0.28564377785231615,0.43235998631228256,1.1451569506727333,1.3329625517742005,209633280,77836288,5980160,425590784,99024896,334876672,39096320,4534272,280064000,92565504,4718592,2879488,301928448,8962048,44150784,2109210.1391399386,0,992630.9350148228,48828.17156617315,0,0,0,1661556.8555446432,13,8,8,4,8,13,6,6,3,11,1,3,6,31,16,8.933,4.067,24.533,3.2,2.733,2.8,22.733,0.014063745019920316,0.0030795454545454546,0.031006006006006007,0.03180147058823529,0.0024473684210526317,0.0031411764705882353,0.00620183486238532,0.02333864541832669,0.004743181818181819,0.0822549019607843,0.046360294117647055,0.004489473684210527,0.004854117647058824,0.009343119266055046
1705783561,1.6477250040835434,2.97959350960528,0.17791661128095973,0.24618424110947287,5.00380225922906,1.2032254010807024,0.4915415745141388,0.09448153186146274,0.529687909782321,0.6940868705407371,0.00010680100755667002,0.28564377785231615,0.43235998631228256,1.1451569506727333,1.3329625517742005,209633280,77836288,5980160,425590784,99024896,334876672,39096320,4534272,280064000,92569600,4718592,2879488,301928448,8962048,44150784,2109210.1391399386,0,992630.9350148228,48828.17156617315,0,0,0,1661556.8555446432,13,8,8,4,8,13,6,6,3,11,1,3,6,31,16,8.933,3.867,24.533,3.2,2.733,2.8,22.733,0.014063745019920316,0.0030790960451977396,0.031006006006006007,0.03180147058823529,0.0024473684210526317,0.0031411764705882353,0.00620183486238532,0.02333864541832669,0.004742372881355932,0.0822549019607843,0.046360294117647055,0.004489473684210527,0.004854117647058824,0.009343119266055046
1705783562,1.6477250040835434,2.97959350960528,0.17791661128095973,0.24618424110947287,5.00380225922906,1.2032254010807024,0.4915415745141388,0.0906880301602264,0.529687909782321,0.8176737090287097,0.00010680100755667002,0.28564377785231615,0.14695333333330987,1.1451569506727333,1.3329625517742005,209633280,77836288,5980160,425590784,99024896,334876672,39096320,4534272,280064000,92569600,4718592,2879488,301928448,8962048,44150784,2109210.1391399386,0,992630.9350148228,48828.17156617315,0,0,0,1661556.8555446432,13,8,8,4,8,13,6,6,3,11,1,3,6,31,16,8.933,3.867,24.533,3.2,2.733,2.8,22.2,0.014063745019920316,0.0030790960451977396,0.031006006006006007,0.03180147058823529,0.0024473684210526317,0.0031411764705882353,0.006160877513711151,0.02333864541832669,0.004742372881355932,0.0822549019607843,0.046360294117647055,0.004489473684210527,0.004854117647058824,0.009327239488117001
1705783563,1.6477250040835434,2.97959350960528,0.17791661128095973,0.24618424110947287,5.00380225922906,1.2032254010807024,0.4915415745141388,0.0906880301602264,0.5536737929712735,0.8176737090287097,0.00010680100755667002,0.28564377785231615,0.14695333333330987,1.1451569506727333,1.3329625517742005,209633280,77836288,5980160,425590784,99024896,334876672,39096320,4534272,280076288,92569600,4718592,2879488,301928448,8962048,44150784,2109210.1391399386,0,992630.9350148228,35683.794190929206,0,0,0,1661556.8555446432,13,8,8,4,8,13,6,6,3,11,1,3,6,31,16,8.933,3.867,24.533,3.2,2.733,2.8,22.2,0.014063745019920316,0.0030790960451977404,0.031006006006006007,0.03180147058823529,0.0024473684210526317,0.0031411764705882353,0.006160877513711151,0.02333864541832669,0.004742372881355933,0.0822549019607843,0.046360294117647055,0.004489473684210527,0.004854117647058824,0.009327239488117001
1705783564,1.6477250040835434,2.97959350960528,0.17791661128095973,0.24618424110947287,5.00380225922906,1.2032254010807024,0.4915415745141388,0.0906880301602264,0.5536737929712735,0.8176737090287097,0.00010680100755667002,0.24366049014753352,0.27263111874834706,1.1451569506727333,1.3329625517742005,209633280,77836288,5980160,425590784,99024896,334876672,39096320,4534272,280076288,92569600,4718592,2879488,301928448,8962048,44150784,2109210.1391399386,0,992630.9350148228,35683.794190929206,0,0,0,1661556.8555446432,13,8,8,4,8,13,6,6,3,11,1,3,6,31,16,8.933,3.867,24.533,3.2,2.733,2.667,22.2,0.014063745019920316,0.0030790960451977404,0.031006006006006007,0.03180147058823529,0.0024473684210526317,0.003125,0.006160877513711151,0.02333864541832669,0.004742372881355933,0.0822549019607843,0.046360294117647055,0.004489473684210527,0.004825,0.009327239488117001
1705783565,1.7113880972802271,2.97959350960528,0.17791661128095973,0.24618424110947287,5.00380225922906,1.2032254010807024,0.4915415745141388,0.0906880301602264,0.5536737929712735,0.8176737090287097,0.00010680100755667002,0.23889976051666156,0.27909747119663153,,1.3329625517742005,209633280,77836288,5980160,425590784,99024896,334876672,39096320,4534272,280076288,92569600,4718592,2879488,301928448,8962048,44150784,2109210.1391399386,0,992630.9350148228,35683.794190929206,0,0,,1661556.8555446432,13,8,8,4,8,13,6,6,3,11,1,3,6,31,16,8.333,3.867,24.533,2.6,2.133,2.067,20.4,0.014243027888446214,0.0030790960451977404,0.031006006006006007,0.032115384615384615,0.0024000000000000002,0.0030645161290322586,0.006104868913857677,0.023374501992031872,0.004742372881355933,0.0822549019607843,0.04642307692307693,0.0044800000000000005,0.0047161290322580655,0.009280898876404495
1705783566,1.7113880972802271,2.97959350960528,0.17791661128095973,0.2489967335510965,5.00380225922906,1.2032254010807022,0.4915415745141388,0.0906880301602264,0.48797548052935974,0.8176737090287097,0.00014889731703890294,0.2341390308857897,0.28556382364491606,1.283713752755525,1.3329625517742005,209633280,77836288,5980160,425590784,99024896,334876672,39096320,4534272,280076288,92569600,4718592,2879488,301928448,8835072,44150784,2109210.1391399386,0,992630.9350148228,29195.276675615958,0,0,0,1661556.8555446432,13,8,8,4,8,13,6,6,3,11,1,3,6,31,16,8.333,3.867,24.533,2.6,2.133,2.067,20.4,0.014243027888446214,0.0030790960451977404,0.031006006006006007,0.032115384615384615,0.0024000000000000002,0.0030645161290322586,0.006104868913857677,0.023374501992031872,0.004742372881355933,0.0822549019607843,0.04642307692307693,0.0044800000000000005,0.0047161290322580655,0.009280898876404495
1705783567,1.7113880972802271,2.9047742935906338,0.17791661128095973,0.2489967335510965,5.00380225922906,1.2032254010807022,0.4915415745141388,0.08834413719537222,0.48797548052935974,0.8176737090287097,0.00014889731703890294,0.23567710415482757,0.29203017609320053,1.283713752755525,1.3329625517742005,209633280,77860864,5980160,425590784,99024896,334876672,39096320,4526080,280076288,92569600,4718592,2879488,301928448,8835072,44150784,1961902.1364576158,0,992630.9350148228,29195.276675615958,0,0,0,1661556.8555446432,13,8,8,4,8,13,6,6,3,11,1,3,6,31,16,8.333,3.867,24.533,2.6,2.133,2.067,20.4,0.014243027888446214,0.0030790960451977404,0.031006006006006007,0.032115384615384615,0.0024000000000000002,0.0030645161290322586,0.006104868913857677,0.023374501992031872,0.004742372881355933,0.0822549019607843,0.04642307692307693,0.0044800000000000005,0.0047161290322580655,0.009280898876404495
1705783568,1.7113880972802271,2.9047742935906338,0.17791661128095973,0.2489967335510965,5.00380225922906,1.2032254010807022,0.4915415745141388,0.08834413719537222,0.48797548052935974,0.8176737090287097,0.00014889731703890294,0.28257796678817293,0.298496528541485,1.283713752755525,1.3329625517742005,209633280,77860864,5980160,425590784,99024896,334876672,39096320,4526080,280076288,92569600,4718592,2875392,301928448,8835072,44150784,1961902.1364576158,0,992630.9350148228,29195.276675615958,0,0,0,1661556.8555446432,13,8,8,4,8,13,6,6,3,11,1,3,6,31,16,6.867,4.133,24.533,1.933,2.133,2.067,17.933,0.014229999999999996,0.003021505376344086,0.031285919540229884,0.03135245901639344,0.0024000000000000002,0.0030645161290322586,0.006080188679245283,0.023325999999999996,0.0046387096774193545,0.08193069306930692,0.04627049180327869,0.0044800000000000005,0.0047161290322580655,0.009268867924528301
1705783569,1.7113880972802271,3.090376129889051,0.17791661128095973,0.2489967335510965,5.288959104450637,1.2032254010807022,0.4915415745141388,0.08834413719537222,0.48797548052935974,0.8176737090287097,0.00014889731703890294,0.28257796678817293,0.30496288098976954,1.283713752755525,1.3329625517742005,209633280,77860864,5980160,425590784,99024896,334876672,39096320,4526080,280076288,92569600,4718592,2875392,301928448,8835072,44150784,2184603.521398278,0,992630.9350148228,29195.276675615958,0,0,0,1661556.8555446432,13,8,8,4,8,13,6,6,3,11,1,3,6,31,16,6.867,4.133,24.533,1.933,2.133,2.067,17.933,0.014229999999999996,0.003021505376344086,0.03149578651685393,0.03135245901639344,0.0024000000000000002,0.0030645161290322586,0.006080188679245283,0.023325999999999996,0.0046387096774193545,0.08183168316831683,0.04627049180327869,0.0044800000000000005,0.0047161290322580655,0.009268867924528301
1705783570,1.7113880972802271,3.090376129889051,0.1855100164085175,0.2489967335510965,5.288959104450637,1.0208291795217153,0.4915415745141388,0.08834413719537222,0.48797548052935974,0.8176737090287097,0.00014889731703890294,0.28257796678817293,0.31142923343805406,1.283713752755525,1.3329625517742005,209633280,77860864,5980160,425590784,99024896,334884864,39096320,4526080,280076288,92569600,4718592,2875392,301928448,8835072,44150784,2184603.521398278,0,992630.9350148228,29195.276675615958,0,0,0,1661556.8555446432,13,8,8,4,8,14,6,6,3,11,1,3,6,31,16,6.867,4.133,24.533,1.933,2.133,2.067,17.933,0.014229999999999996,0.003021505376344086,0.03149578651685393,0.03135245901639344,0.0024000000000000002,0.0030645161290322586,0.006080188679245283,0.023325999999999996,0.0046387096774193545,0.08183168316831683,0.04627049180327869,0.0044800000000000005,0.0047161290322580655,0.009268867924528301
1705783571,1.6545150788211,3.090376129889051,0.1855100164085175,0.2489967335510965,5.288959104450637,1.0422299114371683,0.4915415745141388,0.08834413719537222,0.48797548052935974,0.8175537091099642,0.00014889731703890294,0.28257796678817293,0.31789558588633854,1.283713752755525,1.3329625517742005,208609280,77860864,5980160,425590784,99024896,334884864,39096320,4526080,280076288,92569600,4718592,2875392,301928448,8835072,44150784,2184603.521398278,0,992630.9350148228,29195.276675615958,0,0,0,1661556.8555446432,13,8,8,4,8,14,6,6,3,11,1,3,6,31,16,6.867,4.133,24.533,1.933,2.133,2.067,17.933,0.014229999999999996,0.003021505376344086,0.03149578651685393,0.03135245901639344,0.0024000000000000002,0.0030645161290322586,0.006080188679245283,0.023325999999999996,0.0046387096774193545,0.08183168316831683,0.04627049180327869,0.0044800000000000005,0.0047161290322580655,0.009268867924528301
1705783572,1.6545150788211,3.090376129889051,0.1855100164085175,0.23827507312693666,5.288959104450637,1.063630643352621,0.4915415745141388,0.08834413719537222,0.48797548052935974,0.8175537091099642,0.00014889731703890294,0.28257796678817293,0.3879811468970701,1.283713752755525,1.3207907469438072,208609280,77860864,5980160,425590784,99024896,334884864,39096320,4526080,280076288,92569600,4718592,2875392,301928448,8835072,44150784,2184603.521398278,0,992630.9350148228,29195.276675615958,0,0,0,1876263.2769332074,13,8,8,4,8,14,6,6,3,11,1,3,6,31,16,6.867,4.133,24.533,1.933,2.133,2.067,17.933,0.014229999999999996,0.003021505376344086,0.03149578651685393,0.03135245901639344,0.0024000000000000002,0.0030645161290322586,0.006080188679245283,0.023325999999999996,0.0046387096774193545,0.08183168316831683,0.04627049180327869,0.0044800000000000005,0.0047161290322580655,0.009268867924528301
1705783573,1.6545150788211,3.090376129889051,0.1855100164085175,0.23827507312693666,5.288959104450637,1.085031375268074,0.4915415745141388,0.08834413719537222,0.48797548052935974,0.8175537091099642,0.00014889731703890294,0.28257796678817293,0.3879811468970701,1.283713752755525,1.3207907469438072,208609280,77860864,5980160,425590784,99024896,334884864,39096320,4526080,280076288,92569600,4718592,2875392,301928448,8835072,44150784,2184603.521398278,0,992630.9350148228,29195.276675615958,0,0,0,1876263.2769332074,13,8,8,4,8,14,6,6,3,11,1,3,6,31,16,6.867,4.133,24.533,1.933,2.133,2.067,17.933,0.014229999999999996,0.003021505376344086,0.03149578651685393,0.03135245901639344,0.0024000000000000002,0.0030645161290322586,0.006080188679245283,0.023325999999999996,0.0046387096774193545,0.08183168316831683,0.04627049180327869,0.0044800000000000005,0.0047161290322580655,0.009268867924528301
1705783574,1.6545150788211,3.090376129889051,0.1855100164085175,0.23827507312693666,5.288959104450637,1.1064321071835268,0.4150222052949128,0.08834413719537222,0.48797548052935974,0.8175537091099642,0.00014889731703890294,0.28257796678817293,0.3879811468970701,1.283713752755525,1.3207907469438072,208609280,77860864,5980160,425590784,99024896,334884864,39096320,4526080,280076288,92569600,4718592,2875392,301928448,8835072,44150784,2184603.521398278,0,838105.871514543,29195.276675615958,0,0,0,1876263.2769332074,13,8,8,4,8,14,6,6,3,11,1,3,6,31,16,6.867,4.133,24.533,1.933,2.133,2.067,17.933,0.014229999999999996,0.003021505376344086,0.03149578651685393,0.03135245901639344,0.0024000000000000002,0.0030645161290322586,0.006080188679245283,0.023325999999999996,0.0046387096774193545,0.08183168316831683,0.04627049180327869,0.0044800000000000005,0.0047161290322580655,0.009268867924528301
1705783575,1.6545150788211,3.090376129889051,0.18174289604678656,0.23827507312693666,5.288959104450637,1.284043914927176,0.4068298457196772,0.08834413719537222,0.48797548052935974,0.8175537091099642,0.00012046475394483674,0.28257796678817293,0.3879811468970701,1.283713752755525,1.3207907469438072,208609280,77860864,5980160,425590784,99024896,334884864,39096320,4526080,280076288,92569600,4718592,2875392,301928448,8835072,44150784,2184603.521398278,0,821562.0225976293,29195.276675615958,0,0,0,1876263.2769332074,13,8,8,4,8,14,6,6,3,11,1,3,6,31,16,6.867,4.133,24.533,1.933,2.133,2.067,17.933,0.014229999999999996,0.003021505376344086,0.03149578651685393,0.03135245901639344,0.0024000000000000002,0.0030645161290322586,0.006080188679245283,0.023325999999999996,0.0046387096774193545,0.08183168316831683,0.04627049180327869,0.0044800000000000005,0.0047161290322580655,0.009268867924528301
1705783576,1.6545150788211,3.090376129889051,0.18174289604678656,0.23827507312693666,5.288959104450637,1.284043914927176,0.39406351439082427,0.08834413719537222,0.48797548052935974,0.8175537091099642,0.00011798313199418836,0.28257796678817293,0.3879811468970701,1.283713752755525,1.2930054374691082,208609280,77860864,5980160,425590784,99024896,334884864,39096320,4526080,280076288,92569600,4718592,2875392,301928448,8835072,44195840,2184603.521398278,0,597420.7586484064,29195.276675615958,0,0,0,1658709.4566333322,13,8,8,4,8,14,6,6,3,11,1,3,6,31,16,6.867,4.467,24.533,1.933,2.133,2.067,17.933,0.014229999999999996,0.003021390374331551,0.03149578651685393,0.03135245901639344,0.0024000000000000002,0.0030645161290322586,0.006080188679245283,0.023325999999999996,0.004638502673796792,0.08183168316831683,0.04627049180327869,0.0044800000000000005,0.0047161290322580655,0.009268867924528301
1705783577,1.6545150788211,3.090376129889051,0.18174289604678656,0.23827507312693666,5.288959104450637,1.284043914927176,0.4625186188219354,0.08834413719537222,0.48797548052935974,0.8175537091099642,0.00011550151004354,0.28257796678817293,0.3879811468970701,1.283713752755525,1.2930054374691082,208609280,77860864,5980160,425590784,99024896,334884864,39124992,4526080,280076288,92569600,4718592,2875392,301928448,8835072,44195840,2184603.521398278,0,610101.5572105619,29195.276675615958,0,0,0,1658709.4566333322,13,8,8,4,8,14,6,6,3,11,1,3,6,31,16,6.867,4.467,24.533,1.933,2.133,2.067,15.933,0.014229999999999996,0.003021390374331551,0.03149578651685393,0.03135245901639344,0.0024000000000000002,0.0030645161290322586,0.006122641509433963,0.023325999999999996,0.004638502673796792,0.08183168316831683,0.04627049180327869,0.0044800000000000005,0.0047161290322580655,0.009269811320754717
1705783578,1.6545150788211,3.090376129889051,0.18174289604678656,0.23827507312693666,5.288959104450637,1.284043914927176,0.4625186188219354,0.0934275973844519,0.48797548052935974,0.8513839485524487,0.00011301988809289158,0.28257796678817293,0.3879811468970701,1.283713752755525,1.2930054374691082,208609280,77860864,5980160,425590784,99024896,334884864,39124992,4526080,280076288,92569600,4718592,2875392,301928448,8835072,44195840,2184603.521398278,0,610101.5572105619,29195.276675615958,0,0,0,1658709.4566333322,13,8,8,4,8,14,6,6,3,11,1,3,6,31,16,6.867,4.467,24.533,1.933,1.6,2.067,15.933,0.014229999999999996,0.003021390374331551,0.03149578651685393,0.03135245901639344,0.0022424242424242424,0.0030645161290322586,0.006122641509433963,0.023325999999999996,0.004638502673796792,0.08183168316831683,0.04627049180327869,0.004448484848484848,0.0047161290322580655,0.009269811320754717
1705783579,1.6545150788211,3.090376129889051,0.18174289604678656,0.23827507312693666,4.332957708991582,1.284043914927176,0.4625186188219354,0.08556239507554551,0.41172795620920144,0.8513839485524487,0.0001105382661422432,0.28429330671486797,0.3484152578928934,1.1401954795356506,1.2930054374691082,208609280,77860864,5980160,425590784,99024896,334884864,39124992,4526080,280076288,92569600,4718592,2875392,301924352,8851456,44195840,2184603.521398278,0,610101.5572105619,24633.4335970602,0,0,0,1658709.4566333322,13,8,8,4,8,14,6,6,3,11,1,3,6,31,16,6.867,4.467,24.533,1.933,1.6,1.6,15.933,0.014229999999999996,0.003021390374331551,0.03149578651685393,0.03135245901639344,0.0022424242424242424,0.0030444444444444447,0.006122641509433963,0.023325999999999996,0.004638502673796792,0.08183168316831683,0.04627049180327869,0.004448484848484848,0.00468,0.009269811320754717
1705783580,1.6545150788211,2.0692231957744998,0.18174289604678656,0.23465168632148614,4.959544371365931,1.6320186347664911,0.4625186188219354,0.08556239507554551,0.4035950315337121,0.8513839485524487,0,0.27981320962031475,0.3484152578928934,1.1401954795356506,1.2930054374691082,208609280,77860864,5980160,425590784,102944768,334966784,39124992,4526080,280076288,92569600,4718592,3010560,301924352,8851456,44195840,1886669.0295735989,0,610101.5572105619,24146.8456524666,0,0,0,1658709.4566333322,13,8,8,4,7,14,6,6,3,11,1,3,6,31,16,6.533,4.467,24.533,1.6,1.267,1.267,14.933,0.014156626506024094,0.003021390374331551,0.03149578651685393,0.03017241379310345,0.0022537313432835823,0.0030439560439560437,0.006108490566037735,0.023313253012048184,0.004638502673796792,0.08183168316831683,0.04603448275862069,0.004450746268656717,0.004679120879120879,0.009266981132075473
1705783581,1.6098836401528216,2.113303383574925,0.18174289604678656,0.23465168632148614,4.959544371365931,1.6320186347664911,0.4625186188219354,0.08556239507554551,0.4507645680209036,0.8513839485524487,0,0.27981320962031475,0.3484152578928934,1.1401954795356506,1.2930054374691082,208596992,77860864,5980160,425590784,102944768,334966784,39124992,4526080,280076288,92569600,4718592,3010560,301924352,8851456,44195840,1926860.3077840293,0,610101.5572105619,32883.49775200364,0,0,0,1658709.4566333322,12,8,8,4,7,14,6,6,3,11,1,3,6,31,16,6.533,4.467,24.533,1.6,1.267,1.267,14.933,0.014156626506024094,0.003021390374331551,0.03149578651685393,0.03017241379310345,0.0022537313432835823,0.0030439560439560437,0.006108490566037735,0.023313253012048184,0.004638502673796792,0.08183168316831683,0.04603448275862069,0.004450746268656717,0.004679120879120879,0.009266981132075473
1705783582,1.6098836401528216,1.7744700000000082,0.18297467453937588,0.23465168632148614,4.959544371365931,1.6320186347664911,0.4625186188219354,0.08556239507554551,0.45463247723985784,0.8513839485524487,0,0.27981320962031475,0.3484152578928934,1.1401954795356506,1.2930054374691082,208596992,77860864,5976064,425590784,102944768,334966784,39124992,4526080,280080384,92569600,4718592,3010560,301924352,8851456,44195840,1617920,0,610101.5572105619,58396.30135033301,0,0,0,1658709.4566333322,12,8,8,4,7,14,6,6,3,11,1,3,6,31,16,6.533,4.467,24.533,1.6,1.267,1.267,14.933,0.014156626506024094,0.003021390374331551,0.03149578651685393,0.03017241379310345,0.0022537313432835823,0.0030439560439560437,0.006108490566037735,0.023313253012048184,0.004638502673796792,0.08183168316831683,0.04603448275862069,0.004450746268656717,0.004679120879120879,0.009266981132075473
1705783583,1.6098836401528216,1.7744700000000082,0.18297467453937588,0.23465168632148614,4.959544371365931,1.6320186347664911,0.4625186188219354,0.08556239507554551,0.45463247723985784,0.8513839485524487,0,0.27981320962031475,0.3484152578928934,1.1401954795356506,1.2930054374691082,208596992,77860864,5976064,425590784,102944768,334966784,39124992,4526080,280080384,92569600,4718592,3010560,301924352,8851456,44195840,1617920,0,610101.5572105619,58396.30135033301,0,0,0,1658709.4566333322,12,8,8,4,7,14,6,6,3,11,1,3,6,31,16,6.133,4,23.4,1.133,1.267,1.267,13.533,0.013663594470046083,0.003067415730337079,0.031,0.028703703703703707,0.0022537313432835823,0.0030439560439560437,0.006127167630057803,0.023064516129032257,0.004721348314606741,0.08134948096885815,0.04574074074074074,0.004450746268656717,0.004679120879120879,0.009271676300578034
1705783584,0.9244254398090685,1.7744700000000082,0.18297467453937588,0.23465168632148614,4.959544371365931,1.6320186347664911,0.4625186188219354,0.08556239507554551,0.45463247723985784,0.8513839485524487,0,0.27981320962031475,0.3484152578928934,1.1401954795356506,1.3028807307219399,208596992,77860864,5976064,425590784,102944768,334966784,39124992,4526080,280080384,92569600,4718592,3010560,301924352,8851456,44195840,1617920,0,610101.5572105619,58396.30135033301,0,0,0,1091211.4292405879,12,8,8,4,7,14,6,6,3,11,1,3,6,31,16,6.133,4,23.067,1.133,1.267,1.267,13.533,0.013663594470046083,0.003067415730337079,0.030641592920353986,0.028703703703703707,0.0022537313432835823,0.0030439560439560437,0.006127167630057803,0.023064516129032257,0.004721348314606741,0.08137010676156582,0.04574074074074074,0.004450746268656717,0.004679120879120879,0.009271676300578034
1705783585,0.9472123123239794,2.621251952689144,0.18297467453937588,0.23465168632148614,4.959544371365931,1.6320186347664911,0.4625186188219354,0.08556239507554551,0.45463247723985784,0.8734570971753449,0,0.27981320962031475,0.3484152578928934,1.1401954795356506,1.3028807307219399,208596992,77897728,5976064,425590784,102944768,334966784,39124992,4526080,280080384,92569600,4718592,3010560,301924352,8851456,44195840,2038402.142378933,0,610101.5572105619,58396.30135033301,0,0,0,1091211.4292405879,12,8,8,4,7,14,6,6,3,11,1,3,6,31,16,6.133,4,23.067,1.133,1.267,1.267,13.533,0.013663594470046083,0.003067415730337079,0.030641592920353986,0.028703703703703707,0.0022537313432835823,0.0030439560439560437,0.006127167630057803,0.023064516129032257,0.004721348314606741,0.08137010676156582,0.04574074074074074,0.004450746268656717,0.004679120879120879,0.009271676300578034
1705783586,0.96999918483889,2.621251952689144,0.1822182541476429,0.23465168632148614,4.959544371365931,1.6320186347664911,0.47122260668973576,0.08556239507554551,0.45463247723985784,0.8734570971753449,0,0.27981320962031475,0.3484152578928934,1.1401954795356506,1.3028807307219399,208596992,77897728,5976064,425590784,102944768,334966784,39124992,4526080,280080384,92569600,4718592,3010560,301924352,8851456,44195840,2038402.142378933,0,602352.9411764706,58396.30135033301,0,0,0,1091211.4292405879,12,8,8,4,7,14,6,6,3,11,1,3,6,31,16,6.133,4,23.067,1.133,1.267,1.267,13.533,0.013663594470046083,0.003067415730337079,0.030641592920353986,0.028703703703703707,0.0022537313432835823,0.0030439560439560437,0.006127167630057803,0.023064516129032257,0.004721348314606741,0.08137010676156582,0.04574074074074074,0.004450746268656717,0.004679120879120879,0.009271676300578034
1705783587,0.9927860573538008,2.621251952689144,0.1822182541476429,0.23465168632148614,4.464881230985252,1.6320186347664911,0.47122260668973576,0.08556239507554551,0.45463247723985784,0.8734570971753449,0,0.27981320962031475,0.3484152578928934,1.1401954795356506,1.3028807307219399,208596992,77897728,5976064,425590784,102944768,334966784,39124992,4526080,280080384,92569600,4718592,3010560,301924352,8851456,44195840,2038402.142378933,0,602352.9411764706,58396.30135033301,0,0,0,1091211.4292405879,12,8,8,4,7,14,6,6,3,11,1,3,6,31,16,6.133,4,23.067,1.133,1.267,1.267,13.533,0.013663594470046083,0.003067415730337079,0.030641592920353986,0.028703703703703707,0.0022537313432835823,0.0030439560439560437,0.006127167630057803,0.023064516129032257,0.004721348314606741,0.08137010676156582,0.04574074074074074,0.004450746268656717,0.004679120879120879,0.009271676300578034
1705783588,1.0155729298687113,2.621251952689144,0.1822182541476429,0.23465168632148614,4.464881230985252,1.6320186347664911,0.47122260668973576,0.08556239507554551,0.45463247723985767,0.8734570971753449,0,0.27981320962031475,0.3484152578928934,1.1401954795356506,1.3028807307219399,208596992,77897728,5976064,425590784,102944768,334966784,39124992,4526080,280080384,92569600,4718592,3010560,301924352,8851456,44195840,2038402.142378933,0,602352.9411764706,58396.301350332986,0,0,0,1091211.4292405879,12,8,8,4,7,14,6,6,3,11,1,3,6,31,16,6.133,4,23.067,1.133,1.267,1.267,13.533,0.013663594470046083,0.003067415730337079,0.030641592920353986,0.028703703703703707,0.0022537313432835823,0.0030439560439560437,0.006127167630057803,0.023064516129032257,0.004721348314606741,0.08137010676156582,0.04574074074074074,0.004450746268656717,0.004679120879120879,0.009271676300578034
1705783589,1.0383598023836218,2.621251952689144,0.1822182541476429,0.23465168632148614,4.464881230985252,1.6320186347664911,0.47122260668973576,0.08556239507554551,0.45463247723985767,0.888809389625349,0,0.27981320962031475,0.3484152578928934,1.1401954795356506,1.3028807307219399,208596992,77897728,5976064,425590784,102944768,334966784,39124992,4526080,280080384,92569600,4718592,3010560,301924352,8851456,44195840,2038402.142378933,0,602352.9411764706,58396.301350332986,0,0,0,1091211.4292405879,12,8,8,4,7,14,6,6,3,11,1,3,6,31,16,6.133,4,23.067,1.133,1.267,1.267,13.533,0.013663594470046083,0.003067415730337079,0.030641592920353986,0.028703703703703707,0.0022537313432835823,0.0030439560439560437,0.006127167630057803,0.023064516129032257,0.004721348314606741,0.08137010676156582,0.04574074074074074,0.004450746268656717,0.004679120879120879,0.009271676300578034
1705783590,1.0611466748985325,2.621251952689144,0.1822182541476429,0.2346516863214862,4.464881230985252,1.8904033416698056,0.47122260668973576,0.08556239507554551,0.45463247723985767,0.888809389625349,0,0.27981320962031475,0.3484152578928934,1.1401954795356506,1.3028807307219399,208596992,77897728,5976064,425590784,102944768,334966784,39124992,4526080,280080384,92569600,4718592,3010560,301924352,8851456,44195840,2038402.142378933,0,602352.9411764706,58396.301350332986,0,0,0,1091211.4292405879,12,8,8,4,7,14,6,6,3,11,1,3,6,31,16,6.133,4,23.067,1.133,1.267,1.267,13.533,0.013663594470046083,0.003067415730337079,0.030641592920353986,0.028703703703703707,0.0022537313432835823,0.0030439560439560437,0.006127167630057803,0.023064516129032257,0.004721348314606741,0.08137010676156582,0.04574074074074074,0.004450746268656717,0.004679120879120879,0.009271676300578034
1705783591,1.083933547413443,2.621251952689144,0.1822182541476429,0.19212196423601832,4.464881230985252,1.8904033416698056,0.47122260668973576,0.06156981191075861,0.45463247723985767,0.888809389625349,0,0.268895440999302,0.3720047414431896,1.1401954795356506,1.3028807307219399,208596992,77897728,5976064,425590784,102944768,334966784,39124992,4526080,280080384,92569600,4718592,3010560,301924352,8851456,44195840,2038402.142378933,0,602352.9411764706,58396.301350332986,0,0,0,1091211.4292405879,12,8,8,4,7,14,6,6,3,11,1,3,6,31,16,6.133,3.4,23.067,1.133,1.267,1.267,13.533,0.013663594470046083,0.0030952380952380953,0.030641592920353986,0.028703703703703707,0.0022537313432835823,0.0030439560439560437,0.006127167630057803,0.023064516129032257,0.004771428571428572,0.08137010676156582,0.04574074074074074,0.004450746268656717,0.004679120879120879,0.009271676300578034
1705783592,1.106720419928354,2.6212519526891445,0.1822182541476429,0.19614697815196605,4.464881230985252,1.8904033416698056,0.4710213776722107,0.06282056353028596,0.4441884507458232,0.888809389625349,0,0.268895440999302,0.3720047414431896,1.1401954795356506,1.3028807307219399,208596992,77897728,5976064,425590784,102944768,334966784,39133184,4526080,280080384,92569600,4718592,3010560,301924352,8851456,44195840,2038402.1423789335,0,863887.2962568599,48394.62413232906,0,0,0,1091211.4292405879,12,8,8,4,7,14,6,6,3,11,1,3,6,31,16,6.133,3.4,23.067,1.133,1.267,1.267,14.733,0.013663594470046083,0.0030952380952380953,0.030641592920353986,0.028703703703703707,0.0022537313432835823,0.0030439560439560437,0.006203883495145631,0.023064516129032257,0.004771428571428572,0.08137010676156582,0.04574074074074074,0.004450746268656717,0.004679120879120879,0.009302912621359223
1705783593,0.9780733333333399,2.6212519526891445,0.1822182541476429,0.20017199206791383,4.464881230985252,1.8904033416698056,0.4710213776722107,0.07623903068920654,0.4441884507458232,0.888809389625349,0,0.268895440999302,0.3720047414431896,1.1401954795356506,1.3028807307219399,208596992,77897728,5976064,425590784,102944768,334966784,39133184,4530176,280080384,92569600,4718592,3010560,301924352,8851456,44195840,2038402.1423789335,0,863887.2962568599,48394.62413232906,0,0,0,1091211.4292405879,12,8,8,4,7,14,6,6,3,11,1,3,6,31,16,6.133,3.4,23.067,1.133,1.6,1.267,14.733,0.013663594470046083,0.0030952380952380953,0.030641592920353986,0.028703703703703707,0.0022424242424242424,0.0030439560439560437,0.006203883495145631,0.023064516129032257,0.004771428571428571,0.08137010676156582,0.04574074074074074,0.004448484848484848,0.004679120879120879,0.009302912621359223
1705783594,0.9780733333333399,2.6212519526891445,0.1822182541476429,0.2041970059838616,4.464881230985252,1.6381080112423962,0.4710213776722107,0.08947513748590638,0.4441884507458232,0.888809389625349,0,0.268895440999302,0.3720047414431896,1.1401954795356506,1.3028807307219399,208596992,77897728,5976064,425590784,102944768,334966784,39133184,4530176,280080384,92569600,4718592,3010560,301924352,8851456,44195840,2038402.1423789335,0,863887.2962568599,48394.62413232906,0,0,0,1091211.4292405879,12,8,8,4,7,14,6,6,3,11,1,3,6,31,16,6.133,3.4,23.067,1.133,1.6,1.6,14.733,0.013663594470046083,0.0030952380952380953,0.030641592920353986,0.028703703703703707,0.0022424242424242424,0.003043010752688172,0.006203883495145631,0.023064516129032257,0.004771428571428571,0.08137010676156582,0.04574074074074074,0.004448484848484848,0.00467741935483871,0.009302912621359223
1705783595,0.9780733333333399,2.6212519526891445,0.1822182541476429,0.24150083495686542,4.464881230985252,1.764506059847017,0.4710213776722107,0.08947513748590638,0.4441884507458232,0.888809389625349,0,0.2801295849368388,0.3720047414431896,1.1401954795356506,1.313663148720084,208596992,77897728,5976064,425590784,102944768,335155200,39133184,4530176,280080384,92569600,4718592,2879488,301924352,8851456,44183552,2038402.1423789335,0,863887.2962568599,48394.62413232906,0,0,0,1575474.1648824299,12,8,8,4,7,14,6,6,3,11,1,3,6,31,16,6.667,3.4,23.067,1.667,2.133,2.133,16.333,0.013819444444444443,0.0030952380952380953,0.030641592920353986,0.03080357142857143,0.002166666666666667,0.003069767441860465,0.006279527559055118,0.02309722222222222,0.004771428571428571,0.08137010676156582,0.04616071428571429,0.0044333333333333325,0.004725581395348838,0.009350393700787402
1705783596,0.9780733333333399,2.6212519526891445,0.1822182541476429,0.2027963011411118,4.464881230985252,1.764506059847017,0.4710213776722107,0.08947513748590638,0.4441884507458232,0.888809389625349,0,0.2801295849368388,0.3720047414431896,0.6447673455516935,1.313663148720084,208596992,77897728,5976064,425590784,102944768,335155200,39133184,4530176,280080384,92569600,4718592,2879488,301924352,8843264,44183552,2038402.1423789335,0,863887.2962568599,48394.62413232906,0,0,0,1575474.1648824299,12,8,8,4,7,14,6,6,3,11,1,3,6,31,16,6.667,3.4,23.067,1.667,2.133,2.133,16.333,0.013819444444444443,0.0030952380952380953,0.030641592920353986,0.03080357142857143,0.002166666666666667,0.003069767441860465,0.006279527559055118,0.02309722222222222,0.004771428571428571,0.08137010676156582,0.04616071428571429,0.0044333333333333325,0.004725581395348838,0.009350393700787402
1705783597,1.1246309017250742,2.6212519526891445,0.1822182541476429,0.19877128722516402,4.464881230985252,1.764506059847017,0.4710213776722107,0.08947513748590638,0.4441884507458232,0.888809389625349,0,0.2801295849368388,0.3720047414431896,0.6615350189595339,1.313663148720084,208596992,77897728,5976064,425590784,102944768,335155200,39133184,4530176,280080384,92569600,4718592,2879488,301924352,8843264,44183552,2038402.1423789335,0,863887.2962568599,48394.62413232906,0,0,0,1575474.1648824299,12,8,8,4,7,14,6,6,3,11,1,3,6,31,16,6.667,3.4,23.067,1.667,2.133,2.133,16.333,0.013819444444444443,0.0030952380952380953,0.030641592920353986,0.03080357142857143,0.002166666666666667,0.003069767441860465,0.006279527559055118,0.02309722222222222,0.004771428571428571,0.08137010676156582,0.04616071428571429,0.0044333333333333325,0.004725581395348838,0.009350393700787402
1705783598,1.1018440292101634,2.6212519526891445,0.11009500000000118,0.1947462733092163,3.692233533963254,1.764506059847017,0.4710213776722107,0.08947513748590638,0.4441884507458232,0.888809389625349,0.00010117145899893769,0.2801295849368388,0.30524384053194126,0.6783026923673746,1.313663148720084,208596992,77897728,5976064,425590784,102944768,335155200,39133184,4530176,280080384,92569600,4718592,2879488,301924352,8843264,44183552,2038402.1423789335,0,863887.2962568599,48394.62413232906,0,0,0,1575474.1648824299,12,8,8,4,7,14,6,6,3,11,1,3,6,31,16,10.4,3.733,24.333,2.133,2.133,2.133,19.467,0.014170258620689656,0.0030952380952380953,0.03105413105413106,0.031363636363636364,0.002166666666666667,0.003069767441860465,0.006209514170040486,0.02314439655172414,0.004771428571428571,0.08118279569892475,0.04627272727272728,0.0044333333333333325,0.004725581395348838,0.009339068825910932
1705783599,1.0790571566952525,2.6212519526891445,0.11009500000000118,0.1907212593932685,4.742700162794121,1.764506059847017,0.4710213776722107,0.08947513748590638,0.4441884507458232,0.888809389625349,0.00010117145899893769,0.2801295849368388,0.40379948914432784,0.6950703657752151,1.313663148720084,208596992,77897728,5976064,425590784,109768704,335155200,39133184,4530176,280080384,92569600,4718592,2879488,301924352,8843264,44183552,2038402.1423789335,0,863887.2962568599,48394.62413232906,0,0,0,1575474.1648824299,12,8,8,4,7,14,6,6,3,11,1,3,6,31,16,10.4,3.733,25.467,2.133,2.133,2.133,19.467,0.014170258620689656,0.0030952380952380953,0.03150969529085872,0.031363636363636364,0.002166666666666667,0.003069767441860465,0.006209514170040486,0.02314439655172414,0.004771428571428571,0.08108303249097475,0.04627272727272728,0.0044333333333333325,0.004725581395348838,0.009339068825910932
1705783600,1.6145157456922392,2.189992942456497,0.15697117843755704,0.18669624547732075,4.742700162794121,1.764506059847017,0.4710213776722107,0.08947513748590638,0.7867311546169258,0.7607591146450192,0.00010117145899893769,0.2801295849368388,0.40379948914432784,0.7118380391830557,1.313663148720084,208650240,77897728,5976064,425590784,109768704,335155200,39133184,4530176,280330240,92569600,4718592,2879488,301924352,8843264,44183552,1199136.1106617432,0,863887.2962568599,63141.667951287185,0,0,0,1575474.1648824299,11,8,8,4,7,14,6,6,3,11,1,3,6,31,16,10.4,3.733,25.467,2.133,2.133,2.133,19.467,0.014170258620689656,0.0030952380952380953,0.03150969529085872,0.031363636363636364,0.002166666666666667,0.003069767441860465,0.006209514170040486,0.02314439655172414,0.004771428571428571,0.08108303249097475,0.04627272727272728,0.0044333333333333325,0.004725581395348838,0.009339068825910932
1705783601,1.6145157456922392,2.1779186387814486,0.16029725005878612,0.182671231561373,4.742700162794121,1.764506059847017,0.4710213776722107,0.08947513748590638,0.7867311546169258,0.74594562481793,0.00013373689026536563,0.2801295849368388,0.40379948914432784,0.7286057125908963,1.313663148720084,208650240,77897728,5976064,425590784,109768704,335155200,39133184,4530176,280330240,92569600,4718592,2879488,301924352,8843264,44183552,1192524.7954985055,0,863887.2962568599,63141.667951287185,0,0,0,1575474.1648824299,11,8,8,4,7,14,6,6,3,11,1,3,6,31,16,10.4,3.733,25.467,2.133,2.133,2.133,19.467,0.014170258620689656,0.0030952380952380953,0.03150969529085872,0.031363636363636364,0.002166666666666667,0.003069767441860465,0.006209514170040486,0.02314439655172414,0.004771428571428571,0.08108303249097475,0.04627272727272728,0.0044333333333333325,0.004725581395348838,0.009339068825910932
1705783602,1.6145157456922392,2.134949586557077,0.16362332168001525,0.17864621764542524,4.742700162794121,1.764506059847017,0.4710213776722107,0.08947513748590638,0.7867311546169258,0.731132134990841,0.00013373689026536563,0.2801295849368388,0.40379948914432784,0.7453733859987368,1.2870094797178064,208650240,77897728,5976064,425590784,109768704,335155200,39133184,4530176,280330240,92569600,4718592,2879488,301924352,8843264,44183552,1168996.9835296876,0,863887.2962568599,63141.667951287185,0,0,0,1862433.8624338626,11,8,8,4,7,14,6,6,3,11,1,3,6,31,16,10.4,3.733,25.467,2.133,2.133,2.133,19.467,0.014170258620689656,0.0030952380952380953,0.03150969529085872,0.031363636363636364,0.002166666666666667,0.003069767441860465,0.006209514170040486,0.02314439655172414,0.004771428571428571,0.08108303249097475,0.04627272727272728,0.0044333333333333325,0.004725581395348838,0.009339068825910932
1705783603,1.6145157456922392,3.0000733264320294,0.1669493933012444,0.17462120372947748,4.742700162794121,1.575875649426534,0.45280265042979956,0.08947513748590638,0.7867311546169258,0.7163186451637519,0.00013373689026536563,0.2801295849368388,0.40379948914432784,0.7621410594065774,1.2870094797178064,208650240,77946880,5976064,425590784,109768704,335155200,39133184,4530176,280330240,92569600,4718592,2879488,301924352,8843264,44183552,1528226.3630089718,0,880229.2263610315,63141.667951287185,0,0,0,1862433.8624338626,11,8,8,4,7,14,6,6,3,11,1,3,6,31,16,10.4,3.733,25.467,2.133,2.133,2.133,19.467,0.014170258620689656,0.0030952380952380953,0.03150969529085872,0.031363636363636364,0.002166666666666667,0.003069767441860465,0.006209514170040486,0.02314439655172414,0.004771428571428571,0.08108303249097475,0.04627272727272728,0.0044333333333333325,0.004725581395348838,0.009339068825910932
1705783604,1.6145157456922392,3.0000733264320294,0.17027546492247347,0.17059618981352972,4.742700162794121,1.6064472762802116,0.4438119888637532,0.08947513748590638,0.7867311546169258,0.5334350000000043,0.00013373689026536563,0.2801295849368388,0.40379948914432784,0.778908732814418,1.2870094797178064,208650240,77946880,5976064,425590784,109768704,335155200,39137280,4530176,280330240,92569600,4718592,2879488,301924352,8843264,44183552,1528226.3630089718,0,739446.6678266922,63141.667951287185,0,0,0,1862433.8624338626,11,8,8,4,7,14,6,6,3,11,1,3,6,31,16,10.4,3.733,25.467,2.133,2.133,2.133,19.467,0.014170258620689656,0.0030952380952380953,0.03150969529085872,0.031363636363636364,0.002166666666666667,0.003069767441860465,0.006209514170040486,0.02314439655172414,0.004771428571428571,0.08108303249097475,0.04627272727272728,0.0044333333333333325,0.004725581395348838,0.009339068825910932
1705783605,1.6145157456922392,3.0000733264320294,0.19956429727374683,0.166571175897582,4.812241661551055,1.834297611220673,0.4438119888637532,0.08947513748590638,0.7867311546169258,0.5334350000000043,0.00013373689026536563,0.2801295849368388,0.40379948914432784,0.7956764062222584,1.2870094797178064,208650240,77946880,5976064,425590784,109768704,335155200,39137280,4530176,280330240,92569600,4718592,2879488,301924352,8843264,44183552,1528226.3630089718,0,739446.6678266922,63141.667951287185,0,0,0,1862433.8624338626,11,8,8,4,7,14,6,6,3,11,1,3,6,31,16,10.4,3.733,25.467,2.133,2.133,2.133,19.467,0.014170258620689656,0.0030952380952380953,0.03150969529085872,0.031363636363636364,0.002166666666666667,0.003069767441860465,0.006209514170040486,0.02314439655172414,0.004771428571428571,0.08108303249097475,0.04627272727272728,0.0044333333333333325,0.004725581395348838,0.009339068825910932
1705783606,1.6145157456922392,3.0000733264320294,0.19956429727374683,0.16254616198163424,4.812241661551055,1.834297611220673,0.4438119888637532,0.08947513748590638,0.7867311546169258,0.5334350000000043,0.00013373689026536563,0.2801295849368388,0.3724518298939876,0.812444079630099,1.2870094797178064,208650240,77946880,5976064,425590784,109768704,335155200,39137280,4530176,280330240,92569600,4718592,2879488,301924352,8843264,44183552,1528226.3630089718,0,739446.6678266922,63141.667951287185,0,0,0,1862433.8624338626,11,8,8,4,7,14,6,6,3,11,1,3,6,31,16,10.4,4.533,25.467,2.133,2.133,2.133,19.467,0.014170258620689656,0.0030883977900552488,0.03150969529085872,0.031363636363636364,0.002166666666666667,0.003069767441860465,0.006209514170040486,0.02314439655172414,0.004759116022099448,0.08108303249097475,0.04627272727272728,0.0044333333333333325,0.004725581395348838,0.009339068825910932
1705783607,1.6145157456922392,3.0000733264320294,0.19956429727374683,0.15852114806568646,4.812241661551055,1.834297611220673,0.4438119888637532,0.08947513748590638,0.7867311546169258,0.5334350000000043,0.00013373689026536563,0.2809760716130139,0.3724518298939876,0.8292117530379397,1.2870094797178064,208650240,77946880,5976064,425590784,109768704,335155200,39137280,4530176,280330240,92569600,4718592,2883584,301924352,8843264,44183552,1528226.3630089718,0,739446.6678266922,63141.667951287185,0,0,0,1862433.8624338626,11,8,8,4,7,14,6,6,3,11,1,3,6,31,16,10.4,4.533,25.467,2.133,2.133,2.133,21.067,0.014170258620689656,0.0030883977900552488,0.03150969529085872,0.031363636363636364,0.002166666666666667,0.003069767441860465,0.00604389721627409,0.02314439655172414,0.004759116022099448,0.08108303249097475,0.04627272727272728,0.0044333333333333325,0.004725581395348838,0.009345824411134905
1705783608,1.6145157456922392,3.0000733264320294,0.19956429727374683,0.1544961341497387,4.812241661551055,1.5935460497479594,0.4438119888637532,0.08947513748590638,0.8579240520221582,0.6302565736267907,0.00013373689026536563,0.2809760716130139,0.3724518298939876,0.8459794264457803,1.2870094797178064,208650240,77946880,5976064,425590784,109768704,335155200,39137280,4530176,280330240,92569600,4718592,2883584,301924352,8843264,44183552,1528226.3630089718,0,739446.6678266922,89908.35757010372,0,0,0,1862433.8624338626,11,8,8,4,7,14,6,6,3,11,1,3,6,31,16,10.4,4.533,25.467,2.133,2.467,2.133,21.067,0.014170258620689656,0.0030883977900552488,0.03150969529085872,0.031363636363636364,0.0021379310344827587,0.003069767441860465,0.00604389721627409,0.02314439655172414,0.004759116022099448,0.08108303249097475,0.04627272727272728,0.004427586206896551,0.004725581395348838,0.009345824411134905
1705783609,1.7200453001132776,3.0000733264320294,0.19956429727374683,0.15047112023379094,4.812241661551055,1.5629744228942817,0.4438119888637532,0.07578718124490272,0.8579240520221582,0.6154469566137837,0.00013373689026536563,0.22774924605126465,0.3724518298939876,1.006060404470434,1.2870094797178064,208650240,77946880,5976064,425590784,109768704,335155200,39137280,4530176,280330240,92569600,4718592,2883584,301924352,8843264,44183552,1528226.3630089718,0,739446.6678266922,89908.35757010372,0,0,0,1862433.8624338626,11,8,8,4,7,14,6,6,3,11,1,3,6,31,16,10.4,4.533,25.467,2.133,2.467,2.467,21.067,0.014170258620689656,0.0030883977900552488,0.03150969529085872,0.031363636363636364,0.0021379310344827587,0.0030800000000000003,0.00604389721627409,0.02314439655172414,0.004759116022099448,0.08108303249097475,0.04627272727272728,0.004427586206896551,0.004744,0.009345824411134905
1705783610,1.7200453001132776,3.0000733264320294,0.19956429727374683,0.1464461063178432,4.812241661551055,1.532402796040604,0.4438119888637532,0.06171250000000018,0.8579240520221582,0.6006373396007766,0.00013373689026536563,0.2325188804175542,0.3724518298939876,1.0060604044704344,1.2870094797178064,208650240,77946880,5976064,425590784,109768704,335155200,39137280,4530176,280330240,92569600,4718592,2883584,301924352,8843264,44183552,1528226.3630089718,0,739446.6678266922,89908.35757010372,0,0,0,1862433.8624338626,11,8,8,4,7,14,6,6,3,11,1,3,6,31,16,10.467,4.533,25.467,2.2,2.533,2.533,21.267,0.014087982832618026,0.0030883977900552488,0.03150969529085872,0.029716981132075472,0.002193548387096774,0.00305,0.005994623655913979,0.02312660944206009,0.004759116022099448,0.08108303249097475,0.0459433962264151,0.004438709677419355,0.00469,0.00936236559139785
1705783611,1.7200453001132776,3.0000733264320294,0.19956429727374683,0.21781468492909106,4.812241661551055,1.501831169186926,0.4438119888637532,0.06171250000000018,0.8579240520221582,0.8659837534344752,0.00013373689026536563,0.23728851478384372,0.3724518298939876,1.0060604044704344,1.2870094797178064,208650240,77946880,5976064,425590784,109768704,335155200,39137280,4530176,280330240,92569600,4718592,2883584,301924352,8843264,44183552,1528226.3630089718,0,739446.6678266922,89908.35757010372,0,0,0,1862433.8624338626,11,8,8,4,7,14,6,6,3,11,1,3,6,31,16,10.467,4.533,25.467,2.2,2.533,2.533,21.267,0.014087982832618026,0.0030883977900552488,0.03150969529085872,0.029716981132075472,0.002193548387096774,0.00305,0.005994623655913979,0.02312660944206009,0.004759116022099448,0.08108303249097475,0.0459433962264151,0.004438709677419355,0.00469,0.00936236559139785
1705783612,1.7200453001132776,3.0000733264320294,0.19956429727374683,0.21781468492909106,4.812241661551055,1.6768695684263135,0.4438119888637532,0.0731860816755211,0.8579240520221582,0.8659837534344752,0.00013373689026536563,0.24205814915013324,0.40716966428089735,0.84916528439327,1.2870094797178064,208650240,77946880,5976064,425590784,109768704,335134720,39137280,4530176,280330240,92569600,4718592,2883584,301928448,8843264,44183552,1528226.3630089718,0,739446.6678266922,89908.35757010372,0,0,0,1862433.8624338626,11,8,8,4,7,15,6,6,3,11,1,3,6,31,16,10.467,4.533,25.467,2.2,2.533,2.533,21.267,0.014087982832618026,0.0030883977900552488,0.03150969529085872,0.029716981132075472,0.002193548387096774,0.00305,0.005994623655913979,0.02312660944206009,0.004759116022099448,0.08108303249097475,0.0459433962264151,0.004438709677419355,0.00469,0.00936236559139785
1705783613,1.7200453001132776,2.967202487149143,0.19956429727374683,0.21781468492909106,4.812241661551055,1.6768695684263135,0.4438119888637532,0.07163596424713985,0.8579240520221582,0.8659837534344752,0.00013373689026536563,0.24682778351642282,0.40716966428089735,0.8323976109854294,1.2870094797178064,208650240,77979648,5976064,425590784,109768704,335134720,39137280,4530176,280330240,92569600,4718592,2883584,301928448,8843264,44183552,1975248.6265920051,0,739446.6678266922,89908.35757010372,0,0,0,1862433.8624338626,11,8,8,4,7,15,6,6,3,11,1,3,6,31,16,8.533,4.067,24.333,2.6,2.533,2.533,21.2,0.013991935483870966,0.003102857142857143,0.03157142857142856,0.027551020408163266,0.002193548387096774,0.00305,0.006034303534303534,0.023088709677419352,0.004785142857142857,0.08150877192982453,0.04551020408163265,0.004438709677419355,0.00469,0.009364864864864866
1705783614,1.4881115251038364,2.967202487149143,0.19956429727374683,0.21781468492909106,4.89712431296779,1.6768695684263135,0.4438119888637532,0.07008584681875858,0.7499713092858943,0.8659837534344752,0.00009762279920531873,0.28617806197737256,0.40716966428089735,0.8156299375775891,1.2870094797178064,208650240,77979648,5976064,425590784,109178880,335134720,39137280,4530176,280334336,92569600,4718592,2883584,301928448,8843264,44183552,1975248.6265920051,0,739446.6678266922,64837.05653060012,0,0,0,1862433.8624338626,11,8,8,4,7,15,6,6,3,11,1,3,6,31,16,8.533,4.067,23.133,2.6,2.533,2.533,21.2,0.013991935483870966,0.003102857142857143,0.0316860465116279,0.027551020408163266,0.002193548387096774,0.00305,0.006034303534303534,0.023088709677419352,0.004785142857142857,0.08172413793103449,0.04551020408163265,0.004438709677419355,0.00469,0.009364864864864866
1705783615,1.4594441034352819,2.967202487149143,0.1708242667399763,0.21781468492909106,4.89712431296779,1.6768695684263135,0.4438119888637532,0.06853572939037735,0.7499713092858943,0.8659837534344752,0.00012451094659970128,0.28617806197737256,0.40716966428089735,0.7988622641697483,1.3280979519145122,208650240,77979648,5976064,425590784,109178880,335134720,39137280,4530176,280334336,92569600,4718592,2883584,301928448,8843264,44265472,1975248.6265920051,0,739446.6678266922,64837.05653060012,0,0,0,1655907.3909171862,11,8,8,4,7,15,6,6,3,11,1,3,6,31,16,8.533,4.067,23.133,2.6,2.533,2.533,21.2,0.013991935483870966,0.003102857142857143,0.0316860465116279,0.027551020408163266,0.002193548387096774,0.00305,0.006034303534303534,0.023088709677419352,0.004785142857142857,0.08172413793103449,0.04551020408163265,0.004438709677419355,0.00469,0.009364864864864866
1705783616,1.4307766817667271,2.967202487149143,0.16749819511874717,0.21781468492909106,4.89712431296779,1.6768695684263135,0.4438119888637532,0.0669856119619961,0.7499713092858943,0.8659837534344752,0.00012743825686377557,0.28617806197737256,0.40716966428089735,0.7820945907619078,1.3280979519145122,208650240,77979648,5976064,425590784,109178880,335134720,39137280,4530176,280334336,92569600,4718592,2883584,301928448,8843264,44265472,1975248.6265920051,0,739446.6678266922,64837.05653060012,0,0,0,1655907.3909171862,11,8,8,4,7,15,6,6,3,11,1,3,6,31,16,8.533,4.067,23.133,2.6,2.533,2.533,21.2,0.013991935483870966,0.003102857142857143,0.0316860465116279,0.027551020408163266,0.002193548387096774,0.00305,0.006034303534303534,0.023088709677419352,0.004785142857142857,0.08172413793103449,0.04551020408163265,0.004438709677419355,0.00469,0.009364864864864866
1705783617,1.4021092600981726,3.058490974885691,0.16417212349751803,0.21781468492909106,4.89712431296779,1.6768695684263135,0.4438119888637532,0.06543549453361483,0.7499713092858943,0.8659837534344752,0.00013036556712784983,0.28617806197737256,0.40716966428089735,0.7653269173540672,1.3280979519145122,208650240,77979648,5976064,425590784,109178880,335134720,39137280,4530176,280334336,92569600,4718592,2883584,301928448,8843264,44265472,2130143.665084834,0,739446.6678266922,64837.05653060012,0,0,0,1655907.3909171862,11,8,8,4,7,15,6,6,3,11,1,3,6,31,16,8.533,4.067,23.133,2.6,2.533,2.533,21.2,0.013991935483870966,0.003102857142857143,0.0316860465116279,0.027551020408163266,0.002193548387096774,0.00305,0.006034303534303534,0.023088709677419352,0.004785142857142857,0.08172413793103449,0.04551020408163265,0.004438709677419355,0.00469,0.009364864864864866
1705783618,1.7049170657228168,3.058490974885691,0.16084605187628895,0.21781468492909106,4.89712431296779,1.7829995242626024,0.35537434805467816,0.06388537710523359,0.7499713092858943,0.8659837534344752,0.00013329287739192409,0.28617806197737256,0.40716966428089735,0.7485592439462266,1.3280979519145122,208691200,77979648,5976064,425590784,109178880,335134720,39137280,4530176,280334336,92569600,4718592,2883584,301928448,8843264,44265472,2130143.665084834,0,770955.7097791799,64837.05653060012,0,0,0,1655907.3909171862,12,8,8,4,7,15,6,6,3,11,1,3,6,31,16,8.533,4.067,23.133,2.6,2.533,2.533,21.2,0.013991935483870966,0.003102857142857143,0.0316860465116279,0.027551020408163266,0.002193548387096774,0.00305,0.006034303534303534,0.023088709677419352,0.004785142857142857,0.08172413793103449,0.04551020408163265,0.004438709677419355,0.00469,0.009364864864864866
1705783619,1.7049170657228168,3.058490974885691,0.1575199802550598,0.21781468492909106,4.89712431296779,1.7829995242626024,0.297369999999999,0.062335259676852335,0.7499713092858943,0.8659837534344754,0.00013622018765599837,0.28617806197737256,0.40716966428089735,0.7317915705383861,1.3694316675762055,208691200,77979648,5976064,425590784,109178880,335134720,39137280,4530176,280334336,92569600,4718592,2883584,301928448,8843264,44265472,2130143.665084834,0,645120,64837.05653060012,0,0,0,1852093.240820145,12,8,8,4,7,15,6,6,3,11,1,3,6,31,16,8.533,4.067,23.133,2.6,2.533,2.533,21.2,0.013991935483870966,0.003102857142857143,0.0316860465116279,0.027551020408163266,0.002193548387096774,0.00305,0.006034303534303534,0.023088709677419352,0.004785142857142857,0.08172413793103449,0.04551020408163265,0.004438709677419355,0.00469,0.009364864864864866
1705783620,1.7598543246055502,3.058490974885691,0.18406972521486478,0.21781468492909106,4.271743802906926,1.7829995242626024,0.297369999999999,0.09455865480467236,0.7499713092858943,0.8659837534344754,0.00013914749792007263,0.28617806197737256,0.40716966428089735,0.7150238971305455,1.3694316675762055,208691200,77979648,5988352,425590784,109178880,335134720,39137280,4530176,280334336,92569600,4718592,2883584,301928448,8843264,44265472,2130143.665084834,0,645120,64837.05653060012,0,0,0,1852093.240820145,12,8,8,4,7,15,6,6,3,11,1,3,6,31,16,8.533,4.067,23.133,2.6,2.533,2.533,21.2,0.013991935483870966,0.003102857142857143,0.0316860465116279,0.027551020408163266,0.002193548387096774,0.00305,0.006034303534303534,0.023088709677419352,0.004785142857142857,0.08172413793103449,0.04551020408163265,0.004438709677419355,0.00469,0.009364864864864866
1705783621,1.7598543246055502,3.058490974885691,0.18406972521486478,0.21781468492909106,5.183080533959193,1.7829995242626024,0.297369999999999,0.09455865480467236,0.7499713092858943,0.8784155597722948,0.00014207480818414692,0.24684209241952168,0.40716966428089735,0.6982562237227049,1.3694316675762055,208691200,77979648,5988352,425590784,109178880,335134720,39137280,4530176,280334336,92569600,4718592,2883584,301928448,8843264,44265472,2130143.665084834,0,645120,64837.05653060012,0,0,0,1852093.240820145,12,8,8,4,7,15,6,6,3,11,1,3,6,31,16,8.533,3.8,23.133,2.6,2.533,2.533,21.2,0.013991935483870966,0.0031071428571428574,0.0316860465116279,0.027551020408163266,0.002193548387096774,0.00305,0.006034303534303534,0.023088709677419352,0.004792857142857143,0.08172413793103449,0.04551020408163265,0.004438709677419355,0.00469,0.009364864864864866
1705783622,1.7598543246055502,3.058490974885691,0.18406972521486478,0.21781468492909106,5.183080533959193,1.7829995242626024,0.297369999999999,0.09455865480467236,0.7499713092858943,0.8784155597722948,0.0001450021184482212,0.24207245805323213,0.40716966428089735,0.6814885503148644,1.3694316675762055,208691200,77979648,5988352,425590784,109178880,335134720,39137280,4530176,280334336,92569600,4718592,2883584,301928448,8843264,44265472,2130143.665084834,0,645120,64837.05653060012,0,0,0,1852093.240820145,12,8,8,4,7,15,6,6,3,11,1,3,6,31,16,8.533,3.8,23.133,2.6,2.533,2.533,20.267,0.013991935483870966,0.0031071428571428574,0.0316860465116279,0.027551020408163266,0.002193548387096774,0.00305,0.006048228346456693,0.023088709677419352,0.004792857142857143,0.08172413793103449,0.04551020408163265,0.004438709677419355,0.00469,0.009359251968503937
1705783623,1.7598543246055502,3.058490974885691,0.18406972521486478,0.21781468492909106,5.183080533959193,1.7829995242626024,0.3514731443092473,0.09455865480467236,0.8411935770782863,0.8784155597722948,0.00017563861584445655,0.23730282368694255,0.40716966428089735,1.1334862943456632,1.3694316675762055,208691200,77979648,5988352,425590784,109178880,335134720,39137280,4530176,280334336,92569600,4718592,2883584,301928448,8867840,44265472,2130143.665084834,0,762492.3659305994,42504.465882450575,0,0,0,1852093.240820145,12,8,8,4,7,15,6,6,3,11,1,3,6,31,16,8.533,3.8,23.133,2.6,2.133,2.533,20.267,0.013991935483870966,0.0031071428571428574,0.0316860465116279,0.027551020408163266,0.001983606557377049,0.00305,0.006048228346456693,0.023088709677419352,0.004792857142857143,0.08172413793103449,0.04551020408163265,0.00439672131147541,0.00469,0.009359251968503937
1705783624,1.7598543246055502,3.058490974885691,0.18406972521486478,0.21781468492909106,5.183080533959193,1.7829995242626024,0.34402809899353953,0.09455865480467236,1.0090589406858899,0.8784155597722948,0.00017563861584445655,0.23253318932065303,0.4742434289848183,1.1334862943456632,1.3694316675762055,208691200,77979648,5988352,425590784,109178880,335134720,39137280,4530176,280334336,92569600,4718592,2883584,301928448,8867840,44265472,2130143.665084834,0,746340.9463722399,50986.49405613991,0,0,0,1852093.240820145,12,8,8,4,7,15,6,6,3,11,1,3,6,31,16,8.533,3.8,23.133,2.6,2.133,2.133,20.267,0.013991935483870966,0.0031071428571428574,0.0316860465116279,0.027551020408163266,0.001983606557377049,0.0030444444444444442,0.006048228346456693,0.023088709677419352,0.004792857142857143,0.08172413793103449,0.04551020408163265,0.00439672131147541,0.00468,0.009359251968503937
1705783625,1.7598543246055502,3.0306159389060285,0.18406972521486478,0.21781468492909106,5.183080533959193,1.7829995242626024,0.33658305367783176,0.09455865480467236,1.0090589406858899,0.8784155597722948,0.00017563861584445655,0.2277635549543635,0.4742434289848183,1.1334862943456632,1.3694316675762055,208691200,78012416,5988352,425590784,109178880,335134720,39137280,4530176,280334336,92569600,4718592,2883584,301928448,8867840,44265472,2061804.2027961179,0,730189.5268138801,50986.49405613991,0,0,0,1852093.240820145,12,8,8,4,7,15,6,6,3,11,1,3,6,31,16,8.333,3.8,23.133,2.4,1.933,1.933,19.667,0.01394422310756972,0.0031071428571428574,0.0316860465116279,0.0293859649122807,0.002074626865671641,0.003063157894736842,0.0060967432950191575,0.02307569721115538,0.004792857142857143,0.08172413793103449,0.045877192982456134,0.004414925373134329,0.004713684210526315,0.009387931034482759
1705783626,1.7598543246055502,3.0306159389060285,0.18406972521486478,0.21435657731565444,5.183080533959193,1.7829995242626024,0.4537911389811067,0.09455865480467236,1.0090589406858899,0.8784155597722948,0.00017563861584445655,0.22299392058807394,0.4742434289848183,1.226704008638157,1.3694316675762055,208691200,78012416,5988352,425590784,109178880,335134720,39165952,4530176,280334336,92569600,4718592,2883584,301928448,8867840,44265472,2061804.2027961179,0,839378.6630599614,50986.49405613991,0,0,0,1852093.240820145,12,8,8,4,7,15,6,6,3,11,1,3,6,31,16,8.333,3.8,23.133,2.4,1.933,1.933,19.667,0.01394422310756972,0.0031071428571428574,0.0316860465116279,0.0293859649122807,0.002074626865671641,0.003063157894736842,0.0060967432950191575,0.02307569721115538,0.004792857142857143,0.08172413793103449,0.045877192982456134,0.004414925373134329,0.004713684210526315,0.009387931034482759
1705783627,1.7598543246055502,2.6431309522124447,0.18406972521486478,0.21435657731565444,5.127257064817714,1.7829995242626024,0.4537911389811067,0.1042280856918243,1.0090589406858899,0.8784155597722948,0.00017563861584445655,0.21822428622178444,0.4742434289848183,1.226704008638157,1.3694316675762055,208691200,78012416,5988352,425590784,98643968,335134720,39165952,4530176,280334336,92569600,4718592,2883584,301928448,8867840,44265472,1900321.298387007,0,839378.6630599614,50986.49405613991,0,0,0,1852093.240820145,12,8,8,4,7,15,6,6,3,11,1,3,6,31,16,8.333,3.8,23.133,2.4,1.933,1.933,19.667,0.01394422310756972,0.0031071428571428574,0.0316860465116279,0.0293859649122807,0.002074626865671641,0.003063157894736842,0.0060967432950191575,0.02307569721115538,0.004792857142857143,0.08172413793103449,0.045877192982456134,0.004414925373134329,0.004713684210526315,0.009387931034482759
1705783628,1.7598543246055502,2.696967291174045,0.18406972521486478,0.21435657731565444,5.127257064817714,1.5078430754572327,0.4537911389811067,0.1042280856918243,1.0090589406858899,0.8784155597722948,0.00017563861584445655,0.22126064788307948,0.4742434289848183,1.226704008638157,1.3694316675762055,208691200,78012416,5988352,425590784,98643968,335134720,39165952,4530176,280334336,92569600,4718592,2883584,301928448,8867840,44265472,1939027.7958726033,0,839378.6630599614,50986.49405613991,0,0,0,1852093.240820145,12,8,8,4,7,15,6,6,3,11,1,3,6,31,16,7,4.533,24.133,1.867,1.933,1.933,17.6,0.01391434262948207,0.003045454545454546,0.0321969696969697,0.03106060606060606,0.002074626865671641,0.003063157894736842,0.006154562383612664,0.023165338645418327,0.004681818181818183,0.08277227722772278,0.04621212121212121,0.004414925373134329,0.004713684210526315,0.009417132216014899
1705783629,1.7598543246055502,2.750803630135646,0.18406972521486478,0.23339653468342023,5.127257064817714,1.4781264167195227,0.4537911389811067,0.1042280856918243,1.0090589406858899,0.8784155597722948,0.00017563861584445655,0.21633849429963317,0.4742434289848183,1.226704008638157,1.3694316675762055,208691200,78012416,5988352,425594880,98643968,335134720,39165952,4530176,280334336,92569600,4718592,2883584,301928448,8867840,44265472,1977734.2933581998,0,839378.6630599614,50986.49405613991,0,0,0,1852093.240820145,12,8,8,4,7,15,6,6,3,11,1,3,6,31,16,7,4.533,25.6,1.867,1.933,1.933,17.6,0.01391434262948207,0.003045454545454546,0.03241459627329193,0.03106060606060606,0.002074626865671641,0.003063157894736842,0.006154562383612664,0.023165338645418327,0.004681818181818183,0.08316558441558443,0.04621212121212121,0.004414925373134329,0.004713684210526315,0.009417132216014899
1705783630,1.7598543246055502,3.2301803376960625,0.1829509400319886,0.23339653468342023,5.127257064817714,1.1510962346903835,0.4537911389811067,0.1042280856918243,1.0090589406858899,0.8784155597722948,0.00017563861584445655,0.2114163407161868,0.4742434289848183,1.226704008638157,1.3694316675762055,208691200,78012416,5988352,425594880,98643968,335134720,39165952,4530176,280334336,92569600,4718592,2883584,301928448,8867840,44265472,2322389.849135778,0,839378.6630599614,50986.49405613991,0,0,0,1852093.240820145,12,8,8,4,7,15,6,6,3,11,1,3,6,31,16,7,4.533,25.6,1.867,1.933,1.933,17.6,0.01391434262948207,0.003045454545454546,0.03241459627329193,0.03106060606060606,0.002074626865671641,0.003063157894736842,0.006154562383612664,0.023165338645418327,0.004681818181818183,0.08316558441558443,0.04621212121212121,0.004414925373134329,0.004713684210526315,0.009417132216014899
1705783631,1.8625431641758072,3.2301803376960625,0.1829509400319886,0.23339653468342023,5.127257064817714,1.2819734007865244,0.4537911389811067,0.09922438637550554,0.8439516715161611,0.8452866898103912,0.0001467907050195706,0.20649418713274045,0.47011911933309003,1.226704008638157,1.3694316675762055,208691200,78012416,5988352,425594880,98643968,335134720,39165952,4530176,280334336,92569600,4718592,2883584,301924352,8867840,44265472,2322389.849135778,0,839378.6630599614,42643.828966204026,0,0,0,1852093.240820145,12,8,8,4,7,14,6,6,3,11,1,3,6,31,16,7,4.533,25.6,1.867,1.933,1.933,17.6,0.01391434262948207,0.003045454545454546,0.03241459627329193,0.03106060606060606,0.002074626865671641,0.003063157894736842,0.006154562383612664,0.023165338645418327,0.004681818181818183,0.08316558441558443,0.04621212121212121,0.004414925373134329,0.004713684210526315,0.009417132216014899
1705783632,1.8625431641758072,3.2301803376960625,0.1829509400319886,0.23339653468342023,5.127257064817714,1.2819734007865244,0.4537911389811067,0.09922438637550554,0.8271340225047297,0.8452866898103912,0.00014386339475549635,0.20157203354929415,0.47011911933309003,1.226704008638157,1.3694316675762055,208691200,78012416,5988352,425594880,98643968,335134720,39165952,4530176,280334336,92569600,4718592,2883584,301924352,8867840,44265472,2322389.849135778,0,839378.6630599614,41794.05406526836,0,0,0,1852093.240820145,12,8,8,4,7,14,6,6,3,11,1,3,6,31,16,7,4.533,25.6,1.867,1.933,1.933,17.6,0.01391434262948207,0.003045454545454546,0.03241459627329193,0.03106060606060606,0.002074626865671641,0.003063157894736842,0.006154562383612664,0.023165338645418327,0.004681818181818183,0.08316558441558443,0.04621212121212121,0.004414925373134329,0.004713684210526315,0.009417132216014899
1705783633,1.8625431641758068,3.2301803376960625,0.1829509400319886,0.23339653468342023,5.127257064817714,1.2819734007865244,0.4537911389811067,0.09922438637550554,0.7978801467590835,0.8452866898103912,0.00014093608449142206,0.19664987996584785,0.47011911933309003,1.226704008638157,1.3694316675762055,208691200,78012416,5988352,425594880,98643968,335134720,39165952,4530176,280330240,92569600,4718592,2883584,301924352,8867840,44265472,2322389.849135778,0,839378.6630599614,55659.73637722517,0,0,0,1852093.240820145,12,8,8,4,7,14,6,6,3,11,1,3,6,31,16,7,4.533,25.6,1.867,1.933,1.933,17.6,0.01391434262948207,0.003045454545454546,0.03241459627329193,0.03106060606060606,0.002074626865671641,0.003063157894736842,0.006154562383612664,0.023165338645418327,0.004681818181818183,0.08316558441558443,0.04621212121212121,0.004414925373134329,0.004713684210526315,0.009417132216014899
1705783634,1.7873636922131904,3.2301803376960625,0.1829509400319886,0.23339653468342023,5.127257064817714,1.2819734007865244,0.4537911389811067,0.09922438637550554,0.7978801467590835,0.8452866898103912,0.00013800877422734777,0.19172772638240146,0.47011911933309003,1.226704008638157,1.3694316675762055,208711680,78012416,5988352,425594880,98643968,335134720,39165952,4530176,280330240,92569600,4718592,2883584,301924352,8867840,44265472,2322389.849135778,0,839378.6630599614,55659.73637722517,0,0,0,1852093.240820145,12,8,8,4,7,14,6,6,3,11,1,3,6,31,16,7,4.533,25.6,1.867,1.933,1.933,17.6,0.01391434262948207,0.003045454545454546,0.03241459627329193,0.03106060606060606,0.002074626865671641,0.003063157894736842,0.006154562383612664,0.023165338645418327,0.004681818181818183,0.08316558441558443,0.04621212121212121,0.004414925373134329,0.004713684210526315,0.009417132216014899
1705783635,1.7873636922131904,3.2301803376960625,0.1829509400319886,0.23339653468342023,5.127257064817714,1.2819734007865244,0.4537911389811067,0.09922438637550554,0.7978801467590835,0.8452866898103912,0.00013508146396327348,0.18680557279895516,0.47011911933309003,1.226704008638157,1.3694316675762055,208711680,78012416,5988352,425594880,98643968,335134720,39165952,4530176,280330240,92569600,4718592,2883584,301924352,8867840,44265472,2322389.849135778,0,839378.6630599614,55659.73637722517,0,0,0,1852093.240820145,12,8,8,4,7,14,6,6,3,11,1,3,6,31,16,7,4.533,25.6,1.867,1.933,1.933,17.6,0.01391434262948207,0.003045454545454546,0.03241459627329193,0.03106060606060606,0.002074626865671641,0.003063157894736842,0.006154562383612664,0.023165338645418327,0.004681818181818183,0.08316558441558443,0.04621212121212121,0.004414925373134329,0.004713684210526315,0.009417132216014899
1705783636,1.7873636922131904,3.2655310072209858,0.1829509400319886,0.23339653468342023,5.127257064817714,1.2819734007865244,0.4537911389811067,0.09922438637550554,0.7978801467590835,0.8452866898103912,0.00013215415369919922,0.2898561203094511,0.47011911933309003,1.2049273399656435,1.4031668512737945,208711680,78036992,5988352,425594880,98643968,335134720,39165952,4530176,280330240,92569600,4718592,2875392,301924352,8855552,44265472,2156169.1552024423,0,839378.6630599614,55659.73637722517,0,0,0,1278582.2172993654,12,8,8,4,7,14,6,6,3,11,1,3,6,31,16,7,4.267,25.6,1.867,1.933,1.933,17.6,0.01391434262948207,0.0030327868852459017,0.03241459627329193,0.03106060606060606,0.002074626865671641,0.003063157894736842,0.006154562383612664,0.023165338645418327,0.004659016393442622,0.08316558441558443,0.04621212121212121,0.004414925373134329,0.004713684210526315,0.009417132216014899
1705783637,1.7873636922131904,3.2655310072209858,0.17964389443111473,0.23339653468342023,5.127257064817714,1.2819734007865244,0.4469516771548987,0.09922438637550554,0.7978801467590835,0.8452866898103912,0.00012922684343512494,0.2898561203094511,0.47011911933309003,1.2049273399656435,1.1081510207934793,208711680,78036992,5976064,425594880,98643968,335134720,39165952,4530176,280330240,92569600,4718592,2875392,301924352,8855552,44265472,2156169.1552024423,0,567542.289706137,55659.73637722517,0,0,0,1009760.306112174,12,8,8,4,7,14,6,6,3,11,1,3,6,31,16,7,4.267,25.6,1.867,1.933,1.933,16.867,0.01391434262948207,0.0030327868852459017,0.03241459627329193,0.03106060606060606,0.002074626865671641,0.003063157894736842,0.006159217877094972,0.023165338645418327,0.004659016393442622,0.08316558441558443,0.04621212121212121,0.004414925373134329,0.004713684210526315,0.009403165735567971
1705783638,1.7873636922131904,3.2655310072209858,0.17964389443111473,0.23339653468342023,5.127257064817714,1.2819734007865244,0.4469516771548987,0.09922438637550554,0.7978801467590835,0.8452866898103912,0.00012629953317105065,0.2898561203094511,0.47011911933309003,1.2049273399656435,1.0847649066055824,208711680,78036992,5976064,425594880,98643968,335134720,39165952,4530176,280330240,92569600,4718592,2875392,301924352,8855552,44265472,2156169.1552024423,0,567542.289706137,55659.73637722517,0,0,0,988450.6024905177,12,8,8,4,7,14,6,6,3,11,1,3,6,31,16,7,4.267,25.6,1.867,2,1.933,16.867,0.01391434262948207,0.0030327868852459017,0.03241459627329193,0.03106060606060606,0.0021044776119402983,0.003063157894736842,0.006159217877094972,0.023165338645418327,0.004659016393442622,0.08316558441558443,0.04621212121212121,0.00442089552238806,0.004713684210526315,0.009403165735567971
1705783639,1.7873636922131904,3.2655310072209858,0.17964389443111473,0.23339653468342023,5.127257064817714,1.2819734007865244,0.4469516771548987,0.09160354038752903,0.7978801467590835,0.8645605203204272,0.0001233722229069764,0.2898561203094511,0.387137502920134,1.2271041615366103,1.337138860863989,208711680,78036992,5976064,425594880,98643968,335134720,39165952,4530176,280330240,92565504,4718592,2875392,301924352,8855552,44355584,2156169.1552024423,0,567542.289706137,55659.73637722517,0,0,0,1249124.0942859761,12,8,8,4,7,14,6,6,3,11,1,3,6,31,16,7,4.267,25.6,1.867,2,2,16.867,0.01391434262948207,0.0030327868852459017,0.03241459627329193,0.03106060606060606,0.0021044776119402983,0.003063157894736842,0.006159217877094972,0.023165338645418327,0.004659016393442622,0.08316558441558443,0.04621212121212121,0.00442089552238806,0.004713684210526315,0.009403165735567971
1705783640,1.7873636922131904,3.2655310072209858,0.17964389443111473,0.17058916832156185,4.047241564299796,1.222052907136993,0.4469516771548987,0.09160354038752903,0.7978801467590835,0.8645605203204272,0.00012044491264290213,0.28462554742739776,0.3950876729136681,1.2271041615366105,1.337138860863989,208711680,78036992,5976064,425594880,98643968,335134720,39165952,4530176,280330240,92565504,4718592,2875392,301924352,8855552,44355584,2156169.1552024423,0,567542.289706137,55659.73637722517,0,0,0,1249124.0942859761,12,8,8,4,7,14,6,6,3,11,1,3,6,31,16,7,4.267,25.6,1.867,2,2,16.867,0.01397410358565737,0.0030327868852459017,0.03241459627329193,0.030555555555555555,0.0020769230769230765,0.003064516129032258,0.006138475836431226,0.023177290836653385,0.004659016393442622,0.08316558441558443,0.04611111111111112,0.004415384615384614,0.004716129032258065,0.009354089219330855
1705783641,1.6453566143829474,3.2655310072209858,0.17964389443111473,0.1750296287510999,4.13158062091945,1.222052907136993,0.4469516771548987,0.09160354038752903,0.7978801467590835,0.8645605203204272,0,0.28462554742739776,0.4770101996120389,1.2271041615366105,1.337138860863989,208711680,78036992,5976064,425594880,98643968,335134720,39165952,4530176,280330240,92565504,4718592,2875392,301924352,8855552,44355584,2156169.1552024423,0,567542.289706137,55659.73637722517,0,0,0,1249124.0942859761,12,8,8,4,7,14,6,6,3,11,1,3,6,31,16,7,4.267,25.6,1.867,2,2,16.867,0.01397410358565737,0.0030327868852459017,0.03241459627329193,0.030555555555555555,0.0020769230769230765,0.003064516129032258,0.006138475836431226,0.023177290836653385,0.004659016393442622,0.08316558441558443,0.04611111111111112,0.004415384615384614,0.004716129032258065,0.009354089219330855
1705783642,1.6453566143829474,3.2655310072209858,0.17144362202171884,0.17947008918063787,3.507197499999997,1.222052907136993,0.4469516771548987,0.09160354038752903,0.4574271032504935,0.8645605203204272,0,0.28462554742739776,0.4770101996120389,1.2271041615366105,1.337138860863989,208711680,78036992,5976064,425594880,98643968,335134720,39165952,4530176,280330240,92565504,4718592,2875392,301924352,8855552,44355584,2156169.1552024423,0,567542.289706137,36711.2810707457,0,0,0,1249124.0942859761,12,8,8,4,7,14,6,6,3,11,1,3,6,31,16,7,4.267,25.6,1.867,2,2,16.867,0.01397410358565737,0.0030327868852459017,0.03241459627329193,0.030555555555555555,0.0020769230769230765,0.003064516129032258,0.006138475836431226,0.023177290836653385,0.004659016393442622,0.08316558441558443,0.04611111111111112,0.004415384615384614,0.004716129032258065,0.009354089219330855
1705783643,1.6453566143829474,3.2655310072209858,0.17144362202171884,0.18391054961017594,3.507197499999997,1.222052907136993,0.4597897503285136,0.09160354038752903,0.4574271032504935,0.8645605203204272,0,0.28462554742739776,0.7555477416574187,1.2271041615366105,1.337138860863989,208711680,78036992,5976064,425594880,98643968,335134720,39178240,4530176,280330240,92565504,4718592,2875392,301813760,8855552,44355584,2156169.1552024423,0,594473.100986526,36711.2810707457,0,0,0,1249124.0942859761,12,8,8,4,7,14,6,6,3,11,1,3,6,31,16,8.267,3.733,24.6,1.933,2,2,17.867,0.014442060085836908,0.0030432432432432434,0.031583072100313477,0.030952380952380953,0.0020769230769230765,0.003064516129032258,0.006150943396226415,0.02371244635193133,0.004677837837837838,0.08267558528428091,0.04619047619047619,0.004415384615384614,0.004716129032258065,0.009358490566037735
1705783644,1.6453566143829474,3.2655310072209858,0.17144362202171884,0.18835101003971394,4.182943106400819,1.1272457027300302,0.4597897503285136,0.09160354038752903,0.4574271032504935,0.8645605203204272,0,0.28462554742739776,0.7555477416574187,1.2271041615366105,1.337138860863989,208711680,78036992,5976064,425594880,98643968,335142912,39178240,4530176,280330240,92565504,4718592,2875392,301813760,8855552,44355584,2156169.1552024423,0,594473.100986526,36711.281070745696,0,0,0,1249124.0942859761,12,8,8,4,7,15,6,6,3,11,1,3,6,31,16,8.267,3.733,22.533,1.933,2,2,17.867,0.014442060085836908,0.0030432432432432434,0.030914826498422712,0.030952380952380953,0.0020769230769230765,0.003064516129032258,0.006150943396226415,0.02371244635193133,0.004677837837837838,0.08236486486486486,0.04619047619047619,0.004415384615384614,0.004716129032258065,0.009358490566037735
1705783645,1.6453566143829474,2.438782024843219,0.17144362202171884,0.19279147046925196,4.098604049781165,1.1272457027300302,0.4597897503285136,0.09160354038752905,0.4574271032504935,0.8824667729931037,0,0.28462554742739776,0.7555477416574187,1.2271041615366105,1.337138860863989,208711680,78036992,5976064,425594880,98643968,335142912,39178240,4530176,280330240,92565504,4718592,2875392,301813760,8855552,44355584,1917322.6821032325,0,594473.100986526,36711.281070745696,0,0,0,1249124.0942859761,12,8,8,4,7,15,6,6,3,11,1,3,6,31,16,8.267,3.733,22.533,1.933,2,2,17.867,0.014442060085836908,0.0030432432432432434,0.030914826498422712,0.030952380952380953,0.0020769230769230765,0.003064516129032258,0.006150943396226415,0.02371244635193133,0.004677837837837838,0.08236486486486486,0.04619047619047619,0.004415384615384614,0.004716129032258065,0.009358490566037735
1705783646,1.588580729445517,2.489570937851741,0.17144362202171884,0.19723193089878996,4.833661889631031,1.1272457027300302,0.4597897503285136,0.09160354038752905,0.4574271032504935,0.8824667729931037,0,0.28462554742739776,0.7555477416574187,1.2271041615366105,1.337138860863989,208723968,78036992,5976064,425594880,98816000,335142912,39178240,4530176,280330240,92565504,4718592,2875392,301813760,8855552,44355584,1957251.9311786462,0,594473.100986526,36711.281070745696,0,0,0,1249124.0942859761,12,8,8,4,7,15,6,6,3,11,1,3,6,31,16,8.267,3.733,22.533,1.933,2,2,17.867,0.014442060085836908,0.0030432432432432434,0.030914826498422712,0.030952380952380953,0.0020769230769230765,0.003064516129032258,0.006150943396226415,0.02371244635193133,0.004677837837837838,0.08236486486486486,0.04619047619047619,0.004415384615384614,0.004716129032258065,0.009358490566037735
1705783647,1.588580729445517,2.5403598508602627,0.17144362202171884,0.20167239132832795,4.833661889631031,1.1272457027300302,0.4597897503285136,0.09160354038752905,0.42347425701130703,0.8824667729931037,0,0.28462554742739776,0.7555477416574187,1.2271041615366105,1.337138860863989,208723968,78036992,5976064,425594880,98816000,335142912,39178240,4530176,280330240,92565504,4718592,2875392,301813760,8855552,44355584,1997181.18025406,0,594473.100986526,25717.873587275004,0,0,0,1249124.0942859761,12,8,8,4,7,15,6,6,3,11,1,3,6,31,16,8.267,3.733,22.533,1.933,2,2,17.867,0.014442060085836908,0.0030432432432432434,0.030914826498422712,0.030952380952380953,0.0020769230769230765,0.003064516129032258,0.006150943396226415,0.02371244635193133,0.004677837837837838,0.08236486486486486,0.04619047619047619,0.004415384615384614,0.004716129032258065,0.009358490566037735
1705783648,1.588580729445517,2.246088888888885,0.17144362202171884,0.20611285175786598,4.833661889631031,1.1272457027300302,0.4597897503285136,0.09160354038752905,0.42347425701130703,0.8824667729931037,0,0.2847721309339932,0.7555477416574187,1.1926872702206592,1.337138860863989,208723968,78036992,5976064,425594880,98816000,335142912,39178240,4530176,280330240,92565504,4718592,2879488,301813760,8843264,44355584,1765831.111111111,0,594473.100986526,25717.873587275004,0,0,0,1249124.0942859761,12,8,8,4,7,15,6,6,3,11,1,3,6,31,16,8.267,3.733,22.533,1.933,2,2,17.867,0.014442060085836908,0.0030432432432432434,0.030914826498422712,0.030952380952380953,0.0020769230769230765,0.003064516129032258,0.006150943396226415,0.02371244635193133,0.004677837837837838,0.08236486486486486,0.04619047619047619,0.004415384615384614,0.004716129032258065,0.009358490566037735
1705783649,1.588580729445517,2.246088888888885,0.17144362202171884,0.1609933333333302,4.833661889631031,1.1272457027300302,0.4597897503285136,0.08902329909452084,0.42347425701130703,0.8824667729931037,0,0.2847721309339932,0.7555477416574187,1.1926872702206592,1.337138860863989,208723968,78036992,5976064,425594880,98816000,335142912,39178240,4534272,280330240,92565504,4718592,2879488,301813760,8843264,44355584,1765831.111111111,0,594473.100986526,25717.873587275004,0,0,0,1249124.0942859761,12,8,8,4,7,15,6,6,3,11,1,3,6,31,16,8.267,3.733,22.533,1.933,2,2,17.867,0.014442060085836908,0.0030432432432432434,0.030914826498422712,0.030952380952380953,0.0020769230769230765,0.003064516129032258,0.006150943396226415,0.02371244635193133,0.004677837837837838,0.08236486486486486,0.04619047619047619,0.004415384615384614,0.004716129032258065,0.009358490566037735
1705783650,1.588580729445517,2.246088888888885,0.17144362202171884,0.1609933333333302,4.833661889631031,1.1272457027300302,0.4597897503285136,0.08902329909452084,0.42347425701130703,0.8647397788902842,0,0.2847721309339932,0.7555477416574187,1.1926872702206592,1.337138860863989,208723968,78036992,5976064,425594880,98816000,335142912,39178240,4534272,280330240,92565504,4718592,2879488,301813760,8843264,44355584,1765831.111111111,0,594473.100986526,25717.873587275004,0,0,0,1249124.0942859761,12,8,8,4,7,15,6,6,3,11,1,3,6,31,16,8.267,3.733,22.533,1.933,2,2,17.867,0.014442060085836908,0.0030432432432432434,0.030914826498422712,0.030952380952380953,0.0020769230769230765,0.003064516129032258,0.006150943396226415,0.02371244635193133,0.004677837837837838,0.08236486486486486,0.04619047619047619,0.004415384615384614,0.004716129032258065,0.009358490566037735
1705783651,1.588580729445517,2.549908166505865,0.17144362202171884,0.20798672605913102,4.833661889631031,1.1272457027300302,0.4597897503285136,0.08902329909452084,0.42347425701130703,0.8647397788902842,0,0.2847721309339932,0.7555477416574187,1.1926872702206592,1.337138860863989,208723968,78036992,5976064,425594880,98816000,335142912,39178240,4534272,280330240,92565504,4718592,2879488,301813760,8843264,44355584,2004687.879080238,0,594473.100986526,25717.873587275004,0,0,0,1249124.0942859761,12,8,8,4,7,15,6,6,3,11,1,3,6,31,16,8.267,3.6,22.533,1.933,2,2,17.867,0.014442060085836908,0.0030459770114942527,0.030914826498422712,0.030952380952380953,0.0020769230769230765,0.003064516129032258,0.006150943396226415,0.02371244635193133,0.004682758620689655,0.08236486486486486,0.04619047619047619,0.004415384615384614,0.004716129032258065,0.009358490566037735
1705783652,1.588580729445517,2.499119253497343,0.17144362202171884,0.203546265629593,4.833661889631031,1.1272457027300302,0.4727846293651825,0.08902329909452084,0.42347425701130703,0.8647397788902842,0,0.2847721309339932,0.7555477416574187,1.1926872702206592,1.337138860863989,208723968,78036992,5976064,425594880,98816000,335142912,39178240,4534272,280330240,92565504,4718592,2879488,301813760,8843264,44355584,1964758.630004824,0,669993.5090224588,25717.873587275004,0,0,0,1249124.0942859761,12,8,8,4,7,15,6,6,3,11,1,3,6,31,16,8.267,3.6,22.533,1.933,2,2,18.067,0.014442060085836908,0.0030459770114942527,0.030914826498422712,0.030952380952380953,0.0020769230769230765,0.003064516129032258,0.006238447319778189,0.02371244635193133,0.004682758620689655,0.08236486486486486,0.04619047619047619,0.004415384615384614,0.004716129032258065,0.009351201478743068
1705783653,1.588580729445517,2.4483303404888206,0.16778950140119214,0.24228118621683042,4.833661889631031,1.1272457027300302,0.4727846293651825,0.05657964691003565,0.42347425701130703,0.8647397788902842,0,0.2847721309339932,0.7555477416574187,1.1926872702206592,1.337138860863989,208723968,78036992,5980160,425590784,98816000,335142912,39178240,4534272,280330240,92565504,4718592,2879488,301813760,8843264,44355584,1924829.3809294098,0,669993.5090224588,25717.873587275004,0,0,0,1249124.0942859761,12,8,8,4,7,15,6,6,3,11,1,3,6,31,16,8.267,3.6,22.533,1.933,1.867,2,18.067,0.014442060085836908,0.0030459770114942527,0.030914826498422712,0.030952380952380953,0.0020158730158730156,0.003064516129032258,0.006238447319778189,0.02371244635193133,0.004682758620689655,0.08236486486486486,0.04619047619047619,0.004403174603174602,0.004716129032258065,0.009351201478743068
1705783654,1.588580729445517,2.397541427480298,0.16778950140119214,0.24228118621683042,4.833661889631031,1.1272457027300302,0.4727846293651825,0.05795594578889811,0.42347425701130703,0.8647397788902842,0,0.2847721309339933,0.7555477416574187,1.1926872702206592,1.337138860863989,208723968,78036992,5980160,425590784,98816000,335142912,39178240,4534272,280330240,92565504,4718592,2879488,301813760,8843264,44355584,1884900.1318539954,0,669993.5090224588,25717.873587275004,0,0,0,1249124.0942859761,12,8,8,4,7,15,6,6,3,11,1,3,6,31,16,8.267,3.6,22.533,1.933,1.867,1.867,18.067,0.014442060085836908,0.0030459770114942527,0.030914826498422712,0.030952380952380953,0.0020158730158730156,0.003063157894736842,0.006238447319778189,0.02371244635193133,0.004682758620689655,0.08236486486486486,0.04619047619047619,0.004403174603174602,0.004713684210526315,0.009351201478743068
1705783655,1.588580729445517,2.3467525144717762,0.16778950140119214,0.24228118621683042,4.833661889631031,1.0019901124161135,0.4727846293651825,0.05933224466776057,0.42347425701130703,0.8647397788902842,0,0.28493996157540935,0.7555477416574187,1.1926872702206592,1.2819200000000077,208723968,78036992,5980160,425590784,98816000,335142912,39178240,4534272,280330240,92565504,4718592,2879488,301813760,8843264,44355584,1844970.8827785817,0,669993.5090224588,25717.873587275004,0,0,0,1224488.4210526315,12,8,8,4,7,15,6,6,3,11,1,3,6,31,16,8.133,3.6,22.533,1.8,1.733,1.733,17.667,0.014558189655172417,0.0030459770114942527,0.030914826498422712,0.030043859649122807,0.001931034482758621,0.0030666666666666668,0.006231273408239701,0.02373922413793103,0.004682758620689655,0.08236486486486486,0.04600877192982456,0.0043862068965517245,0.00472,0.009328651685393258
1705783656,1.588580729445517,3.0888789493719107,0.16778950140119214,0.24228118621683042,4.833661889631031,1.0019901124161135,0.4727846293651825,0.060708543546623014,0.42347425701130703,0.8647397788902842,0.00017653167185877104,0.28493996157540935,0.7555477416574187,0.7283066190875972,1.3101560228704372,208723968,78082048,5980160,425590784,98816000,335142912,39178240,4534272,280330240,92565504,4718592,2879488,301813760,8843264,44437504,2175074.2291587363,0,669993.5090224588,25717.873587275004,0,0,0,1766372.7105339665,12,8,8,4,7,15,6,6,3,11,1,3,6,31,16,8.133,3.6,22.533,1.8,1.733,1.733,17.667,0.014558189655172417,0.0030459770114942527,0.030914826498422712,0.030043859649122807,0.001931034482758621,0.0030666666666666668,0.006231273408239701,0.02373922413793103,0.004682758620689655,0.08236486486486486,0.04600877192982456,0.0043862068965517245,0.00472,0.009328651685393258
1705783657,1.588580729445517,3.0888789493719107,0.16778950140119214,0.24228118621683042,4.833661889631031,1.0019901124161135,0.4727846293651825,0.06208484242548548,0.42347425701130703,0.8647397788902842,0.00017653167185877104,0.28493996157540935,0.7555477416574187,0.7467004067032227,1.3101560228704372,208723968,78082048,5980160,425590784,98816000,335142912,39178240,4534272,280330240,92565504,4718592,2879488,301813760,8843264,44437504,2175074.2291587363,0,669993.5090224588,25717.873587275004,0,0,0,1766372.7105339665,12,8,8,4,7,15,6,6,3,11,1,3,6,31,16,8.133,3.6,22.533,1.8,1.733,1.733,17.667,0.014558189655172417,0.0030459770114942527,0.030914826498422712,0.030043859649122807,0.001931034482758621,0.0030666666666666668,0.006231273408239701,0.02373922413793103,0.004682758620689655,0.08236486486486486,0.04600877192982456,0.0043862068965517245,0.00472,0.009328651685393258
1705783658,1.6935719604481598,3.0888789493719107,0.16778950140119214,0.24228118621683042,4.833661889631031,1.0019901124161135,0.4727846293651825,0.06346114130434793,0.42347425701130703,0.8647397788902842,0.0002427819960488371,0.28493996157540935,0.7555477416574187,0.7650941943188483,1.3101560228704372,208740352,78082048,5980160,425590784,98816000,335142912,39178240,4534272,280330240,92565504,4718592,2879488,301813760,8843264,44437504,2175074.2291587363,0,669993.5090224588,25717.873587275004,0,0,0,1766372.7105339665,12,8,8,4,7,15,6,6,3,11,1,3,6,31,16,9.8,3.933,24.067,1.933,1.733,1.733,18.667,0.01494877049180328,0.003058139534883721,0.03081039755351682,0.029716981132075472,0.001931034482758621,0.0030666666666666668,0.006148255813953488,0.023973360655737706,0.004704651162790698,0.08169611307420493,0.0459433962264151,0.0043862068965517245,0.00472,0.00930717054263566
1705783659,1.6935719604481598,3.0888789493719107,0.16778950140119214,0.24228118621683042,4.701975039001578,1.0019901124161135,0.4727846293651825,0.06483744018321039,0.42347425701130703,0.8647397788902842,0.0002427819960488371,0.28493996157540935,0.8722010261807821,0.7834879819344739,1.3101560228704372,208740352,78082048,5980160,425590784,98816000,335142912,39178240,4534272,280330240,92565504,4718592,2879488,301813760,8843264,44437504,2175074.2291587363,0,669993.5090224588,25717.873587275004,0,0,0,1766372.7105339665,12,8,8,4,7,15,6,6,3,11,1,3,6,31,16,9.8,3.933,26.8,1.933,1.733,1.733,18.667,0.01494877049180328,0.003058139534883721,0.030613772455089817,0.029716981132075472,0.001931034482758621,0.0030666666666666668,0.006148255813953488,0.023973360655737706,0.004704651162790698,0.08089887640449439,0.0459433962264151,0.0043862068965517245,0.00472,0.00930717054263566
1705783660,1.4041035425136923,3.0888789493719107,0.13558217407390868,0.24228118621683042,4.701975039001578,1.0019901124161135,0.4727846293651825,0.06621373906207285,0.40367797666755756,0.8647397788902842,0.0002427819960488371,0.2933923603278445,0.6847387383634866,0.8018817695500995,1.310156022870437,208740352,78082048,5980160,425590784,98816000,335142912,39178240,4534272,280330240,92565504,4718592,2879488,301813760,8843264,44437504,2175074.2291587363,0,669993.5090224588,36476.979250155855,0,0,0,1766372.710533966,12,8,8,4,7,15,6,6,3,11,1,3,6,31,16,9.8,3.933,26.8,1.933,1.733,1.733,18.667,0.01494877049180328,0.003058139534883721,0.030613772455089817,0.029716981132075472,0.001931034482758621,0.0030666666666666668,0.006148255813953488,0.023973360655737706,0.004704651162790698,0.08089887640449439,0.0459433962264151,0.0043862068965517245,0.00472,0.00930717054263566
1705783661,1.4324962293580434,3.0888789493719107,0.16610458337070677,0.24228118621683042,4.701975039001578,1.0683004640370775,0.4727846293651825,0.06759003794093531,0.40367797666755756,0.8647397788902842,0.0002427819960488371,0.2933923603278445,0.6847387383634866,0.6830625000000623,1.310156022870437,208740352,78082048,5980160,425590784,98816000,335134720,39178240,4534272,280330240,92565504,4718592,2879488,301813760,8843264,44437504,2175074.2291587363,0,669993.5090224588,36476.979250155855,0,0,0,1766372.710533966,12,8,8,4,7,15,6,6,3,11,1,3,6,31,16,9.8,3.933,26.8,1.933,1.733,1.733,18.667,0.01494877049180328,0.003058139534883721,0.030613772455089817,0.029716981132075472,0.001931034482758621,0.0030666666666666668,0.006148255813953488,0.023973360655737706,0.004704651162790698,0.08089887640449439,0.0459433962264151,0.0043862068965517245,0.00472,0.00930717054263566
1705783662,1.4608889162023944,3.0888789493719107,0.16610458337070677,0.24228118621683042,5.042906460627989,1.0683004640370775,0.4727846293651825,0.06896633681979777,0.40367797666755756,0.8647397788902842,0.0002427819960488371,0.2933923603278445,0.6847387383634866,0.6830625000000623,1.310156022870437,208740352,78082048,5980160,425590784,102735872,335134720,39178240,4534272,280330240,92565504,4718592,2879488,301813760,8843264,44437504,2175074.2291587363,0,669993.5090224588,36476.979250155855,0,0,0,1766372.710533966,12,8,8,4,7,15,6,6,3,11,1,3,6,31,16,9.8,3.933,26.8,1.933,1.733,1.733,18.667,0.01494877049180328,0.003058139534883721,0.030613772455089817,0.029716981132075472,0.001931034482758621,0.0030666666666666668,0.006148255813953488,0.023973360655737706,0.004704651162790698,0.08089887640449439,0.0459433962264151,0.0043862068965517245,0.00472,0.00930717054263566
1705783663,1.703561210661063,3.1543797432442107,0.16610458337070677,0.24228118621683042,5.042906460627989,1.0683004640370775,0.4761334678729649,0.07034263569866023,0.40367797666755756,0.8647397788902842,0.0002427819960488371,0.2933923603278445,0.6847387383634866,0.6830625000000623,1.310156022870437,208740352,78082048,5980160,425590784,102735872,335134720,39231488,4534272,280330240,92565504,4718592,2879488,301813760,8843264,44437504,1733418.4457526538,0,875647.7570077473,36476.979250155855,0,0,0,1766372.710533966,12,8,8,4,7,15,6,6,3,11,1,3,6,31,16,9.8,3.933,26.8,1.933,1.733,1.733,18.667,0.01494877049180328,0.003058139534883721,0.030613772455089817,0.029716981132075472,0.001931034482758621,0.0030666666666666668,0.006148255813953488,0.023973360655737706,0.004704651162790698,0.08089887640449439,0.0459433962264151,0.0043862068965517245,0.00472,0.00930717054263566
1705783664,1.703561210661063,3.1543797432442107,0.16610458337070677,0.24228118621683042,5.042906460627989,1.0683004640370775,0.38243979264804556,0.08380216453150788,0.40255334380655383,0.8647397788902842,0.0002427819960488371,0.2933923603278445,0.6847387383634866,0.6830625000000623,1.310156022870437,208740352,78082048,5980160,425590784,102735872,335134720,39231488,4526080,280330240,92565504,4718592,2879488,301813760,8843264,44437504,1733418.4457526538,0,783650.7835413164,57016.7240042158,0,0,0,1766372.710533966,12,8,8,4,7,15,6,6,3,11,1,3,6,31,16,9.8,3.933,26.8,1.933,1.733,1.733,18.667,0.01494877049180328,0.003058139534883721,0.030613772455089817,0.029716981132075472,0.001931034482758621,0.0030666666666666668,0.006148255813953488,0.023973360655737706,0.004704651162790698,0.08089887640449439,0.0459433962264151,0.0043862068965517245,0.00472,0.00930717054263566
1705783665,1.703561210661063,3.1543797432442107,0.16610458337070677,0.24228118621683042,5.042906460627989,1.0683004640370775,0.3905161082683683,0.08380216453150788,0.40255334380655383,0.8647397788902842,0.0002427819960488371,0.2933923603278445,0.6847387383634866,0.6830625000000623,1.310156022870437,208740352,78082048,5980160,425590784,102735872,335134720,39231488,4526080,280330240,92565504,4718592,2879488,301813760,8843264,44437504,1733418.4457526538,0,800199.8225944189,57016.7240042158,0,0,0,1766372.710533966,12,8,8,4,7,15,6,6,3,11,1,3,6,31,16,9.8,3.933,26.8,1.933,1.733,1.733,18.667,0.01494877049180328,0.003058139534883721,0.030613772455089817,0.029716981132075472,0.001931034482758621,0.0030666666666666668,0.006148255813953488,0.023973360655737706,0.004704651162790698,0.08089887640449439,0.0459433962264151,0.0043862068965517245,0.00472,0.00930717054263566
1705783666,1.703561210661063,3.1543797432442107,0.16610458337070677,0.24228118621683042,5.042906460627989,1.0683004640370775,0.4845789372193617,0.08380216453150788,0.40255334380655383,0.8647397788902842,0.0002427819960488371,0.2933923603278445,0.6847387383634866,1.0339762131123955,1.310156022870437,208740352,78082048,5980160,425590784,102735872,335134720,39231488,4526080,280330240,92565504,4718592,2879488,301813760,8855552,44437504,1733418.4457526538,0,992942.343186138,57016.7240042158,0,0,0,1766372.710533966,12,8,8,4,7,15,6,6,3,11,1,3,6,31,16,9.8,4.867,26.8,1.933,1.733,1.733,18.667,0.01494877049180328,0.00305524861878453,0.030613772455089817,0.029716981132075472,0.001931034482758621,0.0030666666666666668,0.006148255813953488,0.023973360655737706,0.004699447513812155,0.08089887640449439,0.0459433962264151,0.0043862068965517245,0.00472,0.00930717054263566
1705783667,1.703561210661063,3.2743856718634063,0.16610458337070677,0.24228118621683042,5.042906460627989,1.0683004640370775,0.4845789372193617,0.08380216453150788,0.40255334380655383,0.8647397788902842,0.0002427819960488371,0.19229345058694886,0.6847387383634866,1.0544590340178812,1.310156022870437,208740352,78114816,5980160,425590784,102735872,335134720,39231488,4526080,280330240,92565504,4718592,2879488,301813760,8855552,44437504,1702865.6273199704,0,992942.343186138,57016.7240042158,0,0,0,1766372.710533966,12,8,8,4,7,15,6,6,3,11,1,3,6,31,16,9.8,4.867,26.8,1.933,1.733,1.733,21.667,0.01494877049180328,0.00305524861878453,0.030613772455089817,0.029716981132075472,0.001931034482758621,0.0030666666666666668,0.006075581395348837,0.023973360655737706,0.004699447513812155,0.08089887640449439,0.0459433962264151,0.0043862068965517245,0.00472,0.009292635658914727
1705783668,1.703561210661063,3.2743856718634063,0.16610458337070677,0.24801665762628688,5.042906460627989,1.0683004640370775,0.4845789372193617,0.08380216453150788,0.40255334380655383,0.8800643143629607,0.0002427819960488371,0.19735194089543906,0.6847387383634866,1.228969254329134,1.310156022870437,208740352,78114816,5980160,425590784,102735872,335134720,39231488,4526080,280330240,92712960,4718592,2879488,301813760,8855552,44437504,1702865.6273199704,0,992942.343186138,57016.7240042158,0,0,0,1766372.710533966,12,8,8,4,7,15,6,6,3,11,1,3,6,31,16,9.8,4.867,26.8,1.933,2.533,1.733,21.667,0.01494877049180328,0.00305524861878453,0.030613772455089817,0.029716981132075472,0.0018474576271186442,0.0030666666666666668,0.006075581395348837,0.023973360655737706,0.004699447513812155,0.08089887640449439,0.0459433962264151,0.004369491525423729,0.00472,0.009292635658914727
1705783669,1.703561210661063,3.2743856718634063,0.16610458337070677,0.24801665762628688,5.042906460627989,1.0683004640370775,0.4845789372193617,0.08380216453150788,0.40255334380655383,0.8800643143629607,0.00018462206776715523,0.20241043120392935,0.6847387383634866,1.228969254329134,1.310156022870437,208740352,78114816,5980160,425590784,102735872,335134720,39231488,4526080,280330240,92712960,4718592,2879488,301813760,8855552,44437504,1702865.6273199704,0,992942.343186138,57016.7240042158,0,0,0,1766372.710533966,12,8,8,4,7,15,6,6,3,11,1,3,6,31,16,9.8,4.867,26.8,1.933,2.533,2.533,21.667,0.01494877049180328,0.00305524861878453,0.030613772455089817,0.029716981132075472,0.0018474576271186442,0.003070588235294118,0.006075581395348837,0.023973360655737706,0.004699447513812155,0.08089887640449439,0.0459433962264151,0.004369491525423729,0.004727058823529412,0.009292635658914727
1705783670,1.703561210661063,3.2743856718634063,0.16610458337070677,0.24801665762628688,5.042906460627989,1.0683004640370775,0.4845789372193617,0.08380216453150788,0.40255334380655383,0.8800643143629607,0.00018462206776715523,0.20746892151241964,0.6847387383634866,1.228969254329134,1.310156022870437,208740352,78114816,5980160,425590784,102735872,335134720,39231488,4526080,280330240,92712960,4718592,2879488,301813760,8855552,44437504,1702865.6273199704,0,992942.343186138,57016.7240042158,0,0,0,1766372.710533966,12,8,8,4,7,15,6,6,3,11,1,3,6,31,16,10.533,4.867,26.8,2.667,3.267,3.267,23.867,0.014586776859504132,0.00305524861878453,0.030613772455089817,0.027163461538461536,0.002,0.0030638297872340424,0.006017992424242424,0.023909090909090908,0.004699447513812155,0.08089887640449439,0.045432692307692306,0.0044,0.0047148936170212765,0.009264204545454546
1705783671,1.703561210661063,3.2743856718634063,0.17583194919394235,0.2394639059016481,5.042906460627989,1.0683004640370775,0.4845789372193617,0.08380216453150788,0.40255334380655383,0.5721496651046452,0.00018462206776715523,0.21252741182090992,0.6847387383634866,1.228969254329134,1.310156022870437,208740352,78114816,5976064,425590784,102735872,335134720,39231488,4526080,280330240,92712960,4718592,2879488,301813760,8855552,44437504,1702865.6273199704,0,992942.343186138,57016.7240042158,0,0,0,1766372.710533966,12,8,8,4,7,15,6,6,3,11,1,3,6,31,16,10.533,4.867,26.8,2.667,3.267,3.267,23.867,0.014586776859504132,0.00305524861878453,0.030613772455089817,0.027163461538461536,0.002,0.0030638297872340424,0.006017992424242424,0.023909090909090908,0.004699447513812155,0.08089887640449439,0.045432692307692306,0.0044,0.0047148936170212765,0.009264204545454546
1705783672,1.4671920926818407,3.2743856718634063,0.17583194919394235,0.2394639059016481,5.042906460627989,0.8585958891883696,0.4845789372193617,0.08380216453150788,0.40255334380655383,0.5867775983017419,0.00018462206776715523,0.21758590212940013,0.6731625211892833,1.228969254329134,1.310156022870437,208740352,78114816,5976064,425590784,102735872,335134720,39231488,4526080,280330240,92712960,4718592,2879488,301813760,8855552,44437504,1702865.6273199704,0,992942.343186138,57016.7240042158,0,0,0,1766372.710533966,12,8,8,4,7,15,6,6,3,11,1,3,6,31,16,10.533,4.867,26.8,2.667,3.267,3.267,23.867,0.014586776859504132,0.00305524861878453,0.030613772455089817,0.027163461538461536,0.002,0.0030638297872340424,0.006017992424242424,0.023909090909090908,0.004699447513812155,0.08089887640449439,0.045432692307692306,0.0044,0.0047148936170212765,0.009264204545454546
1705783673,1.4387994058374896,3.3738029509757337,0.17583194919394235,0.2394639059016481,5.042906460627989,0.8760869310305477,0.4845789372193617,0.08380216453150788,0.40255334380655383,0.6014055314988388,0.0001846220677671552,0.1852924999999983,0.6868513637382765,1.228969254329134,1.310156022870437,208740352,78114816,5976064,425590784,102735872,335134720,39231488,4526080,280330240,92712960,4718592,2879488,301813760,8855552,44437504,1676611.137553546,0,992942.343186138,57016.7240042158,0,0,0,1766372.710533966,12,8,8,4,7,15,6,6,3,11,1,3,6,31,16,7.4,4.467,25.267,3,3.267,3.267,23.267,0.014512448132780081,0.003054644808743169,0.03048961424332344,0.025471698113207545,0.002,0.0030638297872340424,0.006128318584070797,0.02409751037344398,0.004698360655737705,0.08097122302158273,0.04509433962264151,0.0044,0.0047148936170212765,0.009275221238938052
1705783674,1.4104067189931382,3.3738029509757337,0.17583194919394235,0.2394639059016481,5.0646156909597915,0.8935779728727256,0.4747847248221654,0.08380216453150788,0.3068729524718492,0.6160334646959356,0,0.1852924999999983,0.8213305529395843,1.228969254329134,1.310156022870437,208740352,78114816,5976064,425590784,102735872,335134720,39374848,4526080,280330240,92712960,4718592,2879488,301813760,8855552,44437504,1676611.137553546,0,945663.2971421441,43466.438893921746,0,0,0,1766372.710533966,12,8,8,4,7,15,6,6,3,11,1,3,6,31,16,7.4,4.467,22.8,3,3.267,3.267,23.267,0.014512448132780081,0.003054644808743169,0.030494100294985248,0.025471698113207545,0.002,0.0030638297872340424,0.006128318584070797,0.02409751037344398,0.004698360655737705,0.08130508474576272,0.04509433962264151,0.0044,0.0047148936170212765,0.009275221238938052
1705783675,1.3820140321487873,3.3738029509757337,0.17583194919394235,0.2394639059016481,5.0646156909597915,1.0494625105306756,0.4747847248221654,0.08380216453150788,0.3131103343794459,0.6306613978930323,0,0.1852924999999983,0.8213305529395843,1.228969254329134,1.023877393206283,208740352,78114816,5976064,425590784,102735872,335134720,39374848,4526080,280330240,92712960,4718592,2879488,301813760,8855552,44437504,1676611.137553546,0,945663.2971421441,44349.921056037274,0,0,0,1898820.2335577619,12,8,8,4,7,15,6,6,3,11,1,3,6,31,16,7.4,4.467,22.8,3,3.267,3.267,23.267,0.014512448132780081,0.003054644808743169,0.030494100294985248,0.025471698113207545,0.002,0.0030638297872340424,0.006128318584070797,0.02409751037344398,0.004698360655737705,0.08130508474576272,0.04509433962264151,0.0044,0.0047148936170212765,0.009275221238938052
1705783676,1.3536213453044361,3.3738029509757337,0.17583194919394235,0.2394639059016481,5.0646156909597915,1.0494625105306756,0.4747847248221654,0.08380216453150788,0.37424291445580093,0.6452893310901291,0,0.1852924999999983,0.8213305529395843,1.228969254329134,0.7877466666666659,208740352,78114816,5976064,425590784,102735872,335134720,39374848,4526080,280330240,92712960,4718592,2879488,301813760,8855552,44437504,1676611.137553546,0,945663.2971421441,53008.929726931536,0,0,0,1460906.6666666665,12,8,8,4,7,15,6,6,3,11,1,3,6,31,16,7.4,4.467,22.8,3,3.267,3.267,23.267,0.014512448132780081,0.003054644808743169,0.030494100294985248,0.025471698113207545,0.002,0.0030638297872340424,0.006128318584070797,0.02409751037344398,0.004698360655737705,0.08130508474576272,0.04509433962264151,0.0044,0.0047148936170212765,0.009275221238938052
1705783677,1.644893203232417,3.3738029509757337,0.17583194919394235,0.2394639059016481,5.0646156909597915,1.2835147074668267,0.4747847248221654,0.08380216453150788,0.37424291445580093,0.6599172642872259,0,0.1852924999999983,0.6902188190053288,1.228969254329134,0.7877466666666659,208769024,78114816,5976064,425590784,102735872,335167488,39374848,4526080,280330240,92712960,4718592,2879488,301813760,8855552,44437504,1676611.137553546,0,945663.2971421441,53008.929726931536,0,0,0,1460906.6666666665,11,8,8,4,7,15,6,6,3,11,1,3,6,31,16,7.4,4.467,22.8,3,3.267,3.267,23.267,0.014512448132780081,0.003054644808743169,0.030494100294985248,0.025471698113207545,0.002,0.0030638297872340424,0.006128318584070797,0.02409751037344398,0.004698360655737705,0.08130508474576272,0.04509433962264151,0.0044,0.0047148936170212765,0.009275221238938052
1705783678,1.6553534291656224,3.3738029509757337,0.17583194919394235,0.2394639059016481,5.0646156909597915,1.2835147074668267,0.4747847248221654,0.08380216453150788,0.37424291445580093,0.6745451974843226,0,0.2461142033301752,0.775772011551178,1.228969254329134,0.7877466666666659,208769024,78114816,5976064,425590784,102735872,335167488,39374848,4526080,280330240,92712960,4718592,2875392,301813760,8855552,44437504,1676611.137553546,0,945663.2971421441,53008.929726931536,0,24048.18246569767,0,1460906.6666666665,11,8,8,4,7,15,6,6,3,11,1,3,6,31,16,7.4,4.467,22.8,3,3.267,3.267,23.267,0.014512448132780081,0.003054644808743169,0.030494100294985248,0.025471698113207545,0.002,0.0030638297872340424,0.006128318584070797,0.02409751037344398,0.004698360655737705,0.08130508474576272,0.04509433962264151,0.0044,0.0047148936170212765,0.009275221238938052
1705783679,1.6553534291656224,3.3738029509757337,0.17583194919394235,0.2394639059016481,5.0646156909597915,1.2835147074668267,0.4747847248221654,0.08380216453150788,0.41422771250863344,0.6891731306814195,0,0.2510358147765477,0.775772011551178,1.228969254329134,1.022394131766137,208769024,78114816,5976064,425590784,102735872,335167488,39374848,4526080,280334336,92712960,4718592,2875392,301813760,8855552,44437504,1676611.137553546,0,945663.2971421441,35383.55217691776,0,24529.08039229499,0,1896069.4678382594,11,8,8,4,7,15,6,6,3,11,1,3,6,31,16,7.4,4.467,22.8,3,3.267,3.267,23.267,0.014512448132780081,0.003054644808743169,0.030494100294985248,0.025471698113207545,0.002,0.0030638297872340424,0.006128318584070797,0.02409751037344398,0.004698360655737705,0.08130508474576272,0.04509433962264151,0.0044,0.0047148936170212765,0.009275221238938052
1705783680,1.6553534291656224,3.3738029509757337,0.17760854806812384,0.2394639059016481,5.0646156909597915,1.2835147074668267,0.4747847248221654,0.08959025245013155,0.41422771250863344,0.7038010638785162,0,0.29529668678235,0.775772011551178,1.228969254329134,0.9999204735821057,208769024,78114816,5976064,425590784,102735872,335167488,39374848,4534272,280334336,92712960,4718592,2875392,301813760,8855552,44437504,1676611.137553546,0,945663.2971421441,35383.55217691776,0,28853.875595839112,0,1854391.1993609497,11,8,8,4,7,15,6,6,3,11,1,3,6,31,16,7.4,4.467,22.8,3,3.267,3.267,23.267,0.014512448132780081,0.003054644808743169,0.030494100294985248,0.025471698113207545,0.002,0.0030638297872340424,0.006128318584070797,0.02409751037344398,0.004698360655737705,0.08130508474576272,0.04509433962264151,0.0044,0.0047148936170212765,0.009275221238938052
1705783681,1.6553534291656224,3.3738029509757337,0.17760854806812384,0.2394639059016481,4.989301003838224,1.2835147074668267,0.4747847248221654,0.08959025245013155,0.41422771250863344,0.718428997075613,0,0.29529668678235,0.775772011551178,1.0469418387455678,0.9774468153980743,208769024,78114816,5976064,425590784,108736512,335167488,39374848,4534272,280334336,92712960,4718592,2875392,301813760,8855552,44437504,1676611.137553546,0,945663.2971421441,35383.55217691776,0,28853.875595839112,0,1812712.9308836397,11,8,8,4,8,15,6,6,3,11,1,3,6,31,16,7.4,3.933,22.8,3,3.267,3.267,23.267,0.014512448132780081,0.003043010752688172,0.030494100294985248,0.025471698113207545,0.002,0.0030638297872340424,0.006128318584070797,0.02409751037344398,0.00467741935483871,0.08130508474576272,0.04509433962264151,0.0044,0.0047148936170212765,0.009275221238938052
1705783682,1.6553534291656224,3.3738029509757337,0.17760854806812384,0.2394639059016481,4.989301003838224,1.2835147074668267,0.4747847248221654,0.08959025245013155,0.41422771250863344,0.7330569302727098,0,0.29529668678235,0.775772011551178,1.0264590178400823,0.954973157214043,208769024,78114816,5976064,425590784,108736512,335167488,39374848,4534272,280334336,92712960,4718592,2875392,301813760,8855552,44437504,1676611.137553546,0,945663.2971421441,35383.55217691776,0,28853.875595839112,0,1771034.6624063295,11,8,8,4,8,15,6,6,3,11,1,3,6,31,16,7.4,3.933,22.8,3,3.267,3.267,19.267,0.014512448132780081,0.003043010752688172,0.030494100294985248,0.025471698113207545,0.002,0.0030638297872340424,0.00613556338028169,0.02409751037344398,0.00467741935483871,0.08130508474576272,0.04509433962264151,0.0044,0.0047148936170212765,0.009276408450704226
1705783683,1.6553534291656224,2.847283513776515,0.17760854806812384,0.2394639059016481,4.989301003838223,1.2835147074668267,0.4747847248221654,0.08959025245013155,0.41422771250863344,0.6227550000000016,0,0.29529668678235,0.775772011551178,1.047177574255442,0.9324994990300117,208769024,78114816,5976064,425590784,108736512,335167488,39374848,4534272,280334336,92712960,4718592,2875392,301813760,8855552,44437504,1414957.3405256756,0,945663.2971421441,35383.55217691776,0,28853.875595839112,0,1729356.39392902,11,8,8,4,8,15,6,6,3,11,1,3,6,31,16,7.4,3.933,22.8,3,2.267,3.267,19.267,0.014512448132780081,0.003043010752688172,0.030494100294985248,0.025471698113207545,0.0018307692307692309,0.0030638297872340424,0.00613556338028169,0.02409751037344398,0.00467741935483871,0.08130508474576272,0.04509433962264151,0.004366153846153846,0.0047148936170212765,0.009276408450704226
1705783684,1.6553534291656224,3.13321052006045,0.17760854806812384,0.2394639059016481,4.989301003838223,1.2835147074668267,0.4747847248221654,0.08959025245013155,0.41422771250863344,0.8991692465310983,0,0.29529668678235,0.775772011551178,1.0259644033683581,0.9100258408459803,208769024,78168064,5976064,425590784,108736512,335167488,39374848,4534272,280334336,92569600,4718592,2875392,301813760,8855552,44437504,1898582.2707438408,0,945663.2971421441,35383.55217691776,0,28853.875595839112,0,1687678.12545171,11,8,8,4,8,15,6,6,3,11,1,3,6,31,16,7.4,3.933,22.8,3,2.267,2.267,19.267,0.014512448132780081,0.003043010752688172,0.030494100294985248,0.025471698113207545,0.0018307692307692309,0.0030594059405940595,0.00613556338028169,0.02409751037344398,0.00467741935483871,0.08130508474576272,0.04509433962264151,0.004366153846153846,0.0047069306930693075,0.009276408450704226
1705783685,1.6553534291656224,3.0730117912694497,0.17760854806812384,0.2426195687273521,4.989301003838223,1.2835147074668267,0.4747847248221654,0.08959025245013155,0.41422771250863344,0.8991692465310983,0,0.29529668678235,0.775772011551178,1.1609599441845484,0.887552182661949,208769024,78168064,5976064,425594880,108736512,335167488,39374848,4534272,280334336,92569600,4718592,2875392,301813760,8859648,44437504,1978123.4320120425,0,945663.2971421441,35383.55217691776,0,28853.875595839112,0,1645999.8569744003,11,8,8,4,8,15,6,6,3,11,1,3,6,31,16,6.467,3.933,22.8,2.067,1.333,1.333,16.467,0.014624999999999997,0.003043010752688172,0.030494100294985248,0.024278846153846154,0.0017333333333333335,0.003041237113402062,0.0060229357798165135,0.024125,0.00467741935483871,0.08130508474576272,0.04473404255319149,0.004346666666666668,0.004674226804123712,0.009241284403669727
1705783686,1.6553534291656224,3.0730117912694497,0.17760854806812384,0.2426195687273521,4.989301003838223,1.2835147074668267,0.46849336652696383,0.08959025245013155,0.41422771250863344,0.8991692465310983,0,0.29529668678234994,0.775772011551178,1.1609599441845484,1.2734126312224803,208769024,78168064,5976064,425594880,108736512,335167488,39374848,4534272,280334336,92569600,4718592,2875392,301813760,8859648,44511232,1978123.4320120425,0,1097154.3818737592,35383.55217691776,0,28853.875595839105,0,1612461.9031493398,11,8,8,4,8,15,6,6,3,11,1,3,6,31,16,6.467,3.933,22.8,2.067,1.333,1.333,16.467,0.014624999999999997,0.003043010752688172,0.030494100294985248,0.024278846153846154,0.0017333333333333335,0.003041237113402062,0.0060229357798165135,0.024125,0.00467741935483871,0.08130508474576272,0.04473404255319149,0.004346666666666668,0.004674226804123712,0.009241284403669727
1705783687,1.6553534291656224,3.0730117912694497,0.17760854806812384,0.2426195687273521,5.246505104902964,1.2835147074668267,0.46849336652696383,0.08959025245013155,0.41422771250863344,0.8991692465310983,0,0.29529668678234994,0.775772011551178,1.1609599441845484,1.2734126312224803,208769024,78168064,5976064,425594880,108736512,335167488,39374848,4534272,280334336,92569600,4718592,2875392,301813760,8859648,44511232,1978123.4320120425,0,1097154.3818737592,35383.55217691776,0,28853.875595839105,0,1612461.9031493398,11,8,8,4,8,15,6,6,3,11,1,3,6,31,16,6.467,3.933,22.8,2.067,1.333,1.333,16.467,0.014624999999999997,0.003043010752688172,0.030494100294985248,0.024278846153846154,0.0017333333333333335,0.003041237113402062,0.0060229357798165135,0.024125,0.00467741935483871,0.08130508474576272,0.04473404255319149,0.004346666666666668,0.004674226804123712,0.009241284403669727
1705783688,1.6553534291656224,3.0730117912694492,0.17760854806812384,0.2426195687273521,5.246505104902964,1.2835147074668267,0.46849336652696383,0.08959025245013155,0.41422771250863344,0.8991692465310983,0,0.29529668678234994,0.775772011551178,1.1609599441845484,1.2734126312224803,208769024,78168064,5976064,425594880,108736512,335167488,39374848,4534272,280334336,92569600,4718592,2875392,301813760,8859648,44511232,1978123.432012042,0,1097154.3818737592,35383.55217691776,0,28853.875595839105,0,1612461.9031493398,11,8,8,4,8,15,6,6,3,11,1,3,6,31,16,7.867,4.733,25.133,1.333,1.333,1.333,15.2,0.014462025316455698,0.003031413612565445,0.031179378531073453,0.023443396226415097,0.0017333333333333335,0.003041237113402062,0.005924855491329479,0.023753164556962025,0.004656544502617802,0.0811616161616162,0.0443452380952381,0.004346666666666668,0.004674226804123712,0.009223506743737958
1705783689,1.6553534291656224,3.0730117912694492,0.17760854806812384,0.19132983626842656,5.246505104902964,1.2835147074668267,0.46849336652696383,0.08959025245013155,0.41422771250863344,0.8991692465310983,0,0.29529668678234994,0.775772011551178,1.1609599441845484,1.2734126312224803,208769024,78168064,5976064,425594880,108736512,335167488,39374848,4534272,280334336,92569600,4718592,2875392,301813760,8859648,44511232,1978123.432012042,0,1097154.3818737592,35383.55217691776,0,28853.875595839105,0,1612461.9031493398,11,8,8,4,8,15,6,6,3,11,1,3,6,31,16,7.867,4.733,27.6,1.333,1.333,1.333,15.2,0.014462025316455698,0.003031413612565445,0.03173342541436464,0.023443396226415097,0.0017333333333333335,0.003041237113402062,0.005924855491329479,0.023753164556962025,0.004656544502617802,0.08115384615384615,0.0443452380952381,0.004346666666666668,0.004674226804123712,0.009223506743737958
1705783690,1.6553534291656224,3.0730117912694492,0.189383672152307,0.19560400228859726,5.246505104902964,1.2835147074668267,0.4596251808062395,0.08959025245013155,0.41422771250863344,0.8991692465310983,0,0.29529668678234994,0.775772011551178,1.1609599441845484,1.2734126312224803,208769024,78168064,5980160,425594880,108736512,335167488,39251968,4534272,280334336,92569600,4718592,2875392,301813760,8859648,44511232,1978123.432012042,0,927337.9032765235,35383.55217691776,0,28853.875595839105,0,1612461.9031493398,11,8,8,4,8,15,6,6,3,11,1,3,6,31,16,7.867,4.733,27.6,1.333,1.333,1.333,15.2,0.014462025316455698,0.003031413612565445,0.03173342541436464,0.023443396226415097,0.0017333333333333335,0.003041237113402062,0.005924855491329479,0.023753164556962025,0.004656544502617802,0.08115384615384615,0.0443452380952381,0.004346666666666668,0.004674226804123712,0.009223506743737958
1705783691,1.6553534291656224,3.0730117912694492,0.189383672152307,0.199878168308768,5.246505104902964,1.4488644909008743,0.4596251808062395,0.07794333062946136,0.38231928022337003,0.8991692465310983,0,0.29529668678234994,0.5306692712756571,1.1609599441845484,1.2734126312224803,208769024,78168064,5980160,425594880,108736512,335167488,39251968,4534272,280334336,92569600,4718592,2875392,301813760,8859648,44511232,1978123.432012042,0,927337.9032765235,49419.14578234341,0,28853.875595839105,0,1612461.9031493398,11,8,8,4,8,15,6,6,3,11,1,3,6,31,16,7.867,4.733,27.6,1.333,1.333,1.333,15.2,0.014462025316455698,0.003031413612565445,0.03173342541436464,0.023443396226415097,0.0017333333333333335,0.003041237113402062,0.005924855491329479,0.023753164556962025,0.004656544502617802,0.08115384615384615,0.0443452380952381,0.004346666666666668,0.004674226804123712,0.009223506743737958
1705783692,1.6553534291656224,3.0730117912694492,0.189383672152307,0.2041523343289387,5.246505104902964,1.213196226102806,0.4596251808062395,0.09307592472420502,0.38231928022337003,0.8991692465310983,0,0.29262787033266635,0.5306692712756571,1.1609599441845484,1.2734126312224803,208769024,78168064,5980160,425594880,108736512,335142912,39251968,4534272,280334336,92569600,4718592,2879488,301813760,8859648,44511232,1978123.432012042,0,927337.9032765235,49419.14578234341,0,21755.218384292624,0,1612461.9031493398,11,8,8,4,8,15,6,6,3,11,1,3,6,31,16,7.867,4.733,27.6,1.333,1.333,1.333,15.2,0.014462025316455698,0.003031413612565445,0.03173342541436464,0.023443396226415097,0.0017333333333333335,0.003041237113402062,0.005924855491329479,0.023753164556962025,0.004656544502617802,0.08115384615384615,0.0443452380952381,0.004346666666666668,0.004674226804123712,0.009223506743737958
1705783693,1.641813354977252,3.0730117912694492,0.189383672152307,0.20842650034910942,5.246505104902964,1.213196226102806,0.4596251808062395,0.09307592472420502,0.3948478609013899,0.8991692465310983,0,0.29262787033266635,0.5306692712756571,1.1609599441845484,1.2734126312224803,208801792,78168064,5980160,425594880,108736512,335142912,39251968,4534272,280334336,92569600,4718592,2879488,301813760,8859648,44511232,1978123.432012042,0,927337.9032765235,65595.97346145047,0,21755.218384292624,0,1612461.9031493398,12,8,8,4,8,15,6,6,3,11,1,3,6,31,16,7.867,4.733,27.6,1.333,1.333,1.333,15.2,0.014462025316455698,0.003031413612565445,0.03173342541436464,0.023443396226415097,0.0017333333333333335,0.003041237113402062,0.005924855491329479,0.023753164556962025,0.004656544502617802,0.08115384615384615,0.0443452380952381,0.004346666666666668,0.004674226804123712,0.009223506743737958
1705783694,1.6981616056752307,3.0730117912694492,0.189383672152307,0.21270066636928014,5.246505104902964,1.213196226102806,0.4596251808062395,0.09307592472420502,0.3948478609013899,0.8991692465310983,0,0.29262787033266635,0.5306692712756571,1.1609599441845484,1.2734126312224803,208801792,78168064,5980160,425594880,108736512,335142912,39251968,4534272,280334336,92569600,4718592,2879488,301813760,8859648,44511232,1978123.432012042,0,927337.9032765235,65595.97346145047,0,21755.218384292624,0,1612461.9031493398,12,8,8,4,8,15,6,6,3,11,1,3,6,31,16,7.867,4.733,27.6,1.333,1.333,1.333,15.2,0.014462025316455698,0.003031413612565445,0.03173342541436464,0.023443396226415097,0.0017333333333333335,0.003041237113402062,0.005924855491329479,0.023753164556962025,0.004656544502617802,0.08115384615384615,0.0443452380952381,0.004346666666666668,0.004674226804123712,0.009223506743737958
1705783695,1.6981616056752307,3.0730117912694492,0.189383672152307,0.25644996121024244,5.246505104902964,1.213196226102806,0.4596251808062395,0.09307592472420502,0.3948478609013899,0.8991692465310983,0,0.29262787033266635,0.5306692712756571,1.1609599441845484,1.2734126312224803,208801792,78168064,5980160,425594880,108736512,335142912,39251968,4534272,280334336,92569600,4718592,2879488,301813760,8859648,44511232,1978123.432012042,0,927337.9032765235,65595.97346145047,0,21755.218384292624,0,1612461.9031493398,12,8,8,4,8,15,6,6,3,11,1,3,6,31,16,7.867,4.733,27.6,1.333,1.333,1.333,15.2,0.014462025316455698,0.003031413612565445,0.03173342541436464,0.023443396226415097,0.0017333333333333335,0.003041237113402062,0.005924855491329479,0.023753164556962025,0.004656544502617802,0.08115384615384615,0.0443452380952381,0.004346666666666668,0.004674226804123712,0.009223506743737958
1705783696,1.6981616056752307,2.414300784141484,0.189383672152307,0.25644996121024244,5.246505104902964,1.213196226102806,0.4596251808062395,0.09307592472420502,0.3948478609013899,0.8991692465310983,0,0.29480730874160405,0.5913589350879971,1.1886874292795802,1.2734126312224803,208801792,78168064,5980160,425594880,108736512,335142912,39251968,4534272,280334336,92569600,4718592,2879488,301674496,8859648,44511232,1683277.0578589835,0,927337.9032765235,65595.97346145047,0,28171.209793897156,0,1612461.9031493398,12,8,8,4,8,15,6,6,3,11,1,3,6,31,16,7.867,4.6,27.6,1.333,1.333,1.333,15.2,0.014462025316455698,0.0030310880829015545,0.03173342541436464,0.023443396226415097,0.0017333333333333335,0.003041237113402062,0.005924855491329479,0.023753164556962025,0.004655958549222799,0.08115384615384615,0.0443452380952381,0.004346666666666668,0.004674226804123712,0.009223506743737958
1705783697,1.6981616056752307,2.464530697470132,0.20263330778495547,0.25644996121024244,5.246505104902964,1.213196226102806,0.4596251808062395,0.07754000162232313,0.3948478609013899,0.8991692465310983,0,0.29480730874160405,0.5913589350879971,1.1886874292795802,1.2734126312224803,208801792,78168064,5980160,425594880,108736512,335142912,39251968,4534272,280334336,92569600,4718592,2879488,301674496,8859648,44511232,1718297.9058327477,0,927337.9032765235,65595.97346145047,0,28171.209793897156,0,1612461.9031493398,12,8,8,4,8,15,6,6,3,11,1,3,6,31,16,7.867,4.6,27.6,1.333,1.333,1.333,15.933,0.014462025316455698,0.0030310880829015545,0.03173342541436464,0.023443396226415097,0.0017333333333333335,0.003041237113402062,0.005841584158415842,0.023753164556962025,0.004655958549222799,0.08115384615384615,0.0443452380952381,0.004346666666666668,0.004674226804123712,0.0092
1705783698,1.6981616056752307,2.5147606107987808,0.20263330778495547,0.2451922652421524,5.246505104902964,1.213196226102806,0.4596251808062395,0.07598873621025305,0.3948478609013899,0.8739203054163637,0,0.29480730874160405,0.5913589350879971,1.1886874292795802,1.2734126312224803,208801792,78168064,5980160,425590784,108736512,335142912,39251968,4534272,280334336,92577792,4718592,2879488,301674496,8859648,44511232,1753318.753806512,0,927337.9032765235,65595.97346145047,0,28171.209793897156,0,1612461.9031493398,12,8,8,4,8,15,6,6,3,11,1,3,6,31,16,7.867,4.6,27.6,1.333,1.533,1.333,15.933,0.014462025316455698,0.0030310880829015545,0.03173342541436464,0.023443396226415097,0.0018852459016393444,0.003041237113402062,0.005841584158415842,0.023753164556962025,0.004655958549222799,0.08115384615384615,0.0443452380952381,0.00437704918032787,0.004674226804123712,0.0092
1705783699,1.6981616056752307,2.564990524127429,0.20263330778495547,0.2451922652421524,5.233807875539672,1.213196226102806,0.4596251808062395,0.07443747079818297,0.3948478609013899,0.8861425304406938,0,0.29480730874160405,0.5913589350879971,1.1886874292795802,1.22918376959827,208801792,78168064,5980160,425590784,97910784,335142912,39251968,4534272,280334336,92577792,4718592,2879488,301674496,8859648,44511232,1788339.6017802767,0,927337.9032765235,65595.97346145047,0,28171.209793897156,0,1088701.971603526,12,8,8,4,8,15,6,6,3,11,1,3,6,31,16,7.867,4.6,27.6,1.333,1.533,1.533,15.933,0.014462025316455698,0.0030310880829015545,0.03173342541436464,0.023443396226415097,0.0018852459016393444,0.0030439560439560437,0.005841584158415842,0.023753164556962025,0.004655958549222799,0.08115384615384615,0.0443452380952381,0.00437704918032787,0.004679120879120879,0.0092
1705783700,1.6981616056752307,2.542889362262824,0.20263330778495547,0.2451922652421524,5.233807875539672,1.213196226102806,0.4596251808062395,0.07288620538611289,0.3948478609013899,0.8861425304406938,0,0.29480730874160405,0.5913589350879971,1.1886874292795802,1.22918376959827,208801792,78168064,5980160,425590784,97910784,335142912,39251968,4534272,280334336,92577792,4718592,2879488,301674496,8859648,44511232,1772930.42867182,0,927337.9032765235,65595.97346145047,0,28171.209793897156,0,1088701.971603526,12,8,8,4,8,15,6,6,3,11,1,3,6,31,16,8.2,4.6,27.6,1.667,1.867,1.867,16.933,0.014443277310924372,0.0030310880829015545,0.03173342541436464,0.024846938775510204,0.0019206349206349206,0.0031111111111111114,0.005854616895874263,0.023745798319327736,0.004655958549222799,0.08115384615384615,0.044947916666666664,0.004384126984126984,0.0048,0.009210216110019648
1705783701,1.6981616056752307,2.492659448934176,0.20263330778495547,0.2451922652421524,5.233807875539672,1.213196226102806,0.4596251808062395,0.0713349399740428,0.3948478609013899,0.8861425304406938,0,0.29480730874160405,0.5913589350879971,1.1886874292795802,1.22918376959827,208801792,78168064,5980160,425590784,97910784,335142912,39251968,4534272,280334336,92577792,4718592,2879488,301674496,8859648,44511232,1737909.580698056,0,927337.9032765235,65595.97346145047,0,28171.209793897156,0,1088701.971603526,12,8,8,4,8,15,6,6,3,11,1,3,6,31,16,8.2,4.6,27.6,1.667,1.867,1.867,16.933,0.014443277310924372,0.0030310880829015545,0.03173342541436464,0.024846938775510204,0.0019206349206349206,0.0031111111111111114,0.005854616895874263,0.023745798319327736,0.004655958549222799,0.08115384615384615,0.044947916666666664,0.004384126984126984,0.0048,0.009210216110019648
1705783702,1.6981616056752307,2.4424295356055272,0.20263330778495547,0.2451922652421524,5.233807875539672,1.213196226102806,0.4596251808062395,0.06978367456197272,0.3948478609013899,0.8861425304406938,0,0.29480730874160405,0.5913589350879971,1.1886874292795802,1.22918376959827,208801792,78168064,5980160,425590784,97910784,335142912,39251968,4534272,280334336,92577792,4718592,2879488,301674496,8859648,44511232,1702888.7327242915,0,927337.9032765235,65595.97346145047,0,28171.209793897156,0,1088701.971603526,12,8,8,4,8,15,6,6,3,11,1,3,6,31,16,8.2,4.6,27.6,1.667,1.867,1.867,16.933,0.014443277310924372,0.0030310880829015545,0.03173342541436464,0.024846938775510204,0.0019206349206349206,0.0031111111111111114,0.005854616895874263,0.023745798319327736,0.004655958549222799,0.08115384615384615,0.044947916666666664,0.004384126984126984,0.0048,0.009210216110019648
1705783703,1.6981616056752307,2.392199622276879,0.20263330778495547,0.2451922652421524,5.233807875539672,1.213196226102806,0.3538460455184321,0.06823240914990264,0.3948478609013899,0.8861425304406938,0,0.29658589698636206,0.7063134319895634,1.1886874292795802,1.22918376959827,208801792,78168064,5980160,425590784,97910784,335142912,39251968,4534272,280334336,92577792,4718592,3010560,301674496,8859648,44511232,1667867.8847505273,0,542263.8555519516,65595.97346145047,0,22677.025854909847,0,1088701.971603526,12,8,8,4,8,15,6,6,3,11,1,3,6,31,16,9.6,3.8,25.6,2.067,1.867,1.867,18.733,0.014624505928853754,0.0030310880829015545,0.031601123595505626,0.027358490566037733,0.0019206349206349206,0.0031111111111111114,0.005897683397683397,0.023541501976284587,0.004655958549222799,0.0815686274509804,0.04547169811320755,0.004384126984126984,0.0048,0.009225868725868728
1705783704,1.6981616056752307,3.2511085642842232,0.20263330778495547,0.2451922652421524,5.233807875539672,1.22222082534499,0.3753683137708641,0.06668114373783254,0.3948478609013899,0.8861425304406938,0,0.29658589698636206,0.7063134319895634,1.1886874292795802,1.22918376959827,208801792,78381056,5980160,425590784,97910784,335142912,39276544,4534272,280334336,92577792,4718592,3010560,301674496,8859648,44511232,1800908.5226088774,0,765524.7490676019,65595.97346145047,0,22677.025854909847,0,1088701.971603526,12,8,8,4,8,15,6,6,3,11,1,3,6,31,16,9.6,3.8,23.467,2.067,1.867,1.867,18.733,0.014624505928853754,0.0030310880829015545,0.03154761904761905,0.027358490566037733,0.0019206349206349206,0.0031111111111111114,0.005897683397683397,0.023541501976284587,0.004655958549222799,0.08193910256410257,0.04547169811320755,0.004384126984126984,0.0048,0.009225868725868728
1705783705,1.6981616056752307,3.2511085642842232,0.20263330778495547,0.2451922652421524,5.233807875539672,1.22222082534499,0.38303465439638595,0.06512987832576247,0.3948478609013899,0.8861425304406938,0,0.29658589698636206,0.7063134319895634,0.965778819103927,1.2635002474839094,208801792,78381056,5980160,425590784,97910784,335142912,39276544,4534272,280334336,92577792,4718592,3010560,301674496,8859648,44597248,1800908.5226088774,0,781159.4557498549,65595.97346145047,0,22677.025854909847,0,1165748.2263652862,12,8,8,4,8,15,6,6,3,11,1,3,6,31,16,9.6,3.8,23.467,2.067,1.867,1.867,18.733,0.014624505928853754,0.0030310880829015545,0.03154761904761905,0.027358490566037733,0.0019206349206349206,0.0031111111111111114,0.005897683397683397,0.023541501976284587,0.004655958549222799,0.08193910256410257,0.04547169811320755,0.004384126984126984,0.0048,0.009225868725868728
1705783706,1.560260928884077,3.2511085642842232,0.20263330778495547,0.2451922652421524,5.024896287915517,1.22222082534499,0.3907009950219078,0.06357861291369238,0.3948478609013899,0.8861425304406938,0,0.29658589698636206,0.7063134319895634,0.9459673619492674,1.2635002474839094,208801792,78381056,5980160,425590784,97910784,335142912,39276544,4534272,280334336,92577792,4718592,3010560,301674496,8859648,44597248,1800908.5226088774,0,796794.162432108,65595.97346145047,0,22677.025854909847,0,1165748.2263652862,12,8,8,4,8,15,6,6,3,11,1,3,6,31,16,9.6,3.8,23.467,2.067,1.867,1.867,18.733,0.014624505928853754,0.0030310880829015545,0.03154761904761905,0.027358490566037733,0.0019206349206349206,0.0031111111111111114,0.005897683397683397,0.023541501976284587,0.004655958549222799,0.08193910256410257,0.04547169811320755,0.004384126984126984,0.0048,0.009225868725868728
1705783707,1.560260928884077,3.2511085642842232,0.20263330778495547,0.2451922652421524,5.024896287915517,1.22222082534499,0.4599804375313111,0.0620273475016223,0.26535749999998975,0.8861425304406938,0,0.29658589698636206,0.7063134319895634,0.9261559047946075,1.2635002474839094,208801792,78381056,5980160,425590784,97910784,335142912,39276544,4534272,280334336,92577792,4718592,3010560,301674496,8859648,44597248,1800908.5226088774,0,938082.4009351814,30720.000000000004,0,22677.025854909847,0,1165748.2263652862,12,8,8,4,8,15,6,6,3,11,1,3,6,31,16,9.6,3.8,23.467,2.067,1.867,1.867,18.733,0.014624505928853754,0.0030310880829015545,0.03154761904761905,0.027358490566037733,0.0019206349206349206,0.0031111111111111114,0.005897683397683397,0.023541501976284587,0.004655958549222799,0.08193910256410257,0.04547169811320755,0.004384126984126984,0.0048,0.009225868725868728
1705783708,1.560260928884077,3.251108564284222,0.20263330778495547,0.2451922652421524,5.024896287915517,1.22222082534499,0.4599804375313111,0.06047608208955221,0.26535749999998975,0.8861425304406938,0,0.2891956557434739,0.7063134319895634,0.7638147455825066,1.2635002474839094,208801792,78381056,5980160,425590784,97910784,335142912,39276544,4534272,280334336,92577792,4718592,3010560,301674496,8859648,44597248,1800908.5226088767,0,938082.4009351814,30720.000000000004,0,28824.09514203279,0,1165748.2263652862,12,8,8,4,8,15,6,6,3,11,1,3,6,31,16,9.6,3.8,23.467,2.067,1.867,1.867,18.733,0.014624505928853754,0.0030310880829015545,0.03154761904761905,0.027358490566037733,0.0019206349206349206,0.0031111111111111114,0.005897683397683397,0.023541501976284587,0.004655958549222799,0.08193910256410257,0.04547169811320755,0.004384126984126984,0.0048,0.009225868725868728
1705783709,1.560260928884077,3.251108564284222,0.20263330778495547,0.2451922652421524,5.024896287915517,1.2970939316292902,0.4599804375313111,0.09762123212567389,0.315332673091098,0.8861425304406938,0.0001225991009399202,0.2891956557434739,0.7063134319895634,0.747276231257578,1.2635002474839094,208801792,78381056,5980160,425590784,97910784,335220736,39276544,4534272,280334336,92577792,4718592,3010560,301674496,8859648,44597248,1800908.5226088767,0,938082.4009351814,36505.54334194025,0,28824.09514203279,0,1165748.2263652862,12,8,8,4,8,20,6,6,3,11,1,3,6,31,16,9.6,3.8,23.467,2.067,1.867,1.867,18.733,0.014624505928853754,0.0030310880829015545,0.03154761904761905,0.027358490566037733,0.0019206349206349206,0.0031111111111111114,0.005897683397683397,0.023541501976284587,0.004655958549222799,0.08193910256410257,0.04547169811320755,0.004384126984126984,0.0048,0.009225868725868728
1705783710,1.560260928884077,3.251108564284222,0.19052987998369075,0.2451922652421524,5.024896287915517,1.2970939316292902,0.4599804375313111,0.09762123212567389,0.4127792049462222,0.7283664200668948,0.0001225991009399202,0.2891956557434739,0.7063134319895634,0.7307377169326492,1.2635002474839094,208801792,78381056,5980160,425590784,97910784,335220736,39276544,4534272,280334336,92577792,4718592,3010560,301674496,8859648,44597248,1800908.5226088767,0,938082.4009351814,26751.425958984633,0,28824.09514203279,0,1165748.2263652862,12,8,8,4,8,20,6,6,3,11,1,3,6,31,16,9.6,3.8,23.467,2.067,1.867,1.867,18.733,0.014624505928853754,0.0030310880829015545,0.03154761904761905,0.027358490566037733,0.0019206349206349206,0.0031111111111111114,0.005897683397683397,0.023541501976284587,0.004655958549222799,0.08193910256410257,0.04547169811320755,0.004384126984126984,0.0048,0.009225868725868728
1705783711,1.560260928884077,3.251108564284222,0.19052987998369075,0.24559102347547468,5.024896287915517,1.2970939316292902,0.4599804375313111,0.09762123212567389,0.4127792049462222,0.8704014261190959,0.0001225991009399202,0.28919565574347394,0.7063134319895634,0.7141992026077205,1.2635002474839094,208801792,78381056,5980160,425590784,97910784,335220736,39276544,4534272,280334336,92577792,4718592,3010560,301674496,8859648,44597248,1800908.5226088767,0,938082.4009351814,26751.425958984633,0,28824.0951420328,0,1165748.2263652862,12,8,8,4,8,20,6,6,3,11,1,3,6,31,16,9.6,3.733,23.467,2.067,1.867,1.867,18.733,0.014624505928853754,0.0030320855614973264,0.03154761904761905,0.027358490566037733,0.0019206349206349206,0.0031111111111111114,0.005897683397683397,0.023541501976284587,0.004657754010695188,0.08193910256410257,0.04547169811320755,0.004384126984126984,0.0048,0.009225868725868728
1705783712,1.7198620309050752,3.251108564284222,0.19052987998369075,0.24559102347547468,5.024896287915517,1.2970939316292902,0.4599804375313111,0.09762123212567389,0.4127792049462222,0.8704014261190959,0.0001225991009399202,0.28919565574347394,0.7063134319895634,0.697660688282792,1.2635002474839094,208818176,78381056,5980160,425590784,97910784,335220736,39276544,4534272,280334336,92577792,4718592,3010560,301674496,8859648,44597248,1800908.5226088767,0,938082.4009351814,26751.425958984633,0,28824.0951420328,0,1165748.2263652862,12,8,8,4,8,20,6,6,3,11,1,3,6,31,16,9.6,3.733,23.467,2.067,1.867,1.867,20.4,0.014624505928853754,0.0030320855614973264,0.03154761904761905,0.027358490566037733,0.0019206349206349206,0.0031111111111111114,0.005933852140077822,0.023541501976284587,0.004657754010695188,0.08193910256410257,0.04547169811320755,0.004384126984126984,0.0048,0.00922568093385214
1705783713,1.7198620309050752,3.251108564284222,0.18885499340761722,0.23908778697779628,5.024896287915517,1.2970939316292902,0.4599804375313111,0.09762123212567389,0.4127792049462222,0.8704014261190959,0.0001225991009399202,0.28919565574347394,0.7063134319895634,0.6811221739578631,1.2635002474839094,208818176,78381056,5980160,425590784,97910784,335220736,39276544,4534272,280334336,92577792,4718592,3010560,301674496,8859648,44597248,1800908.5226088767,0,938082.4009351814,26751.425958984633,0,28824.0951420328,0,1165748.2263652862,12,8,8,4,8,20,6,6,3,11,1,3,6,31,16,9.6,3.733,23.467,2.067,2.2,1.867,20.4,0.014624505928853754,0.003032085561497326,0.03154761904761905,0.027358490566037733,0.0020158730158730156,0.0031111111111111114,0.005933852140077822,0.023541501976284587,0.004657754010695188,0.08193910256410257,0.04547169811320755,0.004403174603174602,0.0048,0.00922568093385214
1705783714,1.7198620309050752,3.251108564284222,0.18885499340761722,0.23908778697779628,5.024896287915517,1.2970939316292902,0.4599804375313111,0.09762123212567389,0.4127792049462222,0.8772240695055238,0.0001225991009399202,0.28919565574347394,0.7063134319895634,1.154028797755648,1.2635002474839094,208818176,78381056,5980160,425590784,97910784,335220736,39276544,4534272,280334336,92565504,4718592,3010560,301674496,8851456,44597248,1800908.5226088767,0,938082.4009351814,26751.425958984633,0,28824.0951420328,0,1165748.2263652862,12,8,8,4,8,20,6,6,3,11,1,3,6,31,16,9.6,3.733,23.467,2.067,2.2,2.267,20.4,0.014624505928853754,0.003032085561497326,0.03154761904761905,0.027358490566037733,0.0020158730158730156,0.003106382978723404,0.005933852140077822,0.023541501976284587,0.004657754010695188,0.08193910256410257,0.04547169811320755,0.004403174603174602,0.004791489361702126,0.00922568093385214
1705783715,1.7198620309050752,3.251108564284222,0.18885499340761722,0.23908778697779628,5.024896287915517,1.2970939316292902,0.4599804375313111,0.09762123212567389,0.4127792049462222,0.8772240695055238,0.0001225991009399202,0.28919565574347394,0.5777820452032627,1.154028797755648,1.2635002474839094,208818176,78381056,5980160,425590784,97910784,335220736,39276544,4534272,280334336,92565504,4718592,3010560,301674496,8851456,44597248,1800908.5226088767,0,938082.4009351814,26751.425958984633,0,28824.0951420328,0,1165748.2263652862,12,8,8,4,8,20,6,6,3,11,1,3,6,31,16,9.867,3.733,23.467,2.333,2.467,2.533,21.2,0.014732142857142857,0.003032085561497326,0.03154761904761905,0.0296875,0.0019310344827586205,0.003112359550561798,0.0059912109375,0.02356547619047619,0.004657754010695188,0.08193910256410257,0.0459375,0.0043862068965517245,0.004802247191011236,0.0092373046875
1705783716,1.7198620309050752,3.1042821435438204,0.18885499340761722,0.23908778697779628,5.024896287915517,1.2970939316292902,0.4599804375313111,0.09762123212567389,0.4127792049462222,0.8772240695055238,0.00016256558043300725,0.28919565574347394,0.5660101546701033,1.154028797755648,0.8770520931471822,208818176,78381056,5980160,425590784,97910784,335220736,39276544,4534272,280334336,92565504,4718592,3010560,301674496,8851456,44597248,1867596.890707831,0,938082.4009351814,26751.425958984633,0,28824.0951420328,0,857036.2343244875,12,8,8,4,8,20,6,6,3,11,1,3,6,31,16,9.867,3.733,23.467,2.333,2.467,2.533,21.2,0.014732142857142857,0.003032085561497326,0.03154761904761905,0.0296875,0.0019310344827586205,0.003112359550561798,0.0059912109375,0.02356547619047619,0.004657754010695188,0.08193910256410257,0.0459375,0.0043862068965517245,0.004802247191011236,0.0092373046875
1705783717,1.7198620309050752,3.1042821435438204,0.18885499340761722,0.23908778697779628,5.024896287915517,1.2970939316292902,0.4599804375313111,0.09762123212567389,0.4127792049462222,0.8772240695055238,0.00016256558043300725,0.28919565574347394,0.5542382641369439,1.154028797755648,0.8990162837045732,208818176,78381056,5980160,425590784,97910784,335220736,39276544,4534272,280334336,92565504,4718592,3010560,301674496,8851456,44597248,1867596.890707831,0,938082.4009351814,26751.425958984633,0,28824.0951420328,0,878499.1637358344,12,8,8,4,8,20,6,6,3,11,1,3,6,31,16,9.867,3.733,23.467,2.333,2.467,2.533,21.2,0.014732142857142857,0.003032085561497326,0.03154761904761905,0.0296875,0.0019310344827586205,0.003112359550561798,0.0059912109375,0.02356547619047619,0.004657754010695188,0.08193910256410257,0.0459375,0.0043862068965517245,0.004802247191011236,0.0092373046875
1705783718,1.8304542824074017,3.1042821435438204,0.18885499340761722,0.23908778697779628,5.101260730577213,1.2970939316292902,0.4599804375313111,0.09762123212567389,0.4127792049462222,0.8772240695055238,0.00016256558043300725,0.2470076328193628,0.5424663736037844,1.154028797755648,0.9209804742619643,208818176,78381056,5980160,425590784,98869248,335220736,39276544,4534272,280334336,92565504,4718592,3010560,301674496,8851456,44597248,1867596.890707831,0,938082.4009351814,26751.425958984633,0,24619.220129326863,0,899962.0931471811,12,8,8,4,8,20,6,6,3,11,1,3,6,31,16,8.067,4.333,24.8,2.733,2.467,2.533,21.267,0.014617647058823529,0.0030444444444444447,0.03186063218390805,0.03146551724137931,0.0019310344827586205,0.003112359550561798,0.005922131147540984,0.023488235294117647,0.00468,0.0821661237785016,0.04629310344827587,0.0043862068965517245,0.004802247191011236,0.00925
1705783719,1.8304542824074017,3.104282143543821,0.18885499340761722,0.23908778697779628,5.101260730577213,1.2970939316292902,0.4599804375313112,0.09762123212567389,0.4127792049462222,0.8772240695055238,0.00016256558043300725,0.28720833966918463,0.5306944830706251,1.154028797755648,0.9429446648193553,208818176,78381056,5980160,425590784,98869248,335220736,39276544,4534272,280334336,92565504,4718592,3014656,301674496,8851456,44597248,1867596.890707831,0,938082.4009351814,26751.425958984633,0,20761.315829489584,0,921425.022558528,12,8,8,4,8,20,6,6,3,11,1,3,6,31,16,8.067,4.333,26.133,2.733,2.467,2.533,21.267,0.014617647058823529,0.0030444444444444447,0.03208575581395348,0.03146551724137931,0.0019310344827586205,0.003112359550561798,0.005922131147540984,0.023488235294117647,0.00468,0.08205084745762713,0.04629310344827587,0.0043862068965517245,0.004802247191011236,0.00925
1705783720,1.8304542824074017,3.104282143543821,0.18885499340761722,0.23908778697779628,5.101260730577213,1.2970939316292902,0.39041734041876347,0.09762123212567389,0.4127792049462222,0.8772240695055238,0.00016256558043300725,0.23638383883200662,0.5237022069930795,1.154028797755648,0.9649088553767462,208818176,78381056,5980160,425590784,98869248,335220736,39276544,4534272,280334336,92565504,4718592,3014656,301674496,8851456,44597248,1867596.890707831,0,796215.6782848645,26751.425958984633,0,0,0,942887.9519698744,12,8,8,4,8,20,6,6,3,11,1,3,6,31,16,8.067,4.333,26.133,2.733,2.467,2.533,21.267,0.014617647058823529,0.0030444444444444447,0.03208575581395348,0.03146551724137931,0.0019310344827586205,0.003112359550561798,0.005922131147540984,0.023488235294117647,0.00468,0.08205084745762713,0.04629310344827587,0.0043862068965517245,0.004802247191011236,0.00925
1705783721,1.8304542824074017,3.130032145927555,0.18885499340761722,0.24504579203256416,5.101260730577213,1.0822658523327002,0.3827509997932417,0.09762123212567389,0.4127792049462222,0.8772240695055238,0.00016256558043300725,0.24119242813803615,0.5118121794762371,1.154028797755648,0.9868730459341375,208818176,78282752,5980160,425590784,98869248,335220736,39276544,4534272,280334336,92565504,4718592,3014656,301674496,8851456,44597248,1821941.464508653,0,780580.9716026116,26751.425958984633,0,0,0,964350.8813812213,12,8,8,4,8,20,6,6,3,11,1,3,6,31,16,8.067,4.333,26.133,2.733,2.467,2.533,21.267,0.014617647058823529,0.0030444444444444447,0.03208575581395348,0.03146551724137931,0.0019310344827586205,0.003112359550561798,0.005922131147540984,0.023488235294117647,0.00468,0.08205084745762713,0.04629310344827587,0.0043862068965517245,0.004802247191011236,0.00925
1705783722,1.8304542824074017,3.130032145927555,0.18885499340761722,0.24504579203256416,5.231680493395912,1.0822658523327002,0.46400590534668595,0.09762123212567389,0.4127792049462222,0.8772240695055238,0.00016256558043300725,0.24600101744406574,0.49992215195939466,1.154028797755648,1.0387398419779077,208818176,78282752,5980160,425590784,98869248,335220736,39288832,4534272,280334336,92565504,4718592,3014656,301674496,8851456,44654592,1821941.464508653,0,886446.2227590719,26751.425958984633,0,0,0,1370513.86013521,12,8,8,4,8,20,6,6,3,11,1,3,6,31,16,8.067,4.333,26.133,2.733,2.467,2.533,21.267,0.014617647058823529,0.0030444444444444447,0.03208575581395348,0.03146551724137931,0.0019310344827586205,0.003112359550561798,0.005922131147540984,0.023488235294117647,0.00468,0.08205084745762713,0.04629310344827587,0.0043862068965517245,0.004802247191011236,0.00925
1705783723,1.8304542824074017,3.130032145927555,0.18885499340761722,0.24504579203256416,5.231680493395912,1.0822658523327002,0.46878528120426294,0.09762123212567389,0.4127792049462222,0.8772240695055238,0.00016256558043300725,0.2885153583617754,0.48803212444255234,1.154028797755648,1.0615337205844317,208818176,78282752,5980160,425590784,98869248,335220736,39288832,4534272,280334336,92565504,4718592,3014656,301674496,8851456,44654592,1821941.464508653,0,907748.2751411247,26751.425958984633,0,0,0,1400588.114817688,12,8,8,4,8,20,6,6,3,11,1,3,6,31,16,8.067,4.333,26.133,2.733,2.467,2.533,21.267,0.014617647058823529,0.0030444444444444447,0.03208575581395348,0.03146551724137931,0.0019310344827586205,0.003112359550561798,0.005922131147540984,0.023488235294117647,0.00468,0.08205084745762713,0.04629310344827587,0.0043862068965517245,0.004802247191011236,0.00925
1705783724,1.795594722999914,3.130032145927555,0.19333080855898466,0.24504579203256416,5.231680493395912,1.0822658523327002,0.46878528120426294,0.09653273294076868,0.371579671229285,0.8772240695055238,0.00012026896514021651,0.2885153583617754,0.47614209692570997,1.154028797755648,1.084327599190956,208957440,78282752,5984256,425590784,98869248,335220736,39288832,4534272,280334336,92565504,4718592,3014656,301674496,8851456,44654592,1821941.464508653,0,907748.2751411247,40238.391512214286,0,0,0,1430662.3695001663,11,8,8,4,8,20,6,6,3,11,1,3,6,31,16,8.067,4.333,26.133,2.733,2.467,2.533,21.267,0.014617647058823529,0.0030444444444444447,0.03208575581395348,0.03146551724137931,0.0019310344827586205,0.003112359550561798,0.005922131147540984,0.023488235294117647,0.00468,0.08205084745762713,0.04629310344827587,0.0043862068965517245,0.004802247191011236,0.00925
1705783725,1.795594722999914,3.130032145927555,0.19333080855898466,0.24504579203256416,5.231680493395912,1.0822658523327002,0.46878528120426294,0.09653273294076868,0.37278914571086785,0.8772240695055238,0.00012026896514021651,0.2885153583617754,0.591646742695156,1.154028797755648,1.10712147779748,208957440,78282752,5984256,425590784,98869248,335220736,39288832,4534272,280338432,92565504,4718592,3014656,301670400,8851456,44654592,1821941.464508653,0,907748.2751411247,45255.66800724798,0,0,0,1460736.6241826443,11,8,8,4,8,20,6,6,3,11,1,3,6,31,16,8.067,4.333,26.133,2.733,2.467,2.533,21.267,0.014617647058823529,0.0030444444444444447,0.03208575581395348,0.03146551724137931,0.0019310344827586205,0.003112359550561798,0.005922131147540984,0.023488235294117647,0.00468,0.08205084745762713,0.04629310344827587,0.0043862068965517245,0.004802247191011236,0.00925
1705783726,1.795594722999914,3.130032145927555,0.19333080855898466,0.24504579203256416,5.231680493395912,0.8987721865107424,0.46878528120426294,0.09653273294076868,0.37278914571086785,0.8567772739763625,0.00012026896514021651,0.2885153583617754,0.591646742695156,1.2622082214418826,1.3676327163914437,208957440,78282752,5984256,425590784,98869248,335220736,39288832,4534272,280338432,92569600,4718592,3014656,301670400,8851456,44654592,1821941.464508653,0,907748.2751411247,45255.66800724798,0,0,0,1804455.2809486869,11,8,8,4,8,20,6,6,3,11,1,3,6,31,16,8.067,4.6,26.133,2.733,2.467,2.533,21.267,0.014617647058823529,0.0030555555555555553,0.03208575581395348,0.03146551724137931,0.0019310344827586205,0.003112359550561798,0.005922131147540984,0.023488235294117647,0.004699999999999999,0.08205084745762713,0.04629310344827587,0.0043862068965517245,0.004802247191011236,0.00925
1705783727,1.795594722999914,3.40457014933522,0.19333080855898466,0.24504579203256416,5.231680493395912,0.8807344223051973,0.46878528120426294,0.09653273294076868,0.37278914571086785,0.8567772739763625,0.00012026896514021651,0.2885153583617754,0.591646742695156,1.2622082214418826,1.3676327163914437,208957440,78282752,5984256,425590784,98869248,335220736,39288832,4534272,280338432,92569600,4718592,3014656,301670400,8851456,44654592,1531988.3152693221,0,907748.2751411247,45255.66800724798,0,0,0,1804455.2809486869,11,8,8,4,8,20,6,6,3,11,1,3,6,31,16,8.067,4.6,26.133,2.733,2.467,2.533,19.6,0.014617647058823529,0.0030555555555555553,0.03208575581395348,0.03146551724137931,0.0019310344827586205,0.003112359550561798,0.005943204868154159,0.023488235294117647,0.004699999999999999,0.08205084745762713,0.04629310344827587,0.0043862068965517245,0.004802247191011236,0.009261663286004059
1705783728,1.795594722999914,3.40457014933522,0.19333080855898466,0.20045362176459625,5.231680493395912,1.1545255706673099,0.46878528120426294,0.09653273294076868,0.37278914571086785,0.7025234673769127,0.00012026896514021651,0.2885153583617754,0.591646742695156,1.2622082214418826,1.3676327163914437,208957440,78282752,5984256,425590784,98869248,334925824,39288832,4534272,280338432,92569600,4718592,3014656,301670400,8851456,44654592,1531988.3152693221,0,907748.2751411247,45255.66800724798,0,0,0,1804455.2809486869,11,8,8,4,8,16,6,6,3,11,1,3,6,31,16,8.067,4.6,26.133,2.733,2.333,2.533,19.6,0.014617647058823529,0.0030555555555555557,0.03208575581395348,0.03146551724137931,0.0019830508474576267,0.003112359550561798,0.005943204868154159,0.023488235294117647,0.0047,0.08205084745762713,0.04629310344827587,0.004396610169491525,0.004802247191011236,0.009261663286004059
1705783729,1.795594722999914,3.40457014933522,0.19333080855898466,0.20449985208163293,5.231680493395912,1.1545255706673099,0.46878528120426294,0.09653273294076868,0.37278914571086785,0.8253626489558111,0.00015775877828909238,0.2885153583617754,0.591646742695156,1.2622082214418826,1.3676327163914437,208957440,78282752,5984256,425590784,98869248,334925824,39288832,4534272,280338432,92569600,4718592,3014656,301670400,8851456,44654592,1531988.3152693224,0,907748.2751411247,45255.66800724798,0,0,0,1804455.2809486869,11,8,8,4,8,16,6,6,3,11,1,3,6,31,16,8.067,4.6,26.133,2.733,2.333,2.267,19.6,0.014617647058823529,0.0030555555555555557,0.03208575581395348,0.03146551724137931,0.0019830508474576267,0.0031219512195121953,0.005943204868154159,0.023488235294117647,0.0047,0.08205084745762713,0.04629310344827587,0.004396610169491525,0.004819512195121952,0.009261663286004059
1705783730,1.795594722999914,3.40457014933522,0.19333080855898466,0.2085460823986697,5.231680493395912,1.1545255706673099,0.46878528120426294,0.09653273294076868,0.37278914571086785,0.8253626489558111,0.00016122596608459113,0.2885153583617754,0.591646742695156,1.2622082214418826,1.3676327163914437,208957440,78282752,5984256,425590784,98869248,334925824,39288832,4534272,280338432,92569600,4718592,3014656,301670400,8851456,44654592,1531988.3152693224,0,907748.2751411247,45255.66800724798,0,0,0,1804455.2809486869,11,8,8,4,8,16,6,6,3,11,1,3,6,31,16,7.667,4.6,26.133,2.333,1.933,1.867,18.4,0.0145703125,0.0030555555555555557,0.03208575581395348,0.031762295081967214,0.002032258064516129,0.0030930232558139532,0.005991035856573706,0.0234765625,0.0047,0.08205084745762713,0.04635245901639344,0.004406451612903226,0.004767441860465116,0.00928585657370518
1705783731,1.795594722999914,3.3858472604188714,0.18378227371640177,0.21259231271570636,5.231680493395912,1.1545255706673099,0.46878528120426294,0.09653273294076868,0.37278914571086785,0.8253626489558111,0.0001646931538800899,0.2885153583617754,0.591646742695156,1.2622082214418826,1.3676327163914437,208957440,78327808,5984256,425590784,98869248,334925824,39288832,4534272,280338432,92569600,4718592,3014656,301670400,8851456,44654592,2140283.4778929553,0,907748.2751411247,45255.66800724798,0,0,0,1804455.2809486869,11,8,8,4,8,16,6,6,3,11,1,3,6,31,16,7.667,4.6,26.133,2.333,1.933,1.867,18.4,0.0145703125,0.0030555555555555557,0.03208575581395348,0.031762295081967214,0.002032258064516129,0.0030930232558139532,0.005991035856573706,0.0234765625,0.0047,0.08205084745762713,0.04635245901639344,0.004406451612903226,0.004767441860465116,0.00928585657370518
1705783732,1.795594722999914,3.3858472604188714,0.18378227371640177,0.24277381902220269,5.231680493395912,1.1545255706673099,0.46878528120426294,0.09653273294076868,0.37278914571086785,0.8253626489558111,0.0001681603416755887,0.2885153583617754,0.591646742695156,1.2622082214418826,1.3676327163914437,208957440,78327808,5984256,425590784,98869248,334925824,39288832,4534272,280338432,92569600,4718592,3014656,301670400,8851456,44654592,2140283.4778929553,0,907748.2751411247,45255.66800724798,0,0,0,1804455.2809486869,11,8,8,4,8,16,6,6,3,11,1,3,6,31,16,7.667,4.6,26.133,2.333,1.933,1.867,18.4,0.0145703125,0.0030555555555555557,0.03208575581395348,0.031762295081967214,0.002032258064516129,0.0030930232558139532,0.005991035856573706,0.0234765625,0.0047,0.08205084745762713,0.04635245901639344,0.004406451612903226,0.004767441860465116,0.00928585657370518
1705783733,1.795594722999914,3.3858472604188714,0.18378227371640177,0.24277381902220269,5.231680493395912,1.1545255706673099,0.46878528120426294,0.09653273294076868,0.37278914571086785,0.8253626489558111,0.00017162752947108749,0.2911800860479415,0.591646742695156,1.2622082214418826,1.3676327163914437,208957440,78327808,5984256,425590784,98869248,334925824,39288832,4534272,280338432,92569600,4718592,2879488,301670400,8851456,44654592,2140283.4778929553,0,907748.2751411247,45255.66800724798,0,0,0,1804455.2809486869,11,8,8,4,8,16,6,6,3,11,1,3,6,31,16,8.6,4.267,25.133,1.533,1.933,1.867,16.8,0.014811320754716981,0.0030543478260869564,0.03202205882352941,0.03192307692307692,0.002032258064516129,0.0030930232558139532,0.0060721062618595825,0.02377735849056604,0.004697826086956521,0.0824512987012987,0.046384615384615385,0.004406451612903226,0.004767441860465116,0.00932068311195446
1705783734,1.795594722999914,3.3858472604188714,0.18378227371640177,0.24277381902220269,5.003001561941329,1.1545255706673099,0.48220966729441306,0.09653273294076868,0.37278914571086785,0.8253626489558111,0.00020803126772992695,0.2911800860479415,0.591646742695156,1.2622082214418826,1.3676327163914437,208957440,78327808,5984256,425590784,102187008,334925824,39288832,4534272,280338432,92569600,4718592,2879488,301670400,8851456,44654592,2140283.4778929553,0,1067068.42435656,45255.66800724798,0,0,0,1804455.2809486869,11,8,8,4,10,16,6,6,3,11,1,3,6,31,16,8.6,4.267,25,1.533,1.933,1.867,16.8,0.014811320754716981,0.0030543478260869564,0.03194852941176471,0.03192307692307692,0.002032258064516129,0.0030930232558139532,0.0060721062618595825,0.02377735849056604,0.004697826086956521,0.0826107594936709,0.046384615384615385,0.004406451612903226,0.004767441860465116,0.00932068311195446
1705783735,1.795594722999914,3.3858472604188714,0.18378227371640177,0.21008769614946063,5.003001561941329,1.1545255706673099,0.48220966729441306,0.09653273294076868,0.36113271007756836,0.8253626489558111,0.00020803126772992695,0.2911800860479415,0.591646742695156,1.2622082214418826,1.3177612489272204,208957440,78327808,5984256,425590784,102187008,334925824,39288832,4534272,280334336,92569600,4718592,2879488,301670400,8851456,44675072,2140283.4778929553,0,1067068.42435656,37033.68836006582,0,0,0,1623736.1559524296,11,8,8,4,10,16,6,6,3,11,1,3,6,31,16,8.6,4.267,25,1.533,1.933,1.867,16.8,0.014811320754716981,0.0030543478260869564,0.03194852941176471,0.03192307692307692,0.002032258064516129,0.0030930232558139532,0.0060721062618595825,0.02377735849056604,0.004697826086956521,0.0826107594936709,0.046384615384615385,0.004406451612903226,0.004767441860465116,0.00932068311195446
1705783736,1.795594722999914,3.3858472604188714,0.18378227371640177,0.20604146583242394,5.003001561941329,1.1545255706673099,0.4679265423492524,0.09653273294076868,0.36113271007756836,0.8253626489558111,0.00020803126772992695,0.2911800860479415,0.591646742695156,1.2622082214418826,1.3177612489272204,208957440,78327808,5984256,425590784,102187008,334925824,39297024,4534272,280334336,92569600,4718592,2879488,301670400,8851456,44675072,2140283.4778929553,0,901219.9372603697,37033.68836006582,0,0,0,1623736.1559524296,11,8,8,4,10,16,6,6,3,11,1,3,6,31,16,8.6,4.267,25,1.533,1.933,1.867,16.8,0.014811320754716981,0.0030543478260869564,0.03194852941176471,0.03192307692307692,0.002032258064516129,0.0030930232558139532,0.0060721062618595825,0.02377735849056604,0.004697826086956521,0.0826107594936709,0.046384615384615385,0.004406451612903226,0.004767441860465116,0.00932068311195446
1705783737,1.888711200654801,3.3858472604188714,0.18378227371640177,0.23952788795002952,5.003001561941329,1.3519301235619678,0.4679265423492524,0.09653273294076868,0.36113271007756836,0.8253626489558111,0.00020803126772992695,0.2911800860479415,0.591646742695156,1.2622082214418826,1.3177612489272204,208957440,78327808,5984256,425590784,102187008,334925824,39297024,4534272,280334336,92569600,4718592,2879488,301670400,8851456,44675072,2140283.4778929553,0,901219.9372603697,37033.68836006582,0,0,0,1623736.1559524296,11,8,8,4,10,16,6,6,3,11,1,3,6,31,16,8.6,4.267,25,1.533,1.933,1.867,16.8,0.014811320754716981,0.0030543478260869564,0.03194852941176471,0.03192307692307692,0.002032258064516129,0.0030930232558139532,0.0060721062618595825,0.02377735849056604,0.004697826086956521,0.0826107594936709,0.046384615384615385,0.004406451612903226,0.004767441860465116,0.00932068311195446
1705783738,1.888711200654801,3.3858472604188714,0.18378227371640177,0.23952788795002952,5.003001561941329,1.3519301235619678,0.4679265423492524,0.09653273294076868,0.36113271007756836,0.8253626489558111,0.00020803126772992695,0.29343826951861274,0.5196343188093816,1.2622082214418826,1.3177612489272204,208957440,78327808,5984256,425590784,102187008,334925824,39297024,4534272,280334336,92569600,4718592,2879488,301670400,8851456,44675072,2140283.4778929553,0,901219.9372603697,37033.68836006582,0,0,0,1623736.1559524296,11,8,8,4,10,16,6,6,3,11,1,3,6,31,16,8.6,4.267,25,1.533,1.933,1.867,16.8,0.014811320754716981,0.0030543478260869564,0.03194852941176471,0.03192307692307692,0.002032258064516129,0.0030930232558139532,0.0060721062618595825,0.02377735849056604,0.004697826086956521,0.0826107594936709,0.046384615384615385,0.004406451612903226,0.004767441860465116,0.00932068311195446
1705783739,1.888711200654801,3.3858472604188714,0.18378227371640177,0.23952788795002952,5.003001561941329,1.3519301235619678,0.4679265423492524,0.09653273294076868,0.3893362699887555,0.833515061402057,0.00020803126772992695,0.29343826951861274,0.5196343188093816,1.2622082214418826,1.3177612489272204,208957440,78327808,5984256,425590784,102187008,334925824,39297024,4534272,280334336,92569600,4718592,2879488,301670400,8851456,44675072,2140283.4778929553,0,901219.9372603697,18794.594718608758,0,0,0,1623736.1559524296,11,8,8,4,10,16,6,6,3,11,1,3,6,31,16,8.6,4.267,25,1.533,1.933,1.867,16.8,0.014811320754716981,0.0030543478260869564,0.03194852941176471,0.03192307692307692,0.002032258064516129,0.0030930232558139532,0.0060721062618595825,0.02377735849056604,0.004697826086956521,0.0826107594936709,0.046384615384615385,0.004406451612903226,0.004767441860465116,0.00932068311195446
1705783740,1.888711200654801,3.3858472604188714,0.18378227371640177,0.23952788795002952,5.003001561941329,1.3519301235619678,0.4679265423492524,0.08220207755339082,0.3893362699887555,0.833515061402057,0.00020803126772992695,0.29343826951861274,0.5196343188093816,1.2622082214418826,1.3177612489272204,208957440,78327808,5984256,425590784,102187008,334925824,39297024,4538368,280334336,92569600,4718592,2879488,301670400,8851456,44675072,2140283.4778929553,0,901219.9372603697,18794.594718608758,0,0,0,1623736.1559524296,11,8,8,4,10,16,6,6,3,11,1,3,6,31,16,8.6,4.267,25,1.533,1.933,1.867,16.8,0.014811320754716981,0.0030543478260869564,0.03194852941176471,0.03192307692307692,0.002032258064516129,0.0030930232558139532,0.0060721062618595825,0.02377735849056604,0.004697826086956521,0.0826107594936709,0.046384615384615385,0.004406451612903226,0.004767441860465116,0.00932068311195446
1705783741,1.8650376788977698,3.3858472604188714,0.18378227371640177,0.23952788795002952,4.896847810583399,1.3519301235619678,0.4679265423492524,0.08220207755339082,0.3893362699887555,0.833515061402057,0.00017366623589484077,0.29343826951861274,0.5196343188093816,1.2622082214418826,1.3177612489272204,208977920,78327808,5984256,425590784,102187008,334925824,39297024,4538368,280334336,92569600,4718592,2879488,301670400,8851456,44675072,2140283.4778929553,0,901219.9372603697,18794.594718608758,0,0,0,1623736.1559524296,12,8,8,4,10,16,6,6,3,11,1,3,6,31,16,8.6,4.067,25,1.533,1.933,1.867,16.8,0.014811320754716981,0.003054644808743169,0.03194852941176471,0.03192307692307692,0.002032258064516129,0.0030930232558139532,0.0060721062618595825,0.02377735849056604,0.004698360655737705,0.0826107594936709,0.046384615384615385,0.004406451612903226,0.004767441860465116,0.00932068311195446
1705783742,1.8650376788977698,3.3858472604188714,0.18845612479031257,0.23952788795002952,4.896847810583399,1.3519301235619678,0.4679265423492524,0.08220207755339082,0.3893362699887555,0.833515061402057,0.00017019904809934197,0.29343826951861274,0.5196343188093816,1.2622082214418826,1.3177612489272204,208977920,78327808,5984256,425590784,102187008,334925824,39297024,4538368,280334336,92569600,4718592,2879488,301670400,8851456,44675072,2140283.4778929553,0,901219.9372603697,18794.594718608758,0,0,0,1623736.1559524296,12,8,8,4,10,16,6,6,3,11,1,3,6,31,16,8.6,4.067,25,1.533,1.933,1.867,18,0.014811320754716981,0.003054644808743169,0.03194852941176471,0.03192307692307692,0.002032258064516129,0.0030930232558139532,0.006116236162361624,0.02377735849056604,0.004698360655737705,0.0826107594936709,0.046384615384615385,0.004406451612903226,0.004767441860465116,0.009326568265682657
1705783743,1.8650376788977698,3.3858472604188714,0.18845612479031257,0.23952788795002952,4.896847810583399,1.3519301235619678,0.4679265423492524,0.08220207755339082,0.3893362699887555,0.833515061402057,0.00016673186030384318,0.29343826951861274,0.5196343188093816,1.2622082214418826,1.3177612489272204,208977920,78327808,5984256,425590784,102187008,334925824,39297024,4538368,280334336,92569600,4718592,2879488,301670400,8851456,44675072,2140283.4778929553,0,901219.9372603697,18794.594718608758,0,0,0,1623736.1559524296,12,8,8,4,10,16,6,6,3,11,1,3,6,31,16,8.6,4.067,25,1.533,1.933,1.867,18,0.014811320754716981,0.003054644808743169,0.03194852941176471,0.03192307692307692,0.0019687499999999996,0.0030930232558139532,0.006116236162361624,0.02377735849056604,0.004698360655737705,0.0826107594936709,0.046384615384615385,0.00439375,0.004767441860465116,0.009326568265682657
1705783744,1.8650376788977698,2.584122870403754,0.18845612479031257,0.23952788795002952,4.896847810583399,1.3519301235619678,0.4679265423492524,0.08220207755339082,0.3893362699887555,0.847692988059553,0.00016326467250834438,0.29343826951861274,0.49881014182777095,1.2622082214418826,1.3177612489272204,208977920,78327808,5984256,425590784,102187008,334925824,39297024,4538368,280334336,92569600,4718592,2879488,301334528,8851456,44675072,2145180.3316510455,0,901219.9372603697,18794.594718608758,0,0,0,1623736.1559524296,12,8,8,4,10,16,6,6,3,11,1,3,6,31,16,8.6,4.067,25,1.533,1.933,1.933,18,0.014811320754716981,0.003054644808743169,0.03194852941176471,0.03192307692307692,0.0019687499999999996,0.00308695652173913,0.006116236162361624,0.02377735849056604,0.004698360655737705,0.0826107594936709,0.046384615384615385,0.00439375,0.0047565217391304345,0.009326568265682657
1705783745,1.8650376788977698,2.63807678773132,0.18845612479031257,0.24690903512808882,4.896847810583399,1.3519301235619678,0.4679265423492524,0.08220207755339082,0.3893362699887555,0.847692988059553,0.00015979748471284561,0.29343826951861274,0.49881014182777095,1.1374812018044893,1.3177612489272204,208977920,78327808,5984256,425590784,102187008,334925824,39297024,4538368,280334336,92569600,4718592,2879488,301334528,8863744,44675072,2189969.5650084116,0,901219.9372603697,18794.594718608758,0,0,0,1623736.1559524296,12,8,8,4,10,16,6,6,3,11,1,3,6,31,16,8.8,4.067,25,1.733,2.133,2.133,18.6,0.014744318181818181,0.003054644808743169,0.03194852941176471,0.03173076923076923,0.001984615384615384,0.0030421052631578946,0.006064126394052044,0.023767045454545457,0.004698360655737705,0.0826107594936709,0.04634615384615384,0.004396923076923077,0.00467578947368421,0.009309479553903346
1705783746,1.8650376788977698,2.6920307050588854,0.18845612479031257,0.24690903512808882,4.896847810583399,1.3519301235619678,0.4679265423492524,0.08220207755339082,0.3893362699887555,0.847692988059553,0.00015633029691734685,0.29343826951861274,0.49881014182777095,1.1374812018044893,1.0832634478987218,208977920,78327808,5984256,425590784,102187008,334925824,39297024,4538368,280334336,92569600,4718592,2879488,301334528,8863744,44675072,2234758.7983657774,0,901219.9372603697,18794.594718608758,0,0,0,1506626.0108710062,12,8,8,4,10,16,6,6,3,11,1,3,6,31,16,8.8,4.067,25,1.733,2.133,2.133,18.6,0.014744318181818181,0.003054644808743169,0.03194852941176471,0.03173076923076923,0.001984615384615384,0.0030421052631578946,0.006064126394052044,0.023767045454545457,0.004698360655737705,0.0826107594936709,0.04634615384615384,0.004396923076923077,0.00467578947368421,0.009309479553903346
1705783747,1.8650376788977698,2.2450225000000046,0.18845612479031257,0.24690903512808882,4.896847810583399,1.2624615837611741,0.4679265423492524,0.08220207755339082,0.3893362699887555,0.847692988059553,0.00015286310912184805,0.29343826951861274,0.49881014182777095,1.1374812018044893,1.0657766382306986,208977920,78327808,5984256,425590784,102187008,334913536,39297024,4538368,280334336,92569600,4718592,2879488,301334528,8863744,44695552,1863680,0,901219.9372603697,18794.594718608758,0,0,0,1298464.3784013134,12,8,8,4,10,15,6,6,3,11,1,3,6,31,16,8.8,4.067,25,1.733,2.133,2.133,18.6,0.014744318181818181,0.003054644808743169,0.03194852941176471,0.03173076923076923,0.001984615384615384,0.0030421052631578946,0.006064126394052044,0.023767045454545457,0.004698360655737705,0.0826107594936709,0.04634615384615384,0.004396923076923077,0.00467578947368421,0.009309479553903346
1705783748,1.8650376788977698,2.682318999939924,0.18845612479031257,0.24690903512808882,4.896847810583399,1.2624615837611741,0.4679265423492524,0.08220207755339082,0.3893362699887555,0.847692988059553,0.00011674803651028907,0.28825626563082013,0.49881014182777095,1.1374812018044893,1.0871739801659785,208977920,78327808,5984256,425590784,102187008,334913536,39297024,4538368,280334336,92569600,4718592,2879488,301334528,8863744,44695552,2226696.7363614514,0,901219.9372603697,18794.594718608758,0,0,0,1324533.3362849818,12,8,8,4,10,15,6,6,3,11,1,3,6,31,16,7.867,3.667,23.667,2.133,2.133,2.133,19.2,0.01461038961038961,0.003054945054945055,0.031875,0.030555555555555555,0.001984615384615384,0.0030421052631578946,0.006060037523452157,0.024220779220779223,0.004698901098901098,0.08230645161290322,0.04611111111111112,0.004396923076923077,0.00467578947368421,0.009302063789868668
1705783749,1.8650376788977698,3.2339739385193904,0.18845612479031257,0.24690903512808882,4.969674785301993,1.2624615837611741,0.4679265423492524,0.08220207755339082,0.3893362699887555,0.847692988059553,0.00011674803651028907,0.28825626563082013,0.49881014182777095,1.1374812018044893,1.2838405161167916,208977920,78364672,5984256,425590784,106278912,334913536,39297024,4538368,280334336,92569600,4718592,2879488,301334528,8863744,44695552,2194061.830425467,0,901219.9372603697,18794.594718608758,0,0,0,1564137.47302009,12,8,8,4,9,15,6,6,3,11,1,3,6,31,16,7.867,3.667,22.6,2.133,2.133,2.133,19.2,0.01461038961038961,0.003054945054945055,0.03171641791044776,0.030555555555555555,0.001984615384615384,0.0030421052631578946,0.006060037523452157,0.024220779220779223,0.004698901098901098,0.08207119741100326,0.04611111111111112,0.004396923076923077,0.00467578947368421,0.009302063789868668
1705783750,1.8650376788977698,3.2339739385193904,0.1633169595812741,0.24690903512808882,4.969674785301993,1.2624615837611741,0.4567183462532308,0.08220207755339082,0.3893362699887555,0.847692988059553,0.00011674803651028907,0.28825626563082013,0.49881014182777095,1.1374812018044893,1.2838405161167916,208977920,78364672,5984256,425590784,106278912,334913536,39297024,4538368,280334336,92569600,4718592,2879488,301334528,8863744,44695552,2194061.830425467,0,658271.8850444318,18794.594718608758,0,0,0,1564137.47302009,12,8,8,4,9,15,6,6,3,11,1,3,6,31,16,7.867,3.667,22.6,2.133,2.133,2.133,19.2,0.01461038961038961,0.003054945054945055,0.03171641791044776,0.030555555555555555,0.001984615384615384,0.0030421052631578946,0.006060037523452157,0.024220779220779223,0.004698901098901098,0.08207119741100326,0.04611111111111112,0.004396923076923077,0.00467578947368421,0.009302063789868668
1705783751,1.8650376788977698,3.2339739385193904,0.16666681055774296,0.24690903512808882,4.969674785301993,1.2624615837611741,0.4567183462532308,0.08443827102363677,0.3139063666736542,0.847692988059553,0.00011674803651028907,0.28825626563082013,0.49881014182777095,1.1374812018044893,1.2838405161167916,208977920,78364672,5984256,425590784,106278912,334913536,39297024,4530176,280334336,92569600,4718592,2879488,301334528,8863744,44695552,2194061.830425467,0,658271.8850444318,16025.332193677055,0,0,0,1564137.47302009,12,8,8,4,9,15,6,6,3,11,1,3,6,31,16,7.867,3.667,22.6,2.133,2.133,2.133,19.2,0.01461038961038961,0.003054945054945055,0.03171641791044776,0.030555555555555555,0.001984615384615384,0.0030421052631578946,0.006060037523452157,0.024220779220779223,0.004698901098901098,0.08207119741100326,0.04611111111111112,0.004396923076923077,0.00467578947368421,0.009302063789868668
1705783752,1.8650376788977698,3.2339739385193904,0.20099105858813102,0.21080681904177678,4.969674785301993,1.1853301182082447,0.4567183462532308,0.08443827102363677,0.320376039452534,0.8727507089456065,0,0.2846412433694971,0.49881014182777095,1.1374812018044893,1.2838405161167916,208977920,78364672,5984256,425590784,106278912,334913536,39297024,4530176,280334336,92565504,4718592,2879488,301334528,8863744,44695552,2194061.830425467,0,658271.8850444318,16355.6174840475,0,0,0,1564137.47302009,12,8,8,4,9,15,6,6,3,11,1,3,6,31,16,7.867,3.667,22.6,2.133,2.133,2.133,19.2,0.01461038961038961,0.003054945054945055,0.03171641791044776,0.030555555555555555,0.001984615384615384,0.0030421052631578946,0.006060037523452157,0.024220779220779223,0.004698901098901098,0.08207119741100326,0.04611111111111112,0.004396923076923077,0.00467578947368421,0.009302063789868668
1705783753,1.4444147187785805,3.2339739385193904,0.20099105858813102,0.20669166845630862,4.969674785301993,1.1853301182082447,0.460601668771608,0.08443827102363677,0.32684571223141384,0.8727507089456065,0,0.2846412433694971,0.49881014182777095,1.1374812018044893,1.2838405161167916,208977920,78364672,5984256,425590784,106278912,334913536,39313408,4530176,280334336,92565504,4718592,2879488,301334528,8863744,44695552,2194061.830425467,0,712362.5747945093,16685.902774417944,0,0,0,1564137.47302009,12,8,8,4,9,15,6,6,3,11,1,3,6,31,16,7.867,3.667,22.6,2.133,2.133,2.133,19.2,0.01461038961038961,0.003054945054945055,0.03171641791044776,0.030555555555555555,0.001984615384615384,0.0030421052631578946,0.006060037523452157,0.024220779220779223,0.004698901098901098,0.08207119741100326,0.04611111111111112,0.004396923076923077,0.00467578947368421,0.009302063789868668
1705783754,1.4739005433899006,3.2339739385193904,0.20099105858813102,0.20257651787084047,4.969674785301993,1.1853301182082447,0.460601668771608,0.08443827102363677,0.3333153850102936,0.8727507089456065,0,0.2846412433694971,0.49881014182777095,1.1374812018044893,1.2838405161167916,208977920,78364672,5984256,425590784,106278912,334913536,39313408,4530176,280334336,92565504,4718592,2879488,301334528,8863744,44695552,2194061.830425467,0,712362.5747945093,17016.188064788385,0,0,0,1564137.47302009,12,8,8,4,9,15,6,6,3,11,1,3,6,31,16,7.867,3.667,22.6,2.133,2.133,2.133,19.2,0.01461038961038961,0.003054945054945055,0.03171641791044776,0.030555555555555555,0.001984615384615384,0.0030421052631578946,0.006060037523452157,0.024220779220779223,0.004698901098901098,0.08207119741100326,0.04611111111111112,0.004396923076923077,0.00467578947368421,0.009302063789868668
1705783755,1.5291502732410227,3.2339739385193904,0.20099105858813102,0.19846136728537234,4.969674785301993,1.1853301182082447,0.460601668771608,0.08443827102363677,0.38818036673278716,0.8727507089456065,0,0.2846412433694971,0.49881014182777095,1.1374812018044893,1.2838405161167916,208982016,78364672,5984256,425590784,106278912,334913536,39313408,4530176,280334336,92565504,4718592,2879488,301334528,8863744,44695552,2194061.830425467,0,712362.5747945093,19817.11742222652,0,0,0,1564137.47302009,11,8,8,4,9,15,6,6,3,11,1,3,6,31,16,7.867,3.667,22.6,2.133,2.133,2.133,19.2,0.01461038961038961,0.003054945054945055,0.03171641791044776,0.030555555555555555,0.001984615384615384,0.0030421052631578946,0.006060037523452157,0.024220779220779223,0.004698901098901098,0.08207119741100326,0.04611111111111112,0.004396923076923077,0.00467578947368421,0.009302063789868668
1705783756,1.8078861409239144,3.2339739385193904,0.20099105858813102,0.19434621669990415,4.969674785301993,1.1853301182082447,0.460601668771608,0.08443827102363677,0.38818036673278716,0.8727507089456067,0,0.2846412433694971,0.31228684593780603,1.1374812018044893,1.2838405161167916,208982016,78364672,5984256,425590784,106278912,334913536,39313408,4530176,280334336,92565504,4718592,2879488,301334528,8863744,44695552,2194061.830425467,0,712362.5747945093,19817.11742222652,0,0,0,1564137.47302009,11,8,8,4,9,15,6,6,3,11,1,3,6,31,16,7.867,3.8,22.6,2.133,2.133,2.133,19.2,0.01461038961038961,0.003054054054054054,0.03171641791044776,0.030555555555555555,0.001984615384615384,0.0030421052631578946,0.006060037523452157,0.024220779220779223,0.004697297297297297,0.08207119741100326,0.04611111111111112,0.004396923076923077,0.00467578947368421,0.009302063789868668
1705783757,1.8078861409239144,3.2339739385193904,0.1970844184717012,0.19023106611443602,4.969674785301993,1.1853301182082447,0.460601668771608,0.08443827102363677,0.38818036673278716,0.8727507089456067,0,0.2846412433694971,0.282277740924918,1.1374812018044893,1.2838405161167916,208982016,78364672,5984256,425590784,106278912,334913536,39313408,4530176,280334336,92565504,4718592,2879488,301338624,8863744,44695552,2194061.830425467,0,712362.5747945093,19817.11742222652,0,0,0,1564137.47302009,11,8,8,4,9,15,6,6,3,11,1,3,6,31,16,7.867,3.8,22.6,2.133,2.133,2.133,18.133,0.01461038961038961,0.003054054054054054,0.03171641791044776,0.030555555555555555,0.001984615384615384,0.0030421052631578946,0.006040856031128404,0.024220779220779223,0.004697297297297297,0.08207119741100326,0.04611111111111112,0.004396923076923077,0.00467578947368421,0.009317120622568094
1705783758,1.8078861409239144,3.2339739385193904,0.1970844184717012,0.18640986343662289,4.969674785301993,1.1853301182082447,0.460601668771608,0.08443827102363677,0.38818036673278716,0.7262256821033922,0,0.2846412433694971,0.2893512630154405,1.1984319883479346,1.2838405161167916,208982016,78364672,5984256,425590784,106278912,334913536,39313408,4530176,280334336,92565504,4718592,2879488,301338624,8884224,44695552,2194061.830425467,0,712362.5747945093,19817.11742222652,0,0,0,1564137.47302009,11,8,8,4,9,15,6,6,3,11,1,3,6,31,16,7.867,3.8,22.6,2.133,2.067,2.133,18.133,0.01461038961038961,0.003054054054054054,0.03171641791044776,0.030555555555555555,0.002333333333333333,0.0030421052631578946,0.006040856031128404,0.024220779220779223,0.004697297297297297,0.08207119741100326,0.04611111111111112,0.0044666666666666665,0.00467578947368421,0.009317120622568094
1705783759,1.8078861409239144,3.2339739385193904,0.1970844184717012,0.18229553659368022,3.9433288938897935,1.1853301182082447,0.460601668771608,0.08443827102363677,0.38818036673278716,0.7406488012180839,0,0.2846412433694971,0.29642478510596315,1.1984319883479346,1.2838405161167916,208982016,78364672,5984256,425590784,106278912,334913536,39313408,4530176,280334336,92565504,4718592,2879488,301338624,8884224,44695552,2194061.830425467,0,712362.5747945093,19817.11742222652,0,0,0,1564137.47302009,11,8,8,4,9,15,6,6,3,11,1,3,6,31,16,7.867,3.8,22.6,2.133,2.067,2.067,18.133,0.01461038961038961,0.003054054054054054,0.03171641791044776,0.030555555555555555,0.002333333333333333,0.0030439560439560437,0.006040856031128404,0.024220779220779223,0.004697297297297297,0.08207119741100326,0.04611111111111112,0.0044666666666666665,0.004679120879120879,0.009317120622568094
1705783760,1.8078861409239144,3.2339739385193904,0.1970844184717012,0.17818120975073762,4.0009190308799605,1.1853301182082447,0.460601668771608,0.08443827102363677,0.38818036673278716,0.7550719203327754,0,0.2846412433694971,0.30349830719648574,1.1984319883479346,1.2838405161167916,208982016,78364672,5984256,425590784,108339200,334913536,39313408,4530176,280334336,92565504,4718592,2879488,301338624,8884224,44695552,2194061.830425467,0,712362.5747945093,19817.11742222652,0,0,0,1564137.47302009,11,8,8,4,9,15,6,6,3,11,1,3,6,31,16,7.933,3.8,22.6,2.2,2.133,2.133,18.333,0.014719827586206897,0.003054054054054054,0.03171641791044776,0.03,0.002313432835820896,0.003022222222222222,0.0059619238476953905,0.024237068965517243,0.004697297297297297,0.08207119741100326,0.046,0.004462686567164179,0.00464,0.009312625250501002
1705783761,1.8078861409239144,3.2339739385193904,0.1970844184717012,0.24402319002271047,4.081664932067256,1.1853301182082447,0.460601668771608,0.08443827102363677,0.38818036673278716,0.8653871468814937,0,0.28958113400306507,0.3105718292870084,1.1984319883479346,1.2838405161167916,208982016,78364672,5984256,425590784,108339200,334913536,39313408,4530176,280334336,92565504,4718592,3010560,301338624,8884224,44695552,2194061.830425467,0,712362.5747945093,19817.11742222652,0,0,0,1564137.47302009,11,8,8,4,9,15,6,6,3,11,1,3,6,31,16,7.933,3.8,22.6,2.2,2.133,2.133,18.333,0.014719827586206897,0.003054054054054054,0.03171641791044776,0.03,0.002313432835820896,0.003022222222222222,0.0059619238476953905,0.024237068965517243,0.004697297297297297,0.08207119741100326,0.046,0.004462686567164179,0.00464,0.009312625250501002
1705783762,1.8078861409239144,3.2339739385193904,0.1970844184717012,0.24402319002271047,4.844754071237805,1.1853301182082447,0.460601668771608,0.08443827102363677,0.38818036673278716,0.8653871468814937,0,0.28958113400306507,0.317645351377531,1.1984319883479346,1.0999481933013406,208982016,78364672,5984256,425590784,108339200,334913536,39313408,4530176,280334336,92565504,4718592,3010560,301338624,8884224,44695552,2194061.830425467,0,712362.5747945093,19817.11742222652,0,0,0,1340096.5041415317,11,8,8,4,9,15,6,6,3,11,1,3,6,31,16,7.933,3.8,22.6,2.2,2.133,2.133,18.333,0.014719827586206897,0.003054054054054054,0.03171641791044776,0.03,0.002313432835820896,0.003022222222222222,0.0059619238476953905,0.024237068965517243,0.004697297297297297,0.08207119741100326,0.046,0.004462686567164179,0.00464,0.009312625250501002
1705783763,1.8078861409239144,3.2339739385193904,0.1970844184717012,0.24402319002271047,4.844754071237805,3.2997278290255165,0.460601668771608,0.08443827102363677,0.38818036673278716,0.8653871468814937,0,0.2502569832914437,0.32471887346805356,1.1984319883479346,1.0785508513660607,208982016,78364672,5984256,425590784,108339200,334913536,39313408,4530176,280334336,92565504,4718592,3010560,301338624,8884224,44695552,2194061.830425467,0,712362.5747945093,19817.11742222652,0,0,0,1314027.5462578635,11,8,8,4,9,15,6,6,3,11,1,3,6,31,16,9.867,4.8,25.933,2.333,2.133,2.133,19.733,0.015126953125,0.0031195652173913037,0.0317090395480226,0.029241071428571432,0.002313432835820896,0.003022222222222222,0.005935643564356435,0.024291015625,0.0048152173913043475,0.08150819672131146,0.04584821428571429,0.004462686567164179,0.00464,0.009266336633663367
1705783764,1.8078861409239144,2.7749321119219705,0.1970844184717012,0.24402319002271047,4.844754071237805,3.2997278290255165,0.3777693916821836,0.08443827102363677,0.38818036673278716,0.8653871468814937,0,0.29252145871864216,0.3317923955585762,1.1984319883479346,1.057153509430781,208982016,78364672,5984256,425590784,108339200,334913536,39313408,4530176,280334336,92565504,4718592,3010560,301338624,8884224,44695552,2103990.5732276496,0,568974.6989447548,19817.11742222652,0,0,0,1287958.5883741954,11,8,8,4,9,15,6,6,3,11,1,3,6,31,16,9.867,4.8,27.6,2.333,2.133,2.133,19.733,0.015126953125,0.0031195652173913037,0.03180248618784531,0.029241071428571432,0.002313432835820896,0.003022222222222222,0.005935643564356435,0.024291015625,0.0048152173913043475,0.0813888888888889,0.04584821428571429,0.004462686567164179,0.00464,0.009266336633663367
1705783765,1.8078861409239144,2.7704178826076324,0.1970844184717012,0.24402319002271047,4.844754071237805,3.2997278290255165,0.45312163089287294,0.08443827102363677,0.38818036673278716,0.8839039074489411,0,0.29252145871864216,0.33886591764909885,1.1984319883479346,1.0900184631664467,208982016,78364672,5984256,425590784,108339200,334913536,39313408,4530176,280334336,92569600,4718592,3010560,301338624,8884224,44797952,2100567.8242955413,0,682465.9413897872,19817.11742222652,0,0,0,962481.1768411574,11,8,8,4,9,15,6,6,3,11,1,3,6,31,16,9.867,4.8,27.6,2.333,2.133,2.133,19.733,0.015126953125,0.0031195652173913037,0.03180248618784531,0.029241071428571432,0.002313432835820896,0.003022222222222222,0.005935643564356435,0.024291015625,0.0048152173913043475,0.0813888888888889,0.04584821428571429,0.004462686567164179,0.00464,0.009266336633663367
1705783766,1.8078861409239144,2.716029577615606,0.1970844184717012,0.24402319002271047,4.844754071237805,3.2997278290255165,0.45312163089287294,0.08443827102363677,0.33382001948704626,0.8839039074489411,0,0.29252145871864216,0.3459394397396215,1.1984319883479346,1.2932830400862203,208982016,78364672,5984256,425590784,108339200,334913536,39313408,4530176,280334336,92569600,4718592,3010560,301338624,8884224,44797952,2059329.8853544705,0,682465.9413897872,17041.95031743728,0,0,0,1141962.8423494133,11,8,8,4,9,15,6,6,3,11,1,3,6,31,16,9.867,4.8,27.6,2.333,2.133,2.133,19.733,0.015126953125,0.0031195652173913037,0.03180248618784531,0.029241071428571432,0.002313432835820896,0.003022222222222222,0.005935643564356435,0.024291015625,0.0048152173913043475,0.0813888888888889,0.04584821428571429,0.004462686567164179,0.00464,0.009266336633663367
1705783767,1.8078861409239144,2.661641272623578,0.1970844184717012,0.24402319002271047,4.844754071237805,3.2997278290255165,0.4772153589315539,0.0877415801882736,0.3273503467081665,0.8839039074489411,0,0.29252145871864216,0.353012961830144,1.1984319883479346,1.2932830400862203,208982016,78364672,5984256,425590784,108339200,334913536,39333888,4534272,280334336,92569600,4718592,3010560,301338624,8884224,44797952,2018091.946413399,0,1021150.8069003896,16711.665027066836,0,0,0,1141962.8423494133,11,8,8,4,9,15,6,6,3,11,1,3,6,31,16,9.867,4.8,27.6,2.333,2.133,2.133,19.733,0.015126953125,0.0031195652173913037,0.03180248618784531,0.029241071428571432,0.002313432835820896,0.003022222222222222,0.005935643564356435,0.024291015625,0.0048152173913043475,0.0813888888888889,0.04584821428571429,0.004462686567164179,0.00464,0.009266336633663367
1705783768,1.8078861409239144,3.3419565675732685,0.1970844184717012,0.24402319002271047,4.844754071237805,3.2997278290255165,0.4772153589315539,0.0877415801882736,0.3208806739292867,0.8839039074489411,0.00013570132139162326,0.29252145871864216,0.4244113254313567,1.1984319883479346,1.2932830400862203,208982016,78405632,5984256,425590784,108339200,334913536,39333888,4534272,280334336,92569600,4718592,3010560,301338624,8884224,44797952,2098519.924098672,0,1021150.8069003896,16381.379736696397,0,0,0,1141962.8423494133,11,8,8,4,9,15,6,6,3,11,1,3,6,31,16,9.867,4.8,27.6,2.333,2.133,2.133,19.733,0.015126953125,0.0031195652173913037,0.03180248618784531,0.029241071428571432,0.002313432835820896,0.003022222222222222,0.005935643564356435,0.024291015625,0.0048152173913043475,0.0813888888888889,0.04584821428571429,0.004462686567164179,0.00464,0.009266336633663367
1705783769,1.8078861409239144,3.3419565675732685,0.1970844184717012,0.24402319002271047,4.844754071237805,4.378489055589826,0.4772153589315539,0.05743208053598448,0.3144110011504069,0.8839039074489411,0.0001790710688304503,0.29252145871864216,0.4244113254313567,1.1984319883479346,1.29328304008622,208982016,78405632,5984256,425590784,108339200,334913536,39333888,4534272,280334336,92569600,4718592,3010560,301338624,8884224,44797952,2098519.924098672,0,1021150.8069003896,16051.094446325953,0,0,0,1141962.8423494133,11,8,8,4,9,15,6,6,3,11,1,3,6,31,16,9.867,4.8,27.6,2.333,2.133,2.133,19.733,0.015126953125,0.0031195652173913037,0.03180248618784531,0.029241071428571432,0.002313432835820896,0.003022222222222222,0.005935643564356435,0.024291015625,0.0048152173913043475,0.0813888888888889,0.04584821428571429,0.004462686567164179,0.00464,0.009266336633663367
1705783770,1.5486754435630008,3.3419565675732685,0.19345619335347544,0.24402319002271047,4.844754071237805,4.378489055589826,0.4772153589315539,0.05900001000590223,0.39296674076980087,0.8839039074489411,0.0001790710688304503,0.29252145871864216,0.4244113254313567,1.1984319883479346,1.29328304008622,208982016,78405632,5984256,425590784,108339200,334913536,39333888,4534272,280334336,92569600,4718592,3010560,301338624,8884224,44797952,2098519.924098672,0,1021150.8069003896,17854.49631663833,0,0,0,1141962.8423494133,11,8,8,4,9,15,6,6,3,11,1,3,6,31,16,9.867,4.8,27.6,2.333,2.133,2.133,19.733,0.015126953125,0.0031195652173913037,0.03180248618784531,0.029241071428571432,0.002313432835820896,0.003022222222222222,0.005935643564356435,0.024291015625,0.0048152173913043475,0.0813888888888889,0.04584821428571429,0.004462686567164179,0.00464,0.009266336633663367
1705783771,1.5185440078809358,3.3419565675732685,0.19345619335347544,0.23736125126135107,4.844754071237805,4.378489055589826,0.4772153589315539,0.06056793947581997,0.39296674076980087,0.8839039074489411,0.0001790710688304503,0.29252145871864216,0.4244113254313567,1.2007651096014351,1.29328304008622,208982016,78405632,5984256,425590784,108339200,334913536,39333888,4534272,280334336,92569600,4718592,3010560,301338624,8863744,44797952,2098519.924098672,0,1021150.8069003896,17854.49631663833,0,0,0,1141962.8423494133,11,8,8,4,9,15,6,6,3,11,1,3,6,31,16,9.867,5,27.6,2.333,2.133,2.133,19.733,0.015126953125,0.0031202185792349726,0.03180248618784531,0.029241071428571432,0.002313432835820896,0.003022222222222222,0.005935643564356435,0.024291015625,0.004816393442622952,0.0813888888888889,0.04584821428571429,0.004462686567164179,0.00464,0.009266336633663367
1705783772,1.8091328452325348,3.3419565675732685,0.19345619335347544,0.23736125126135107,4.844754071237805,4.378489055589826,0.4772153589315539,0.062135868945737714,0.39296674076980087,0.8839039074489411,0.0001790710688304503,0.29252145871864216,0.4244113254313567,1.2007651096014351,1.29328304008622,209031168,78405632,5984256,425590784,108339200,334913536,39333888,4534272,280334336,92569600,4718592,3010560,301338624,8863744,44797952,2098519.924098672,0,1021150.8069003896,17854.49631663833,0,0,0,1141962.8423494133,12,8,8,4,9,15,6,6,3,11,1,3,6,31,16,9.867,5,27.6,2.333,2.133,2.133,20.867,0.015126953125,0.0031202185792349726,0.03180248618784531,0.029241071428571432,0.002313432835820896,0.003022222222222222,0.006018164435946462,0.024291015625,0.004816393442622952,0.0813888888888889,0.04584821428571429,0.004462686567164179,0.00464,0.00927246653919694
1705783773,1.8091328452325348,3.3419565675732685,0.1945011958328271,0.2406211395923403,4.844754071237805,4.378489055589826,0.4772153589315539,0.06370379841565546,0.39296674076980087,0.8839039074489411,0.0001790710688304503,0.29252145871864216,0.4244113254313567,1.2007651096014351,1.29328304008622,209031168,78405632,5988352,425590784,108339200,334913536,39333888,4534272,280334336,92569600,4718592,3010560,301338624,8863744,44797952,2098519.924098672,0,1021150.8069003896,17854.49631663833,0,0,0,1141962.8423494133,12,8,8,4,9,15,6,6,3,11,1,3,6,31,16,9.867,5,27.6,2.333,2.333,2.133,20.867,0.015126953125,0.003120218579234972,0.03180248618784531,0.029241071428571432,0.0022857142857142855,0.003022222222222222,0.006018164435946462,0.024291015625,0.004816393442622949,0.0813888888888889,0.04584821428571429,0.0044571428571428574,0.00464,0.00927246653919694
1705783774,1.8091328452325348,3.3419565675732685,0.1945011958328271,0.2406211395923403,4.844754071237805,4.378489055589826,0.4772153589315539,0.0652717278855732,0.39296674076980087,0.9162378560318263,0.0001790710688304503,0.29252145871864216,0.4205953941209394,0.7599085664849365,1.29328304008622,209031168,78405632,5988352,425590784,108339200,334913536,39333888,4534272,280334336,92569600,4718592,3010560,301334528,8863744,44797952,2098519.924098672,0,1021150.8069003896,17854.49631663833,0,0,0,1141962.8423494133,12,8,8,4,9,15,6,6,3,11,1,3,6,31,16,9.867,5,27.6,2.333,2.333,2.4,20.867,0.015126953125,0.003120218579234972,0.03180248618784531,0.029241071428571432,0.0022857142857142855,0.003021276595744681,0.006018164435946462,0.024291015625,0.004816393442622949,0.0813888888888889,0.04584821428571429,0.0044571428571428574,0.004638297872340425,0.00927246653919694
1705783775,1.8091328452325348,3.3419565675732685,0.1945011958328271,0.2406211395923403,4.844754071237805,4.378489055589826,0.4772153589315539,0.06683965735549094,0.39296674076980087,0.9162378560318263,0.0001790710688304503,0.29252145871864216,0.4205953941209394,0.7811958623645069,1.29328304008622,209031168,78405632,5988352,425590784,108339200,334913536,39333888,4534272,280334336,92569600,4718592,3010560,301334528,8863744,44797952,2098519.924098672,0,1021150.8069003896,17854.49631663833,0,0,0,1141962.8423494133,12,8,8,4,9,15,6,6,3,11,1,3,6,31,16,10,5,27.6,2.467,2.467,2.533,21.267,0.014951171875,0.003120218579234972,0.03180248618784531,0.02971311475409836,0.0023421052631578945,0.0030612244897959186,0.006014018691588786,0.024255859375,0.004816393442622949,0.0813888888888889,0.04594262295081967,0.004468421052631578,0.004710204081632654,0.009262616822429908
1705783776,1.8091328452325348,3.3419565675732685,0.1945011958328271,0.2406211395923403,4.106938399138881,4.378489055589826,0.4772153589315539,0.06840758682540868,0.39296674076980087,0.9162378560318263,0.0001790710688304503,0.29252145871864216,0.4205953941209394,0.8024831582440775,1.29328304008622,209031168,78405632,5988352,425590784,108339200,334913536,39333888,4534272,280334336,92569600,4718592,3010560,301334528,8863744,44797952,2098519.924098672,0,1021150.8069003896,17854.49631663833,0,0,0,1141962.8423494133,12,8,8,4,9,15,6,6,3,11,1,3,6,31,16,10,5,27.6,2.467,2.467,2.533,21.267,0.014951171875,0.003120218579234972,0.03180248618784531,0.02971311475409836,0.0023421052631578945,0.0030612244897959186,0.006014018691588786,0.024255859375,0.004816393442622949,0.0813888888888889,0.04594262295081967,0.004468421052631578,0.004710204081632654,0.009262616822429908
1705783777,1.8091328452325348,3.3419565675732685,0.1945011958328271,0.2406211395923403,4.026192497951584,3.541096332774977,0.4772153589315539,0.06997551629532643,0.39296674076980087,0.9162378560318263,0.0001790710688304503,0.24816057950396006,0.4205953941209394,0.8237704541236479,1.29328304008622,209031168,78405632,5988352,425590784,108339200,334909440,39333888,4534272,280334336,92569600,4718592,3010560,301334528,8863744,44797952,2098519.924098672,0,1021150.8069003896,17854.49631663833,0,0,0,1141962.8423494133,12,8,8,4,9,15,6,6,3,11,1,3,6,31,16,10,5,27.6,2.467,2.467,2.533,21.267,0.014951171875,0.003120218579234972,0.03180248618784531,0.02971311475409836,0.0023421052631578945,0.0030612244897959186,0.006014018691588786,0.024255859375,0.004816393442622949,0.0813888888888889,0.04594262295081967,0.004468421052631578,0.004710204081632654,0.009262616822429908
1705783778,1.8091328452325348,3.3419565675732685,0.1945011958328271,0.2406211395923403,3.270797499999993,3.541096332774977,0.4772153589315539,0.07154344576524417,0.39296674076980087,0.9162378560318263,0.0001790710688304503,0.24328522185864937,0.4205953941209394,0.8450577500032184,1.29328304008622,209031168,78405632,5988352,425590784,108339200,334909440,39333888,4534272,280334336,92569600,4718592,3010560,301334528,8863744,44797952,2098519.924098672,0,1021150.8069003896,17854.49631663833,0,0,0,1141962.8423494133,12,8,8,4,9,15,6,6,3,11,1,3,6,31,16,6.333,4.067,24.533,2.467,2.467,2.533,19.333,0.014654017857142859,0.0031242937853107346,0.03125,0.031066176470588236,0.0023421052631578945,0.0030612244897959186,0.0060720887245841034,0.02453794642857143,0.0048237288135593226,0.0812668918918919,0.04621323529411765,0.004468421052631578,0.004710204081632654,0.009266173752310538
1705783779,1.8091328452325348,3.1667298251657914,0.1945011958328271,0.2406211395923403,4.9681786477669,3.541096332774977,0.4772153589315539,0.07311137523516192,0.39296674076980087,0.9162378560318263,0.0001790710688304503,0.23548547866743225,0.4205953941209394,0.8663450458827887,1.301186728449656,209031168,78422016,5988352,425590784,98394112,334909440,39333888,4534272,280334336,92569600,4718592,3010560,301334528,8863744,44838912,1933173.714581001,0,1021150.8069003896,17854.49631663833,0,0,0,1419857.8048176577,12,8,8,4,9,15,6,6,3,11,1,3,6,31,16,6.333,4.067,21.733,2.467,2.467,2.533,19.333,0.014654017857142859,0.0031242937853107346,0.03064159292035398,0.031066176470588236,0.0023421052631578945,0.0030612244897959186,0.0060720887245841034,0.02453794642857143,0.0048237288135593226,0.08108620689655172,0.04621323529411765,0.004468421052631578,0.004710204081632654,0.009266173752310538
1705783780,1.8091328452325348,3.1667298251657914,0.1945011958328271,0.2406211395923403,4.9681786477669,3.541096332774977,0.4772153589315539,0.07467930470507965,0.39296674076980087,0.918101634867321,0.0001790710688304503,0.2306640073898697,0.4205953941209394,0.8876323417623594,1.301186728449656,209031168,78422016,5988352,425590784,98394112,334909440,39333888,4534272,280334336,92573696,4718592,3010560,301334528,8863744,44838912,1933173.714581001,0,1021150.8069003896,17854.49631663833,0,0,0,1419857.8048176577,12,8,8,4,9,15,6,6,3,11,1,3,6,31,16,6.333,4.067,21.733,2.467,2.467,2.533,19.333,0.014654017857142859,0.0031242937853107346,0.03064159292035398,0.031066176470588236,0.0023421052631578945,0.0030612244897959186,0.0060720887245841034,0.02453794642857143,0.0048237288135593226,0.08108620689655172,0.04621323529411765,0.004468421052631578,0.004710204081632654,0.009266173752310538
1705783781,1.8091328452325348,3.132017969376127,0.1945011958328271,0.2443832721610494,4.9681786477669,3.541096332774977,0.4772153589315539,0.07837584201071333,0.39296674076980087,0.918101634867321,0.0001790710688304503,0.28140805987092404,0.4205953941209394,0.9089196376419297,1.301186728449656,209031168,78422016,5988352,425590784,98394112,334909440,39333888,4534272,280334336,92573696,4718592,3010560,301334528,8863744,44838912,1416762.9813978993,0,1021150.8069003896,17854.49631663833,0,0,0,1419857.8048176577,12,8,8,4,9,15,6,6,3,11,1,3,6,31,16,6.333,4.067,21.733,2.467,2.467,2.533,19.333,0.014654017857142859,0.0031242937853107346,0.03064159292035398,0.031066176470588236,0.0023421052631578945,0.0030612244897959186,0.0060720887245841034,0.02453794642857143,0.0048237288135593226,0.08108620689655172,0.04621323529411765,0.004468421052631578,0.004710204081632654,0.009266173752310538
1705783782,1.752511335891156,3.132017969376127,0.1945011958328271,0.2443832721610494,4.9681786477669,3.541096332774977,0.4961756419805051,0.0799856484665217,0.40391028324263994,0.918101634867321,0.0001790710688304503,0.28140805987092404,0.4205953941209394,0.9302069335215001,1.337506865616993,209022976,78422016,5988352,425590784,98394112,334909440,39333888,4534272,280334336,92573696,4718592,3010560,301334528,8863744,44838912,1416762.9813978993,0,1246799.002622972,14287.707548486116,0,0,0,1509190.7726107654,13,8,8,4,9,15,6,6,3,11,1,3,6,31,16,6.333,4.067,21.733,2.467,2.467,2.533,19.333,0.014654017857142859,0.0031242937853107346,0.03064159292035398,0.031066176470588236,0.0023421052631578945,0.0030612244897959186,0.0060720887245841034,0.02453794642857143,0.0048237288135593226,0.08108620689655172,0.04621323529411765,0.004468421052631578,0.004710204081632654,0.009266173752310538
1705783783,1.752511335891156,3.132017969376127,0.1945011958328271,0.2443832721610494,4.9681786477669,3.541096332774977,0.4961756419805051,0.08159545492233007,0.40391028324263994,0.918101634867321,0.0001790710688304503,0.28140805987092404,0.4205953941209394,0.9514942294010706,1.337506865616993,209022976,78422016,5988352,425590784,98394112,334909440,39333888,4534272,280334336,92573696,4718592,3010560,301334528,8863744,44838912,1416762.9813978993,0,1246799.002622972,14287.707548486116,0,0,0,1509190.7726107654,13,8,8,4,9,15,6,6,3,11,1,3,6,31,16,6.333,4.067,21.733,2.467,2.467,2.533,19.333,0.014654017857142859,0.0031242937853107346,0.03064159292035398,0.031066176470588236,0.0023421052631578945,0.0030612244897959186,0.0060720887245841034,0.02453794642857143,0.0048237288135593226,0.08108620689655172,0.04621323529411765,0.004468421052631578,0.004710204081632654,0.009266173752310538
1705783784,1.4313799660245363,3.132017969376127,0.19288142053937302,0.2443832721610494,4.9681786477669,3.541096332774977,0.41575590740800655,0.0832052613781384,0.40391028324263994,0.918101634867321,0.00030849732413979646,0.28140805987092404,0.4205953941209394,0.972781525280641,1.337506865616993,209022976,78422016,5988352,425590784,98394112,334909440,39333888,4534272,280334336,92573696,4718592,3010560,301334528,8863744,44838912,1416762.9813978993,0,1044718.8592770095,14287.707548486116,0,0,0,1509190.7726107654,13,8,8,4,9,15,6,6,3,11,1,3,6,31,16,6.333,4.067,21.733,2.467,2.467,2.533,19.333,0.014654017857142859,0.0031242937853107346,0.03064159292035398,0.031066176470588236,0.0023421052631578945,0.0030612244897959186,0.0060720887245841034,0.02453794642857143,0.0048237288135593226,0.08108620689655172,0.04621323529411765,0.004468421052631578,0.004710204081632654,0.009266173752310538
1705783785,1.4601126311237398,3.132017969376127,0.19288142053937302,0.24399041996680634,4.9681786477669,3.5410963327749774,0.4909677153511751,0.09658838734850114,0.42415360866163404,0.918101634867321,0.00031520794537555764,0.28140805987092404,0.3206084663120702,0.9658332113485076,1.337506865616993,209022976,78422016,5988352,425590784,98394112,334909440,39342080,4534272,280334336,92573696,4718592,3010560,301334528,8863744,44838912,1416762.9813978993,0,1012670.7460288027,17323.267567510415,0,0,0,1509190.7726107654,13,8,8,4,9,15,6,6,3,11,1,3,6,31,16,6.333,4.067,21.733,2.467,2.467,2.533,19.333,0.014654017857142859,0.0031242937853107346,0.03064159292035398,0.031066176470588236,0.0023421052631578945,0.0030612244897959186,0.0060720887245841034,0.02453794642857143,0.0048237288135593226,0.08108620689655172,0.04621323529411765,0.004468421052631578,0.004710204081632654,0.009266173752310538
1705783786,1.488845296222943,3.132017969376127,0.19288142053937302,0.24399041996680634,4.9681786477669,3.5410963327749774,0.4909677153511751,0.09658838734850114,0.42415360866163404,0.9359694862881361,0.0003219185666113189,0.28140805987092404,0.3271538338680763,0.9864666316831678,1.337506865616993,209022976,78422016,5988352,425590784,98394112,334909440,39342080,4534272,280334336,92573696,4718592,3010560,301334528,8863744,44838912,1416762.9813978993,0,1012670.7460288027,17323.267567510415,0,0,0,1509190.7726107654,13,8,8,4,9,15,6,6,3,11,1,3,6,31,16,6.333,3.6,21.733,2.467,2.467,2.533,19.333,0.014654017857142859,0.003124293785310734,0.03064159292035398,0.031066176470588236,0.0023421052631578945,0.0030612244897959186,0.0060720887245841034,0.02453794642857143,0.004823728813559322,0.08108620689655172,0.04621323529411765,0.004468421052631578,0.004710204081632654,0.009266173752310538
1705783787,1.723959905952209,3.132017969376127,0.19288142053937302,0.24399041996680634,4.9681786477669,3.5410963327749774,0.4909677153511751,0.09658838734850114,0.42415360866163415,0.9359694862881361,0.00040263727414567254,0.28140805987092404,0.3336992014240824,1.0071000520178282,1.337506865616993,209022976,78422016,5988352,425590784,98394112,334909440,39342080,4534272,280334336,92573696,4718592,3010560,301334528,8863744,44838912,1416762.9813978993,0,1012670.7460288027,17323.267567510415,0,0,0,1509190.7726107654,13,8,8,4,9,15,6,6,3,11,1,3,6,31,16,6.333,3.6,21.733,2.467,2.467,2.533,17.2,0.014654017857142859,0.003124293785310734,0.03064159292035398,0.031066176470588236,0.0023421052631578945,0.0030612244897959186,0.006147388059701493,0.02453794642857143,0.004823728813559322,0.08108620689655172,0.04621323529411765,0.004468421052631578,0.004710204081632654,0.009289179104477614
1705783788,1.723959905952209,3.132017969376127,0.19288142053937302,0.24399041996680634,4.9681786477669,4.184575201188703,0.4909677153511751,0.09658838734850114,0.42415360866163415,0.9359694862881361,0.00020084858527278672,0.28140805987092404,0.39272205336036764,1.0277334723524887,1.337506865616993,209022976,78422016,5988352,425590784,98394112,334909440,39342080,4534272,280334336,92573696,4718592,3010560,301334528,8863744,44838912,1416762.9813978993,0,1012670.7460288027,17323.267567510415,0,0,0,1509190.7726107654,13,8,8,4,9,15,6,6,3,11,1,3,6,31,16,6.333,3.6,21.733,2.467,2,2.533,17.2,0.014654017857142859,0.0031242937853107346,0.03064159292035398,0.031066176470588236,0.002405405405405405,0.0030612244897959186,0.006147388059701493,0.02453794642857143,0.0048237288135593226,0.08108620689655172,0.04621323529411765,0.0044810810810810816,0.004710204081632654,0.009289179104477614
1705783789,1.723959905952209,3.132017969376127,0.1967168058633045,0.24399041996680634,4.9681786477669,4.2692125273321295,0.4909677153511751,0.09658838734850114,0.42415360866163415,0.9359694862881361,0.00020084858527278672,0.28140805987092404,0.39272205336036764,1.048366892687149,1.337506865616993,209022976,78422016,5992448,425590784,98394112,334909440,39342080,4534272,280334336,92573696,4718592,3010560,301334528,8863744,44838912,1416762.9813978993,0,1012670.7460288027,17323.267567510415,0,0,0,1509190.7726107654,13,8,8,4,9,15,6,6,3,11,1,3,6,31,16,6.333,3.6,21.733,2.467,2,1.933,17.2,0.014654017857142859,0.0031242937853107346,0.03064159292035398,0.031066176470588236,0.002405405405405405,0.0030618556701030924,0.006147388059701493,0.02453794642857143,0.0048237288135593226,0.08108620689655172,0.04621323529411765,0.0044810810810810816,0.0047113402061855665,0.009289179104477614
1705783790,1.723959905952209,3.095803499373273,0.1967168058633045,0.24399041996680634,4.9681786477669,5.0782395686056105,0.4909677153511751,0.09658838734850114,0.42415360866163404,0.9359694862881361,0.00020084858527278672,0.28140805987092404,0.33009924926827905,1.0690003130218095,1.337506865616993,209022976,78442496,5992448,425590784,98394112,334909440,39342080,4534272,280334336,92573696,4718592,3010560,301334528,8863744,44838912,1399584.4708872065,0,1012670.7460288027,17323.267567510415,0,0,0,1509190.7726107654,13,8,8,4,9,15,6,6,3,11,1,3,6,31,16,5.733,3.6,21.733,1.8,1.333,1.267,15.4,0.014888392857142857,0.0031242937853107346,0.03064159292035398,0.03153846153846154,0.002343283582089552,0.0030666666666666668,0.006212264150943396,0.024584821428571435,0.0048237288135593226,0.08108620689655172,0.04630769230769231,0.004468656716417911,0.00472,0.009310377358490565
1705783791,1.723959905952209,2.4760061551858463,0.1967168058633045,0.24399041996680634,4.892553023525066,5.0782395686056105,0.4909677153511751,0.09658838734850114,0.42415360866163404,0.9359694862881361,0.00020084858527278672,0.28140805987092404,0.32355388171227295,1.2380052200796237,1.337506865616993,209022976,78442496,5992448,425590784,98934784,334909440,39342080,4534272,280334336,92573696,4718592,3010560,301334528,8863744,44838912,1128869.4027373963,0,1012670.7460288027,17323.267567510415,0,0,0,1509190.7726107654,13,8,8,4,9,15,6,6,3,11,1,3,6,31,16,5.733,3.6,21.733,1.8,1.333,1.267,15.4,0.014888392857142857,0.0031242937853107346,0.03064159292035398,0.03153846153846154,0.002343283582089552,0.0030666666666666668,0.006212264150943396,0.024584821428571435,0.0048237288135593226,0.08108620689655172,0.04630769230769231,0.004468656716417911,0.00472,0.009310377358490565
1705783792,1.723959905952209,2.5266103896730607,0.1967168058633045,0.24399041996680634,4.892553023525066,5.0782395686056105,0.4909677153511751,0.09658838734850114,0.42415360866163404,0.9359694862881361,0.00020084858527278672,0.28140805987092404,0.31700851415626685,1.2380052200796237,1.337506865616993,209022976,78442496,5992448,425590784,98934784,334909440,39342080,4534272,280334336,92573696,4718592,3010560,301334528,8863744,44838912,1151941.062653071,0,1012670.7460288027,17323.267567510415,0,0,0,1509190.7726107654,13,8,8,4,9,15,6,6,3,11,1,3,6,31,16,5.733,3.6,21.733,1.8,1.333,1.267,15.4,0.014888392857142857,0.0031242937853107346,0.03064159292035398,0.03153846153846154,0.002343283582089552,0.0030666666666666668,0.006212264150943396,0.024584821428571435,0.0048237288135593226,0.08108620689655172,0.04630769230769231,0.004468656716417911,0.00472,0.009310377358490565
1705783793,1.723959905952209,2.577214624160275,0.1967168058633045,0.24399041996680634,4.892553023525066,5.0782395686056105,0.4909677153511751,0.09658838734850114,0.42415360866163404,0.9359694862881361,0.00020084858527278672,0.28310428276459126,0.3104631466002607,1.2380052200796237,1.337506865616993,209022976,78442496,5992448,425590784,98934784,334909440,39342080,4534272,280334336,92573696,4718592,2879488,301334528,8863744,44838912,1175012.7225687455,0,1012670.7460288027,17323.267567510415,0,0,0,1509190.7726107654,13,8,8,4,9,15,6,6,3,11,1,3,6,31,16,7.533,3.8,22.733,1.333,1.333,1.267,15.133,0.015109170305676855,0.0031104972375690606,0.030388563049853375,0.03185483870967742,0.002343283582089552,0.0030666666666666668,0.006166338582677165,0.024384279475982536,0.004798895027624309,0.08072183098591548,0.04637096774193548,0.004468656716417911,0.00472,0.009312007874015748
1705783794,1.723959905952209,2.62781885864749,0.1967168058633045,0.24399041996680634,4.805536528332193,4.246952910556409,0.4909677153511751,0.09658838734850114,0.42415360866163404,0.9359694862881361,0.00020084858527278672,0.28310428276459126,0.3039177790442546,1.2380052200796237,1.337506865616993,209022976,78442496,5992448,425590784,98934784,334909440,39342080,4534272,280334336,92573696,4718592,2879488,301334528,8863744,44838912,1198084.3824844204,0,1012670.7460288027,17323.267567510415,0,0,0,1509190.7726107654,13,8,8,4,9,15,6,6,3,11,1,3,6,31,16,7.533,3.8,24.133,1.333,1.333,1.267,15.133,0.015109170305676855,0.0031104972375690606,0.030220588235294124,0.03185483870967742,0.002343283582089552,0.0030666666666666668,0.006166338582677165,0.024384279475982536,0.004798895027624309,0.08067857142857143,0.04637096774193548,0.004468656716417911,0.00472,0.009312007874015748
1705783795,1.723959905952209,3.0362540692328808,0.1967168058633045,0.24399041996680634,4.805536528332193,4.1623155844129816,0.48706022052586956,0.09658838734850114,0.4113726639317497,0.8062753144714767,0.00020084858527278672,0.28310428276459126,0.2973724114882484,1.2380052200796237,1.331448588501959,209022976,78442496,5992448,425590784,98934784,334909440,39350272,4534272,280334336,92573696,4718592,2879488,301334528,8863744,44916736,1384299.5949404836,0,938015.2671755725,26671.876017451326,0,0,0,1586746.342468576,13,8,8,4,9,15,6,6,3,11,1,3,6,31,16,7.533,3.8,24.133,1.333,1.333,1.267,15.133,0.015109170305676855,0.0031104972375690606,0.030220588235294124,0.03185483870967742,0.002343283582089552,0.0030666666666666668,0.006166338582677165,0.024384279475982536,0.004798895027624309,0.08067857142857143,0.04637096774193548,0.004468656716417911,0.00472,0.009312007874015748
1705783796,1.723959905952209,3.0362540692328808,0.1967168058633045,0.24399041996680634,4.805536528332193,4.077678258269556,0.41887843603607433,0.08949208816049711,0.4113726639317497,0.790675823033341,0.00020084858527278672,0.28310428276459126,0.2908270439322423,1.2380052200796237,1.331448588501959,209022976,78442496,5992448,425590784,98934784,334909440,39350272,4538368,280334336,92573696,4718592,2879488,301334528,8863744,44916736,1384299.5949404836,0,834978.8852974717,26671.876017451326,0,0,0,1586746.342468576,13,8,8,4,9,15,6,6,3,11,1,3,6,31,16,7.533,3.8,24.133,1.333,1.333,1.267,15.133,0.015109170305676855,0.0031104972375690606,0.030220588235294124,0.03185483870967742,0.002343283582089552,0.0030666666666666668,0.006166338582677165,0.024384279475982536,0.004798895027624309,0.08067857142857143,0.04637096774193548,0.004468656716417911,0.00472,0.009312007874015748
1705783797,1.663154675158771,3.0362540692328808,0.1967168058633045,0.17481220444902046,4.805536528332193,3.4705332160844655,0.49449333490622016,0.08949208816049711,0.4113726639317497,0.8990600156948405,0.00020084858527278672,0.28310428276459126,0.28428167637623614,1.2380052200796237,1.331448588501959,209068032,78442496,5992448,425590784,98934784,334688256,39350272,4538368,280334336,92573696,4718592,2879488,301334528,8863744,44916736,1384299.5949404836,0,985707.2077385867,26671.876017451326,0,0,0,1586746.342468576,13,8,8,4,9,15,6,6,3,11,1,3,6,31,16,7.533,3.8,24.133,1.333,1.333,1.267,15.133,0.015109170305676855,0.0031104972375690606,0.030220588235294124,0.03185483870967742,0.002343283582089552,0.0030666666666666668,0.006166338582677165,0.024384279475982536,0.004798895027624309,0.08067857142857143,0.04637096774193548,0.004468656716417911,0.00472,0.009312007874015748
1705783798,1.663154675158771,3.0362540692328808,0.1967168058633045,0.1470450000000012,4.805536528332193,3.4705332160844655,0.49449333490622016,0.08949208816049711,0.4113726639317497,0.8990600156948405,0.00020084858527278672,0.28310428276459126,0.27773630882023004,1.2380052200796237,1.331448588501959,209068032,78442496,5992448,425590784,98934784,334688256,39350272,4538368,280334336,92573696,4718592,2879488,301334528,8863744,44916736,1384299.5949404836,0,985707.2077385867,26671.876017451326,0,0,0,1586746.342468576,13,8,8,4,9,15,6,6,3,11,1,3,6,31,16,7.533,3.8,24.133,1.333,1.333,1.267,15.133,0.015109170305676855,0.0031104972375690606,0.030220588235294124,0.03185483870967742,0.002343283582089552,0.0030666666666666668,0.006166338582677165,0.024384279475982536,0.004798895027624309,0.08067857142857143,0.04637096774193548,0.004468656716417911,0.00472,0.009312007874015748
1705783799,1.663154675158771,3.0362540692328808,0.1967168058633045,0.1470450000000012,4.805536528332193,3.4705332160844655,0.49449333490622016,0.08949208816049711,0.3434996024885438,0.8843537566090542,0.00020084858527278672,0.28310428276459126,0.3645233943621107,1.0689796796014748,1.331448588501959,209068032,78442496,5992448,425590784,98934784,334688256,39350272,4538368,280334336,92573696,4718592,2879488,301334528,8863744,44916736,1384299.5949404836,0,985707.2077385867,22271.238740205335,0,0,0,1586746.342468576,13,8,8,4,9,15,6,6,3,11,1,3,6,31,16,7.533,3.8,24.133,1.333,1.333,1.267,15.133,0.015109170305676855,0.0031104972375690606,0.030220588235294124,0.03185483870967742,0.002343283582089552,0.0030666666666666668,0.006166338582677165,0.024384279475982536,0.004798895027624309,0.08067857142857143,0.04637096774193548,0.004468656716417911,0.00472,0.009312007874015748
1705783800,1.663154675158771,3.0362540692328808,0.1967168058633045,0.1470450000000012,4.805536528332193,3.4705332160844655,0.49449333490622016,0.08924157178930585,0.33664339142301464,0.8843537566090542,0.00020084858527278672,0.28310428276459126,0.3645233943621107,1.0483462592668145,1.331448588501959,209068032,78442496,5992448,425590784,98934784,334688256,39350272,4538368,280334336,92573696,4718592,2879488,301334528,8863744,44916736,1384299.5949404836,0,985707.2077385867,21826.707473247814,0,0,0,1586746.342468576,13,8,8,4,9,15,6,6,3,11,1,3,6,31,16,7.533,3.8,24.133,1.333,1.333,1.267,15.133,0.015109170305676855,0.0031104972375690606,0.030220588235294124,0.03185483870967742,0.002343283582089552,0.0030666666666666668,0.006166338582677165,0.024384279475982536,0.004798895027624309,0.08067857142857143,0.04637096774193548,0.004468656716417911,0.00472,0.009312007874015748
1705783801,1.5903891676924704,3.0362540692328808,0.1967168058633045,0.1470450000000012,4.805536528332193,3.4705332160844655,0.49449333490622016,0.08924157178930585,0.38286620728676735,0.8843537566090542,0.00020084858527278672,0.28310428276459126,0.3645233943621107,1.027712838932154,1.331448588501959,209068032,78442496,5992448,425590784,98934784,334688256,39350272,4538368,280338432,92573696,4718592,2879488,301334528,8863744,44916736,1384299.5949404836,0,985707.2077385867,41384.606058156685,0,0,0,1586746.342468576,13,8,8,4,9,15,6,6,3,11,1,3,6,31,16,7.533,3.733,24.133,1.333,1.333,1.267,15.133,0.015109170305676855,0.0031176470588235292,0.030220588235294124,0.03185483870967742,0.002343283582089552,0.0030666666666666668,0.006166338582677165,0.024384279475982536,0.004811764705882353,0.08067857142857143,0.04637096774193548,0.004468656716417911,0.00472,0.009312007874015748
1705783802,1.5903891676924704,3.0362540692328808,0.20048275644464222,0.1470450000000012,4.805536528332193,3.4705332160844655,0.49449333490622016,0.08924157178930585,0.38286620728676735,0.8843537566090542,0.00020084858527278672,0.28310428276459126,0.3645233943621107,1.0070794185974936,1.331448588501959,209068032,78442496,5992448,425590784,98934784,334688256,39350272,4538368,280338432,92573696,4718592,2879488,301334528,8863744,44916736,1384299.5949404836,0,985707.2077385867,41384.606058156685,0,0,0,1586746.342468576,13,8,8,4,9,15,6,6,3,11,1,3,6,31,16,7.533,3.733,24.133,1.333,1.333,1.267,16.2,0.015109170305676855,0.0031176470588235292,0.030220588235294124,0.03185483870967742,0.002343283582089552,0.0030666666666666668,0.006134122287968441,0.024384279475982536,0.004811764705882353,0.08067857142857143,0.04637096774193548,0.004468656716417911,0.00472,0.009297830374753452
1705783803,1.5903891676924704,3.0362540692328808,0.18710767218831723,0.1470450000000012,4.805536528332193,3.4705332160844655,0.49449333490622016,0.08924157178930585,0.38286620728676735,0.8843537566090542,0.00014574603752961135,0.28310428276459126,0.3645233943621107,1.1964439524707584,1.331448588501959,209068032,78442496,6004736,425590784,98934784,334688256,39350272,4538368,280338432,92573696,4718592,2879488,301334528,8867840,44916736,1384299.5949404836,0,985707.2077385867,41384.606058156685,0,0,0,1586746.342468576,13,8,8,4,9,15,6,6,3,11,1,3,6,31,16,7.533,3.733,24.133,1.333,1.667,1.267,16.2,0.015109170305676855,0.003117647058823529,0.030220588235294124,0.03185483870967742,0.00215625,0.0030666666666666668,0.006134122287968441,0.024384279475982536,0.004811764705882352,0.08067857142857143,0.04637096774193548,0.00443125,0.00472,0.009297830374753452
1705783804,1.5903891676924704,2.617546199046585,0.18710767218831723,0.1470450000000012,4.805536528332193,3.4705332160844655,0.49449333490622016,0.08924157178930585,0.38286620728676735,0.8843537566090542,0.00014574603752961135,0.28310428276459126,0.3639466298815572,1.1964439524707584,1.331448588501959,209068032,78442496,6004736,425590784,98934784,334688256,39350272,4538368,280338432,92573696,4718592,2879488,301334528,8867840,44916736,1193400.835521538,0,985707.2077385867,41384.606058156685,0,0,0,1586746.342468576,13,8,8,4,9,15,6,6,3,11,1,3,6,31,16,7.533,3.733,24.133,1.333,1.667,1.667,16.2,0.015109170305676855,0.003117647058823529,0.030220588235294124,0.03185483870967742,0.00215625,0.003069767441860465,0.006134122287968441,0.024384279475982536,0.004811764705882352,0.08067857142857143,0.04637096774193548,0.00443125,0.004725581395348838,0.009297830374753452
1705783805,1.5903891676924704,2.5669419645593705,0.18710767218831723,0.1470450000000012,4.805536528332193,3.4705332160844655,0.49449333490622016,0.08924157178930585,0.38286620728676735,0.8843537566090542,0.00014574603752961135,0.28310428276459126,0.3639466298815572,1.1536750204968187,1.331448588501959,209068032,78442496,6004736,425590784,98934784,334688256,39350272,4538368,280338432,92573696,4718592,2879488,301334528,8867840,44916736,1170329.1756058636,0,985707.2077385867,41384.606058156685,0,0,0,1586746.342468576,13,8,8,4,9,15,6,6,3,11,1,3,6,31,16,7.867,3.733,24.133,1.8,2.133,2.133,17.2,0.015098684210526315,0.003117647058823529,0.030220588235294124,0.033395522388059706,0.0021428571428571425,0.003070588235294118,0.006237957610789981,0.02438815789473684,0.004811764705882352,0.08067857142857143,0.04667910447761194,0.0044285714285714275,0.004727058823529412,0.00931695568400771
1705783806,1.5903891676924704,2.516337730072156,0.18710767218831723,0.2391872665836723,4.805536528332193,3.4705332160844655,0.49449333490622016,0.08924157178930585,0.38286620728676735,0.8843537566090542,0.00014574603752961135,0.28310428276459126,0.3639466298815572,1.1536750204968187,1.331448588501959,209068032,78442496,6004736,425594880,98934784,334688256,39350272,4538368,280338432,92573696,4718592,2879488,301334528,8867840,44916736,1147257.515690189,0,985707.2077385867,41384.606058156685,0,0,0,1586746.342468576,13,8,8,4,9,15,6,6,3,11,1,3,6,31,16,7.867,3.733,24.133,1.8,2.133,2.133,17.2,0.015098684210526315,0.003117647058823529,0.030220588235294124,0.033395522388059706,0.0021428571428571425,0.003070588235294118,0.006237957610789981,0.02438815789473684,0.004811764705882352,0.08067857142857143,0.04667910447761194,0.0044285714285714275,0.004727058823529412,0.00931695568400771
1705783807,1.5903891676924704,3.2521349526726078,0.1871076721883172,0.2391872665836723,4.089204565221386,1.143161703145543,0.49449333490622016,0.08924157178930585,0.38286620728676735,0.8843537566090542,0.00014574603752961135,0.28310428276459126,0.3639466298815572,1.1536750204968187,1.0662427268431014,209068032,78503936,6004736,425594880,98934784,334688256,39350272,4538368,280338432,92573696,4718592,2879488,301334528,8867840,44916736,2002672.6057906456,0,985707.2077385867,41384.606058156685,0,0,0,1459061.495339287,13,8,8,4,9,15,6,6,3,11,1,3,6,31,16,7.867,3.733,24.133,1.8,2.133,2.133,17.2,0.015098684210526315,0.003117647058823529,0.030220588235294124,0.033395522388059706,0.0021428571428571425,0.003070588235294118,0.006237957610789981,0.02438815789473684,0.004811764705882352,0.08067857142857143,0.04667910447761194,0.0044285714285714275,0.004727058823529412,0.00931695568400771
1705783808,1.5903891676924704,3.2521349526726078,0.1871076721883172,0.2391872665836723,4.009112289749183,1.143161703145543,0.49449333490622016,0.08924157178930585,0.38286620728676735,0.8843537566090545,0,0.2734543303654809,0.3639466298815572,1.1536750204968187,1.2682419659735364,209068032,78503936,6004736,425594880,98934784,334688256,39350272,4538368,280338432,92573696,4718592,2879488,301334528,8867840,44916736,2002672.6057906456,0,985707.2077385867,41384.606058156685,0,0,0,1735480.0860439348,13,8,8,4,9,15,6,6,3,11,1,3,6,31,16,8.667,3.867,24.267,1.933,2.133,2.133,17.933,0.015572429906542057,0.003059171597633136,0.030074626865671646,0.0338768115942029,0.0021428571428571425,0.003070588235294118,0.0062037037037037035,0.02682432432432434,0.004706508875739645,0.08068345323741008,0.04677536231884058,0.0044285714285714275,0.004727058823529412,0.009318713450292398
1705783809,1.5903891676924704,2.513795637902904,0.1871076721883172,0.2391872665836723,3.9399019845003997,1.143161703145543,0.49449333490622016,0.08924157178930585,0.38286620728676735,0.8843537566090545,0,0.2878415243211482,0.3639466298815572,1.1536750204968187,1.2682419659735364,209068032,78503936,6004736,425594880,98934784,334688256,39350272,4538368,280338432,92573696,4718592,2879488,301334528,8867840,44916736,1782903.9547983652,0,985707.2077385867,41384.606058156685,0,0,0,1735480.0860439348,13,8,8,4,9,15,6,6,3,11,1,3,6,31,16,8.667,3.867,24.8,1.933,2.133,2.133,17.933,0.015572429906542057,0.003059171597633136,0.02990412979351033,0.0338768115942029,0.0021428571428571425,0.003070588235294118,0.0062037037037037035,0.02682432432432434,0.004706508875739645,0.08023985239852399,0.04677536231884058,0.0044285714285714275,0.004727058823529412,0.009318713450292398
1705783810,1.5903891676924704,2.5663000112817373,0.1871076721883172,0.2391872665836723,4.7393429100273625,1.143161703145543,0.49449333490622016,0.08601015888218105,0.38286620728676735,0.8843537566090545,0,0.2878415243211482,0.3639466298815572,1.153675020496819,1.2682419659735364,209068032,78503936,6004736,425594880,99864576,334688256,39350272,4534272,280338432,92573696,4718592,2879488,301334528,8867840,44916736,1820142.564624033,0,985707.2077385867,41384.606058156685,0,0,0,1735480.0860439348,13,8,8,4,8,15,6,6,3,11,1,3,6,31,16,8.667,3.867,24.8,1.933,2.133,2.133,17.933,0.015572429906542057,0.003059171597633136,0.02990412979351033,0.0338768115942029,0.0021428571428571425,0.003070588235294118,0.0062037037037037035,0.02682432432432434,0.004706508875739645,0.08023985239852399,0.04677536231884058,0.0044285714285714275,0.004727058823529412,0.009318713450292398
1705783811,1.5903891676924704,2.618804384660571,0.1871076721883172,0.2391872665836723,4.7393429100273625,1.1176861061668832,0.41774934292137167,0.08210317460317436,0.306502792412426,0.8843537566090545,0,0.2878415243211482,0.3639466298815572,1.153675020496819,1.2682419659735364,209068032,78503936,6004736,425594880,99864576,334692352,39350272,4534272,280338432,92573696,4718592,2879488,301334528,8867840,44916736,1857381.1744497013,0,832728.1871731351,32920.819135210244,0,0,0,1735480.0860439348,13,8,8,4,8,15,6,6,3,11,1,3,6,31,16,8.667,3.867,24.8,1.933,2.133,2.133,17.933,0.015572429906542057,0.003059171597633136,0.02990412979351033,0.0338768115942029,0.0021428571428571425,0.003070588235294118,0.0062037037037037035,0.02682432432432434,0.004706508875739645,0.08023985239852399,0.04677536231884058,0.0044285714285714275,0.004727058823529412,0.009318713450292398
1705783812,1.3661089530663277,2.6713087580394044,0.1871076721883172,0.2391872665836723,4.7393429100273625,1.1176861061668832,0.4891511828612041,0.08210317460317436,0.3641599353357191,0.8626713499735748,0,0.2878415243211482,0.3639466298815572,1.153675020496819,1.0691174086326414,209068032,78503936,6004736,425594880,99864576,334692352,39366656,4534272,280334336,92573696,4718592,2879488,301334528,8867840,44916736,1894619.7842753688,0,901072.8669577284,24269.955338033742,0,0,0,1462995.2502009864,13,8,8,4,8,15,6,6,3,11,1,3,6,31,16,8.667,3.867,24.8,1.933,2.133,2.133,17.933,0.015572429906542057,0.003059171597633136,0.02990412979351033,0.0338768115942029,0.0021428571428571425,0.003070588235294118,0.0062037037037037035,0.02682432432432434,0.004706508875739645,0.08023985239852399,0.04677536231884058,0.0044285714285714275,0.004727058823529412,0.009318713450292398
1705783813,1.6362565716657533,2.7238131314182383,0.1871076721883172,0.2391872665836723,4.7393429100273625,1.1176861061668832,0.4764973871097388,0.08210317460317436,0.37160531932363705,0.8860033305578626,0,0.2878415243211482,0.3639466298815572,1.153675020496819,1.0479800425330823,209088512,78503936,6004736,425594880,99864576,334692352,39366656,4534272,280334336,92573696,4718592,2879488,301334528,8867840,44916736,1931858.3941010372,0,631167.0909821788,24766.163512869593,0,0,0,1434070.582100254,13,8,8,4,8,15,6,6,3,11,1,3,6,31,16,8.667,3.867,24.8,1.933,2.133,2.133,17.933,0.015572429906542057,0.003059171597633136,0.02990412979351033,0.0338768115942029,0.0021428571428571425,0.003070588235294118,0.0062037037037037035,0.02682432432432434,0.004706508875739645,0.08023985239852399,0.04677536231884058,0.0044285714285714275,0.004727058823529412,0.009318713450292398
1705783814,1.6362565716657533,3.1502624027300223,0.1871076721883172,0.2391872665836723,4.7393429100273625,1.1176861061668832,0.4764973871097388,0.08210317460317436,0.3790507033115549,0.8860033305578626,0,0.2878415243211482,0.3639466298815572,1.153675020496819,1.2604036511156138,209088512,78503936,6004736,425594880,99864576,334692352,39366656,4534272,280334336,92573696,4718592,2879488,301334528,8867840,44965888,2234316.5895400844,0,631167.0909821788,25262.37168770544,0,0,0,1578580.1217038543,13,8,8,4,8,15,6,6,3,11,1,3,6,31,16,8.667,3.867,24.8,1.933,2.133,2.133,17.933,0.015572429906542057,0.003059171597633136,0.02990412979351033,0.0338768115942029,0.0021428571428571425,0.003070588235294118,0.0062037037037037035,0.02682432432432434,0.004706508875739645,0.08023985239852399,0.04677536231884058,0.0044285714285714275,0.004727058823529412,0.009318713450292398
1705783815,1.3456681390562215,3.1502624027300223,0.1871076721883172,0.2391872665836723,4.7393429100273625,1.1176861061668832,0.4764973871097388,0.08210317460317436,0.4467230392750716,0.8860033305578626,0,0.2878415243211482,0.3703754136789874,1.153675020496819,1.2604036511156138,209088512,78503936,6004736,425594880,99864576,334692352,39366656,4534272,280334336,92573696,4718592,2879488,301346816,8867840,44965888,2234316.5895400844,0,631167.0909821788,29772.490490150944,0,0,0,1578580.1217038543,13,8,8,4,8,15,6,6,3,11,1,3,6,31,16,8.667,3.867,24.8,1.933,2.133,2.133,17.933,0.015572429906542057,0.003059171597633136,0.02990412979351033,0.0338768115942029,0.0021428571428571425,0.003070588235294118,0.0062037037037037035,0.02682432432432434,0.004706508875739645,0.08023985239852399,0.04677536231884058,0.0044285714285714275,0.004727058823529412,0.009318713450292398
1705783816,1.3722800772836896,3.1502624027300223,0.1871076721883172,0.2391872665836723,4.7393429100273625,1.1176861061668832,0.4764973871097388,0.08210317460317436,0.4467230392750716,0.8860033305578626,0,0.2878415243211482,0.3703754136789874,1.153675020496819,1.2604036511156138,209088512,78503936,6004736,425594880,99864576,334692352,39366656,4534272,280334336,92573696,4718592,2879488,301346816,8867840,44965888,2234316.5895400844,0,631167.0909821788,29772.490490150944,0,0,0,1578580.1217038543,13,8,8,4,8,15,6,6,3,11,1,3,6,31,16,8.667,4.133,24.8,1.933,2.133,2.133,17.933,0.015572429906542057,0.0030459770114942527,0.02990412979351033,0.0338768115942029,0.0021428571428571425,0.003070588235294118,0.0062037037037037035,0.02682432432432434,0.004682758620689655,0.08023985239852399,0.04677536231884058,0.0044285714285714275,0.004727058823529412,0.009318713450292398
1705783817,1.5967162936480785,3.1502624027300223,0.18189056069091183,0.2391872665836723,4.7393429100273625,1.1176861061668832,0.4764973871097388,0.08210317460317436,0.4467230392750716,0.8860033305578626,0,0.2878415243211482,0.35314612710063886,1.144602903067392,1.2604036511156138,209088512,78503936,6004736,425594880,99864576,334692352,39366656,4534272,280334336,92573696,4718592,2879488,301346816,8880128,44965888,2234316.5895400844,0,631167.0909821788,29772.490490150944,0,0,0,1578580.1217038543,13,8,8,4,8,15,6,6,3,11,1,3,6,31,16,8.667,4.133,24.8,1.933,2.133,2.133,17.933,0.015572429906542057,0.0030459770114942527,0.02990412979351033,0.0338768115942029,0.0021428571428571425,0.003070588235294118,0.0060728952772073925,0.02682432432432434,0.004682758620689655,0.08023985239852399,0.04677536231884058,0.0044285714285714275,0.004727058823529412,0.00930492813141684
1705783818,1.5967162936480785,3.1502624027300223,0.18189056069091183,0.2391872665836723,4.7393429100273625,1.1176861061668832,0.4764973871097388,0.08210317460317436,0.4467230392750716,0.8860033305578626,0,0.2878415243211482,0.35314612710063886,1.126235119696571,1.2604036511156138,209088512,78503936,6004736,425594880,99864576,334692352,39366656,4534272,280334336,92573696,4718592,2879488,301346816,8880128,44965888,2234316.5895400844,0,631167.0909821788,29772.490490150944,0,0,0,1578580.1217038543,13,8,8,4,8,15,6,6,3,11,1,3,6,31,16,8.667,4.133,24.8,1.933,1.933,2.133,17.933,0.015572429906542057,0.0030459770114942527,0.02990412979351033,0.0338768115942029,0.0024242424242424242,0.003070588235294118,0.0060728952772073925,0.02682432432432434,0.004682758620689655,0.08023985239852399,0.04677536231884058,0.004484848484848486,0.004727058823529412,0.00930492813141684
1705783819,1.5967162936480785,3.1502624027300223,0.15388699311787352,0.2391872665836723,4.7393429100273625,1.1176861061668832,0.4764973871097388,0.08210317460317436,0.4467230392750716,0.8860033305578626,0,0.2878415243211482,0.35314612710063886,1.126235119696571,1.2604036511156138,209088512,78503936,6004736,425594880,99864576,334692352,39366656,4534272,280334336,92573696,4718592,2879488,301346816,8880128,44965888,2234316.5895400844,0,631167.0909821788,29772.490490150944,0,0,0,1578580.1217038543,13,8,8,4,8,15,6,6,3,11,1,3,6,31,16,8.667,4.133,24.8,1.933,1.933,2,17.933,0.015572429906542057,0.0030459770114942527,0.02990412979351033,0.0338768115942029,0.0024242424242424242,0.0030731707317073168,0.0060728952772073925,0.02682432432432434,0.004682758620689655,0.08023985239852399,0.04677536231884058,0.004484848484848486,0.00473170731707317,0.00930492813141684
1705783820,1.5967162936480785,3.1502624027300223,0.17727556445190615,0.2391872665836723,3.851782774635535,1.1176861061668832,0.4764973871097388,0.08210317460317436,0.4467230392750716,0.8860033305578626,0,0.28612840665509753,0.35314612710063886,1.126235119696571,1.2604036511156138,209088512,78503936,5992448,425594880,99864576,334692352,39366656,4534272,280334336,92573696,4718592,2879488,301346816,8880128,44965888,2234316.5895400844,0,631167.0909821788,29772.490490150944,0,0,0,1578580.1217038543,13,8,8,4,8,15,6,6,3,11,1,3,6,31,16,8.533,4.133,24.8,1.733,1.733,1.8,17.533,0.01578271028037383,0.0030459770114942527,0.02990412979351033,0.03474264705882353,0.0023666666666666667,0.003078947368421052,0.006147119341563786,0.027229729729729705,0.004682758620689655,0.08023985239852399,0.04694852941176471,0.0044733333333333335,0.004742105263157894,0.009311728395061728
1705783821,1.5967162936480785,2.7143098398366696,0.17727556445190615,0.23471782057532609,3.929870664443407,1.1176861061668832,0.4764973871097388,0.08210317460317436,0.4467230392750716,0.8860033305578626,0,0.23015295386454213,0.35314612710063886,1.126235119696571,1.2604036511156131,209088512,78503936,5992448,425594880,99864576,334692352,39366656,4534272,280334336,92573696,4718592,2879488,301346816,8880128,44965888,1925118.2057225914,0,631167.0909821788,29772.490490150944,0,0,0,1578580.1217038538,13,8,8,4,8,15,6,6,3,11,1,3,6,31,16,8.533,4.133,24.8,1.733,1.733,1.8,17.533,0.01578271028037383,0.0030459770114942527,0.02990412979351033,0.03474264705882353,0.0023666666666666667,0.003078947368421052,0.006147119341563786,0.027229729729729705,0.004682758620689655,0.08023985239852399,0.04694852941176471,0.0044733333333333335,0.004742105263157894,0.009311728395061728
1705783822,1.5967162936480785,2.661805466457836,0.17727556445190615,0.23471782057532609,4.685273388472306,1.1176861061668832,0.4764973871097388,0.08603944006621256,0.4467230392750716,0.8860033305578626,0,0.23505505761069412,0.35314612710063886,1.126235119696571,1.2604036511156131,209088512,78503936,5992448,425594880,99864576,334692352,39366656,4538368,280334336,92573696,4718592,2879488,301346816,8880128,44965888,1887879.5958969232,0,631167.0909821788,29772.490490150944,0,0,0,1578580.1217038538,13,8,8,4,8,15,6,6,3,11,1,3,6,31,16,8.533,4.133,24.8,1.733,1.733,1.8,17.533,0.01578271028037383,0.0030459770114942527,0.02990412979351033,0.03474264705882353,0.0023666666666666667,0.003078947368421052,0.006147119341563786,0.027229729729729705,0.004682758620689655,0.08023985239852399,0.04694852941176471,0.0044733333333333335,0.004742105263157894,0.009311728395061728
1705783823,1.5967162936480785,2.609301093079002,0.17727556445190615,0.23471782057532609,4.685273388472306,1.0122679318677386,0.4764973871097388,0.08603944006621256,0.4467230392750716,0.8860033305578626,0,0.23995716135684605,0.35314612710063886,1.126235119696571,1.2604036511156131,209088512,78503936,5992448,425594880,99864576,334692352,39366656,4538368,280334336,92573696,4718592,2879488,301346816,8880128,44965888,1850640.9860712553,0,631167.0909821788,29772.490490150944,0,0,0,1578580.1217038538,13,8,8,4,8,15,6,6,3,11,1,3,6,31,16,8.4,3.933,24.067,2,1.733,1.8,18.067,0.01582983193277311,0.003035502958579882,0.03024553571428572,0.034221311475409834,0.0023666666666666667,0.003078947368421052,0.00607521186440678,0.024930672268907564,0.004663905325443787,0.08035580524344572,0.04684426229508198,0.0044733333333333335,0.004742105263157894,0.009291313559322034
1705783824,1.5967162936480785,2.556796719700168,0.17727556445190615,0.22986379587224057,4.685273388472306,1.0122679318677386,0.4764973871097388,0.08603944006621256,0.4467230392750716,0.8860033305578626,0,0.24485926510299794,0.35314612710063886,1.126235119696571,1.2604036511156131,209088512,78503936,5992448,425590784,99864576,334692352,39366656,4538368,280334336,92573696,4718592,2879488,301346816,8880128,44965888,1813402.376245587,0,631167.0909821788,29772.490490150944,0,0,0,1578580.1217038538,13,8,8,4,8,15,6,6,3,11,1,3,6,31,16,8.4,3.933,22.733,2,1.733,1.8,18.067,0.01582983193277311,0.003035502958579882,0.030647590361445782,0.034221311475409834,0.0023666666666666667,0.003078947368421052,0.00607521186440678,0.024930672268907564,0.004663905325443787,0.08078947368421052,0.04684426229508198,0.0044733333333333335,0.004742105263157894,0.009291313559322034
1705783825,1.5967162936480785,2.504292346321335,0.17727556445190615,0.22986379587224054,4.685273388472306,1.0122679318677386,0.4764973871097388,0.08603944006621256,0.4467230392750716,0.8692526389014991,0,0.24976136884914987,0.35314612710063886,1.126235119696571,1.2349369374453152,209088512,78503936,5992448,425590784,99864576,334692352,39366656,4538368,280334336,92573696,4718592,2879488,301346816,8880128,44965888,1776163.7664199192,0,631167.0909821788,29772.490490150944,0,0,0,1305967.664569284,13,8,8,4,8,15,6,6,3,11,1,3,6,31,16,8.4,3.933,22.733,2,1.733,1.8,18.067,0.01582983193277311,0.003035502958579882,0.030647590361445782,0.034221311475409834,0.0023666666666666667,0.003078947368421052,0.00607521186440678,0.024930672268907564,0.004663905325443787,0.08078947368421052,0.04684426229508198,0.0044733333333333335,0.004742105263157894,0.009291313559322034
1705783826,1.6410924369748,2.451787972942501,0.17727556445190615,0.22986379587224054,4.685273388472306,1.0122679318677386,0.4847708230655504,0.08603944006621256,0.4467230392750716,0.8692526389014991,0,0.2546634725953018,0.35314612710063886,1.126235119696571,1.2349369374453152,209117184,78503936,5992448,425590784,99864576,334692352,39387136,4538368,280334336,92573696,4718592,2879488,301346816,8880128,44965888,1738925.1565942508,0,870141.5679543176,29772.490490150944,0,0,0,1305967.664569284,13,8,8,4,8,15,6,6,3,11,1,3,6,31,16,8.4,3.933,22.733,2,1.733,1.8,18.067,0.01582983193277311,0.003035502958579882,0.030647590361445782,0.034221311475409834,0.0023666666666666667,0.003078947368421052,0.00607521186440678,0.024930672268907564,0.004663905325443787,0.08078947368421052,0.04684426229508198,0.0044733333333333335,0.004742105263157894,0.009291313559322034
1705783827,1.6410924369748,2.3992835995636677,0.17727556445190615,0.22986379587224054,3.9265128851816677,1.0122679318677386,0.402206523902986,0.08088771593090163,0.3806067885650297,0.8692526389014991,0,0.29412622476911593,0.35314612710063886,1.126235119696571,1.2349369374453152,209117184,78503936,5992448,425590784,99864576,334692352,39387136,4538368,280334336,92573696,4718592,2879488,301346816,8880128,44965888,1701686.5467685831,0,814801.412164623,25366.079196246134,0,0,0,1305967.664569284,13,8,8,4,8,15,6,6,3,11,1,3,6,31,16,8.4,3.933,22.733,2,1.733,1.8,18.067,0.01582983193277311,0.003035502958579882,0.030647590361445782,0.034221311475409834,0.0023666666666666667,0.003078947368421052,0.00607521186440678,0.024930672268907564,0.004663905325443787,0.08078947368421052,0.04684426229508198,0.0044733333333333335,0.004742105263157894,0.009291313559322034
1705783828,1.6410924369748,2.595328525805534,0.17727556445190615,0.22986379587224054,3.8484249953737963,1.0122679318677386,0.41030684359866815,0.08088771593090163,0.44803654236935453,0.8692526389014991,0,0.29412622476911593,0.35314612710063886,1.126235119696571,1.2349369374453152,209117184,78503936,5992448,425590784,99864576,334692352,39387136,4538368,280334336,92573696,4718592,2879488,301346816,8880128,44965888,1982478.0153977757,0,831211.2701226175,42683.7105094048,0,0,0,1305967.664569284,13,8,8,4,8,15,6,6,3,11,1,3,6,31,16,8.4,3.933,22.733,2,1.733,1.8,18.067,0.01582983193277311,0.003035502958579882,0.030647590361445782,0.034221311475409834,0.0023666666666666667,0.003078947368421052,0.00607521186440678,0.024930672268907564,0.004663905325443787,0.08078947368421052,0.04684426229508198,0.0044733333333333335,0.004742105263157894,0.009291313559322034
1705783829,1.6410924369748,2.5379909390742346,0.17727556445190615,0.22986379587224054,4.849896070474102,1.1861211468983013,0.41840716329435024,0.08088771593090163,0.44803654236935453,0.8692526389014991,0,0.29412622476911593,0.35314612710063886,1.126235119696571,1.2349369374453152,209117184,78503936,5992448,425590784,105975808,334913536,39387136,4538368,280334336,92573696,4718592,2879488,301346816,8880128,44965888,1938679.8973481609,0,847621.1280806119,42683.7105094048,0,0,0,1305967.664569284,13,8,8,4,8,15,6,6,3,11,1,3,6,31,16,8.4,3.933,22.733,2,1.733,1.8,18.067,0.01582983193277311,0.003035502958579882,0.030647590361445782,0.034221311475409834,0.0023666666666666667,0.003078947368421052,0.00607521186440678,0.024930672268907564,0.004663905325443787,0.08078947368421052,0.04684426229508198,0.0044733333333333335,0.004742105263157894,0.009291313559322034
1705783830,1.6410924369748,3.617586647029944,0.17727556445190615,0.22986379587224054,4.849896070474102,1.1861211468983013,0.4860191817409262,0.08088771593090163,0.448108319059912,0.8692526389014991,0,0.29412622476911593,0.3571476778261304,1.126235119696571,1.2349369374453152,209117184,78565376,5992448,425590784,105975808,334913536,39387136,4538368,280334336,92573696,4718592,2879488,301334528,8880128,44965888,2187750.6136475205,0,984591.4774796648,53283.611213494354,0,0,0,1305967.664569284,13,8,8,4,8,15,6,6,3,11,1,3,6,31,16,8.4,3.933,22.733,2,1.733,1.8,18.067,0.01582983193277311,0.003035502958579882,0.030647590361445782,0.034221311475409834,0.0023666666666666667,0.003078947368421052,0.00607521186440678,0.024930672268907564,0.004663905325443787,0.08078947368421052,0.04684426229508198,0.0044733333333333335,0.004742105263157894,0.009291313559322034
1705783831,1.6410924369748,3.617586647029944,0.17727556445190615,0.22986379587224054,4.849896070474102,1.1861211468983013,0.4860191817409262,0.08088771593090163,0.448108319059912,0.8692526389014991,0,0.29412622476911593,0.3571476778261304,4.797352597655399,1.2349369374453152,209117184,78565376,5992448,425590784,105975808,334913536,39387136,4538368,280334336,92573696,4718592,2879488,301334528,94150656,44965888,2187750.6136475205,0,984591.4774796648,53283.611213494354,0,0,0,1305967.664569284,13,8,8,4,8,15,6,6,3,11,1,3,6,34,16,8.4,4.2,22.733,2,1.733,1.8,18.067,0.01582983193277311,0.0030348837209302326,0.030647590361445782,0.034221311475409834,0.0023666666666666667,0.003078947368421052,0.00607521186440678,0.024930672268907564,0.004662790697674419,0.08078947368421052,0.04684426229508198,0.0044733333333333335,0.004742105263157894,0.009291313559322034
1705783832,1.6758565094720048,3.617586647029944,0.17727556445190615,0.22986379587224054,4.849896070474102,1.1861211468983013,0.4860191817409262,0.08088771593090163,0.448108319059912,0.8686610341590641,0,0.29412622476911593,0.3571476778261304,4.797352597655399,1.294031031106418,209117184,78565376,5992448,425590784,105975808,334913536,39387136,4538368,280334336,92573696,4718592,2879488,301334528,94150656,45101056,2187750.6136475205,0,984591.4774796648,53283.611213494354,0,0,0,1712194.0197333733,13,8,8,4,8,15,6,6,3,11,1,3,6,34,16,8.4,4.2,22.733,2,1.733,1.8,19.267,0.01582983193277311,0.0030348837209302326,0.030647590361445782,0.034221311475409834,0.0023666666666666667,0.003078947368421052,0.006095744680851063,0.024930672268907564,0.004662790697674419,0.08078947368421052,0.04684426229508198,0.0044733333333333335,0.004742105263157894,0.009448936170212764
1705783833,1.6758565094720048,3.617586647029944,0.16369089853576574,0.22599216575610515,4.849896070474102,1.1861211468983013,0.4860191817409262,0.08088771593090163,0.448108319059912,0.8686610341590641,0,0.29412622476911593,0.3571476778261304,4.797352597655399,1.294031031106418,209117184,78565376,5992448,425590784,105975808,334913536,39387136,4538368,280334336,92573696,4718592,2879488,301334528,94150656,45101056,2187750.6136475205,0,984591.4774796648,53283.611213494354,0,0,0,1712194.0197333733,13,8,8,4,8,15,6,6,3,11,1,3,6,34,16,8.4,4.2,22.733,2,2.133,1.8,19.267,0.01582983193277311,0.0030348837209302326,0.030647590361445782,0.034221311475409834,0.002333333333333333,0.003078947368421052,0.006095744680851063,0.024930672268907564,0.004662790697674419,0.08078947368421052,0.04684426229508198,0.0044666666666666665,0.004742105263157894,0.009448936170212764
1705783834,1.6758565094720048,3.617586647029944,0.16369089853576574,0.22599216575610515,4.849896070474102,1.1861211468983013,0.4860191817409262,0.08088771593090163,0.448108319059912,0.8686610341590641,0,0.25573703331570913,0.2724928191532546,4.797352597655399,1.294031031106418,209117184,78565376,5992448,425590784,105975808,334913536,39387136,4538368,280334336,92573696,4718592,2879488,301334528,94150656,45101056,2187750.6136475205,0,984591.4774796648,53283.611213494354,0,0,0,1712194.0197333733,13,8,8,4,8,15,6,6,3,11,1,3,6,34,16,8.4,4.2,22.733,2,2.133,2.067,19.267,0.01582983193277311,0.0030348837209302326,0.030647590361445782,0.034221311475409834,0.002333333333333333,0.003076923076923077,0.006095744680851063,0.024930672268907564,0.004662790697674419,0.08078947368421052,0.04684426229508198,0.0044666666666666665,0.0047384615384615395,0.009448936170212764
1705783835,1.6758565094720048,3.617586647029944,0.19044951111880157,0.22599216575610515,4.849896070474102,1.1861211468983013,0.4860191817409262,0.08088771593090163,0.448108319059912,0.8686610341590641,0,0.2508349295695571,0.2787948704186879,4.797352597655399,1.294031031106418,209117184,78565376,6025216,425590784,105975808,334913536,39387136,4538368,280334336,92573696,4718592,2879488,301334528,94150656,45101056,2187750.6136475205,0,984591.4774796648,53283.611213494354,0,0,0,1712194.0197333733,13,8,8,4,8,15,6,6,3,11,1,3,6,34,16,8.867,4.2,22.733,2.467,2.6,2.533,20.667,0.0155625,0.0030348837209302326,0.030647590361445782,0.035546875,0.0024324324324324323,0.0030909090909090908,0.006234504132231404,0.0248625,0.004662790697674419,0.08078947368421052,0.049296875,0.004486486486486486,0.004763636363636364,0.009627066115702479
1705783836,1.6758565094720048,3.617586647029944,0.19044951111880157,0.22599216575610515,4.849896070474102,1.1861211468983013,0.4860191817409262,0.08088771593090163,0.448108319059912,0.8686610341590641,0,0.2459328258234052,0.2850969216841212,4.797352597655399,1.294031031106418,209117184,78565376,6025216,425590784,105975808,334913536,39387136,4538368,280334336,92573696,4718592,2879488,301334528,94150656,45101056,2187750.6136475205,0,984591.4774796648,53283.611213494354,0,0,0,1712194.0197333733,13,8,8,4,8,15,6,6,3,11,1,3,6,34,16,8.867,4.2,22.733,2.467,2.6,2.533,20.667,0.0155625,0.0030348837209302326,0.030647590361445782,0.035546875,0.0024324324324324323,0.0030909090909090908,0.006234504132231404,0.0248625,0.004662790697674419,0.08078947368421052,0.049296875,0.004486486486486486,0.004763636363636364,0.009627066115702479
1705783837,1.6758565094720048,3.617586647029944,0.19044951111880157,0.22599216575610515,4.849896070474102,1.0690941432835628,0.4860191817409262,0.09122757451617489,0.448108319059912,0.8686610341590641,0,0.24103072207725332,0.2913989729495545,4.797352597655399,1.294031031106418,209117184,78565376,6025216,425590784,105975808,334913536,39387136,4538368,280334336,92573696,4718592,2879488,301334528,94150656,45101056,2187750.6136475205,0,984591.4774796648,53283.611213494354,0,0,0,1712194.0197333733,13,8,8,4,8,15,6,6,3,11,1,3,6,34,16,8.867,4.2,22.733,2.467,2.6,2.533,20.667,0.0155625,0.0030348837209302326,0.030647590361445782,0.035546875,0.0024324324324324323,0.0030909090909090908,0.006234504132231404,0.0248625,0.004662790697674419,0.08078947368421052,0.049296875,0.004486486486486486,0.004763636363636364,0.009627066115702479
1705783838,1.7230852192362285,3.617586647029944,0.19044951111880157,0.22599216575610515,4.849896070474102,1.0909546622111537,0.4950231763844842,0.09122757451617489,0.448108319059912,0.8686610341590641,0,0.23612861833110138,0.2977010242149878,4.797352597655399,1.294031031106418,209141760,78565376,6025216,425590784,105975808,334913536,39391232,4538368,280334336,92573696,4718592,2879488,301334528,94150656,45101056,2187750.6136475205,0,976208.0807701692,53283.611213494354,0,0,0,1712194.0197333733,12,8,8,4,8,15,6,6,3,11,1,3,6,34,16,8.8,4.8,25.067,2.533,2.6,2.533,20.933,0.015663265306122446,0.0030558659217877096,0.03205128205128204,0.036567164179104474,0.0024324324324324323,0.0030909090909090908,0.006391650099403578,0.028197674418604664,0.004700558659217878,0.08285714285714287,0.05999999999999999,0.004486486486486486,0.004763636363636364,0.009811133200795227
1705783839,1.7230852192362285,3.801261845386523,0.19044951111880157,0.22599216575610515,4.924335432199591,1.3116311356554515,0.4950231763844842,0.09122757451617489,0.448108319059912,0.8686610341590641,0,0.23122651458494944,0.30400307548042116,4.797352597655399,1.3278682651233278,209141760,78565376,6025216,425590784,105975808,334913536,39391232,4538368,280334336,92573696,4718592,2879488,301334528,94150656,45101056,2420827.9301745635,0,976208.0807701692,53283.611213494354,0,0,0,1907741.4909742319,12,8,8,4,8,15,6,6,3,11,1,3,6,34,16,8.8,4.8,27.867,2.533,2.6,2.533,20.933,0.015663265306122446,0.0030558659217877096,0.03328840970350404,0.036567164179104474,0.0024324324324324323,0.0030909090909090908,0.006391650099403578,0.028197674418604664,0.004700558659217878,0.08450171821305844,0.05999999999999999,0.004486486486486486,0.004763636363636364,0.009811133200795227
1705783840,1.7230852192362285,3.801261845386523,0.19044951111880157,0.22599216575610515,4.924335432199591,1.3116311356554515,0.4950231763844842,0.09122757451617489,0.448108319059912,0.8974087935319905,0,0.2263244108387975,0.3103051267458544,4.797352597655399,1.3278682651233278,209141760,78565376,6025216,425590784,105975808,334913536,39391232,4538368,280334336,92573696,4718592,2879488,301334528,94150656,45101056,2420827.9301745635,0,976208.0807701692,53283.611213494354,0,0,0,1907741.4909742319,12,8,8,4,8,15,6,6,3,11,1,3,6,34,16,8.8,4.8,27.867,2.533,2.6,2.533,20.933,0.015663265306122446,0.0030558659217877096,0.03328840970350404,0.036567164179104474,0.0024324324324324323,0.0030909090909090908,0.006391650099403578,0.028197674418604664,0.004700558659217878,0.08450171821305844,0.05999999999999999,0.004486486486486486,0.004763636363636364,0.009811133200795227
1705783841,1.7230852192362285,3.801261845386523,0.19044951111880157,0.22599216575610515,4.924335432199591,1.3116311356554515,0.4950231763844842,0.0989832987931248,0.448108319059912,0.8974087935319905,0,0.22765176337834364,0.31660717801128774,4.797352597655399,1.3278682651233278,209141760,78565376,6025216,425590784,105975808,334913536,39391232,4538368,280334336,92573696,4718592,2879488,301334528,94150656,45101056,2420827.9301745635,0,976208.0807701692,53283.611213494354,0,0,0,1907741.4909742319,12,8,8,4,8,15,6,6,3,11,1,3,6,34,16,8.8,4.8,27.867,2.533,2.6,2.533,20.933,0.015663265306122446,0.0030558659217877096,0.03328840970350404,0.036567164179104474,0.0024324324324324323,0.0030909090909090908,0.006391650099403578,0.028197674418604664,0.004700558659217878,0.08450171821305844,0.05999999999999999,0.004486486486486486,0.004763636363636364,0.009811133200795227
1705783842,1.804429248018568,3.801261845386523,0.19044951111880157,0.22599216575610515,4.924335432199591,1.3116311356554515,0.4950231763844842,0.0989832987931248,0.4255433237355219,0.8974087935319905,0,0.22262844504876128,0.37812307592599864,4.797352597655399,1.3278682651233278,209141760,78565376,6025216,425590784,105975808,334913536,39391232,4538368,280334336,92573696,4718592,2879488,301334528,94150656,45101056,2420827.9301745635,0,976208.0807701692,36424.0731261426,0,0,0,1907741.4909742319,12,8,8,4,8,15,6,6,3,11,1,3,6,34,16,8.8,4.8,27.867,2.533,2.6,2.533,20.933,0.015663265306122446,0.0030558659217877096,0.03328840970350404,0.036567164179104474,0.0024324324324324323,0.0030909090909090908,0.006391650099403578,0.028197674418604664,0.004700558659217878,0.08450171821305844,0.05999999999999999,0.004486486486486486,0.004763636363636364,0.009811133200795227
1705783843,1.804429248018568,3.801261845386523,0.19044951111880157,0.2357024793388432,4.924335432199591,1.3116311356554515,0.4950231763844842,0.0989832987931248,0.3589024999999957,0.8974087935319905,0,0.21760512671917887,0.37812307592599864,4.797352597655399,1.3278682651233278,209141760,78565376,6025216,425295872,105975808,334913536,39391232,4538368,280334336,92573696,4718592,2879488,301334528,94150656,45101056,2420827.9301745635,0,976208.0807701692,30720,0,0,0,1907741.4909742319,12,8,8,4,8,15,6,6,3,11,1,3,6,34,16,8.8,4.8,27.867,2.533,2.6,2.533,20.933,0.015663265306122446,0.0030558659217877096,0.03328840970350404,0.036567164179104474,0.0024324324324324323,0.0030909090909090908,0.006391650099403578,0.028197674418604664,0.004700558659217878,0.08450171821305844,0.05999999999999999,0.004486486486486486,0.004763636363636364,0.009811133200795227
1705783844,1.804429248018568,3.801261845386523,0.19044951111880157,0.2357024793388432,4.971884766179895,1.3116311356554515,0.4950231763844842,0.0989832987931248,0.6389973731104494,0.8974087935319905,0,0.2125818083895965,0.37812307592599864,4.797352597655399,1.339535364391717,209141760,78565376,6025216,425295872,110161920,334913536,39391232,4538368,280899584,92573696,4718592,2879488,301334528,94150656,45113344,2420827.9301745635,0,976208.0807701692,24131.709352362912,0,0,0,1676259.7660286883,12,8,8,4,8,15,6,6,3,11,1,3,6,34,16,8.8,4.8,27.867,2.533,2.6,2.533,20.933,0.015663265306122446,0.0030558659217877096,0.03328840970350404,0.036567164179104474,0.0024324324324324323,0.0030909090909090908,0.006391650099403578,0.028197674418604664,0.004700558659217878,0.08450171821305844,0.05999999999999999,0.004486486486486486,0.004763636363636364,0.009811133200795227
1705783845,1.804429248018568,3.801261845386523,0.19044951111880157,0.19397928292998326,4.971884766179895,1.366131465294573,0.5013807902225123,0.0989832987931248,0.7514399205561075,0.8974087935319905,0,0.2954782169367696,0.37812307592599864,5.948205965447159,1.339535364391717,209141760,78565376,6025216,425295872,110161920,334925824,39391232,4538368,280899584,92573696,4718592,2875392,301334528,94150656,45113344,2420827.9301745635,0,1070000.4664831834,28378.097503521854,0,0,0,1676259.7660286883,12,8,8,4,8,19,6,6,3,11,1,3,6,34,16,8.8,4.8,27.867,2.533,2.6,2.533,20.933,0.015663265306122446,0.0030558659217877096,0.03328840970350404,0.036567164179104474,0.0024324324324324323,0.0030909090909090908,0.006391650099403578,0.028197674418604664,0.004700558659217878,0.08450171821305844,0.05999999999999999,0.004486486486486486,0.004763636363636364,0.009811133200795227
1705783846,1.804429248018568,3.801261845386523,0.19044951111880157,0.23880863980054062,4.971884766179895,1.366131465294573,0.5013807902225123,0.0989832987931248,0.7514399205561075,0.8974087935319905,0,0.2954782169367696,0.37812307592599864,5.037035000000004,1.339535364391717,209141760,78565376,6025216,425295872,110161920,334925824,39391232,4538368,280899584,92573696,4718592,2875392,301334528,94150656,45113344,2420827.9301745635,0,1070000.4664831834,28378.097503521854,0,0,0,1676259.7660286883,12,8,8,4,8,19,6,6,3,11,1,3,6,34,16,8.8,4.133,27.867,2.533,2.6,2.533,20.933,0.015663265306122446,0.0030769230769230765,0.03328840970350404,0.036567164179104474,0.0024324324324324323,0.0030909090909090908,0.006391650099403578,0.028197674418604664,0.004738461538461538,0.08450171821305844,0.05999999999999999,0.004486486486486486,0.004763636363636364,0.009811133200795227
1705783847,1.804429248018568,3.4849596414126327,0.19044951111880157,0.23880863980054062,4.971884766179895,1.366131465294573,0.5013807902225123,0.0989832987931248,0.7514399205561075,0.8974087935319905,0,0.2954782169367696,0.3154160903221208,19.324109762151927,1.339535364391717,209141760,78594048,6025216,425295872,110161920,334925824,39391232,4538368,280899584,92573696,4718592,2875392,301334528,136527872,45113344,2115665.435189887,0,1070000.4664831834,28378.097503521854,0,0,0,1676259.7660286883,12,8,8,4,8,19,6,6,3,11,1,3,6,34,16,8.8,4.133,27.867,2.533,2.6,2.533,20.6,0.015663265306122446,0.0030769230769230765,0.03328840970350404,0.036567164179104474,0.0024324324324324323,0.0030909090909090908,0.006847165991902834,0.028197674418604664,0.004738461538461538,0.08450171821305844,0.05999999999999999,0.004486486486486486,0.004763636363636364,0.05006250000000001
1705783848,1.804429248018568,3.4849596414126327,0.19044951111880157,0.23880863980054062,4.971884766179895,1.366131465294573,0.5013807902225123,0.0989832987931248,0.7514399205561075,0.8974087935319905,0,0.2954782169367696,0.30911403905668755,19.324109762151927,1.339535364391717,209141760,78594048,6025216,425295872,110161920,334925824,39391232,4538368,280899584,92573696,4718592,2875392,301334528,136527872,45113344,2115665.435189887,0,1070000.4664831834,28378.097503521854,0,0,0,1676259.7660286883,12,8,8,4,8,19,6,6,3,11,1,3,6,34,16,8.8,4.133,27.867,2.533,2.467,2.533,20.6,0.015663265306122446,0.0030769230769230765,0.03328840970350404,0.036567164179104474,0.0024615384615384616,0.0030909090909090908,0.006847165991902834,0.028197674418604664,0.004738461538461538,0.08450171821305844,0.05999999999999999,0.004492307692307692,0.004763636363636364,0.05006250000000001
1705783849,1.804429248018568,3.4849596414126327,0.20515901501201622,0.23880863980054062,4.971884766179895,1.366131465294573,0.5013807902225123,0.0989832987931248,0.7514399205561075,0.9276765398004604,0,0.2954782169367696,0.3028119877912543,19.324109762151927,1.339535364391717,209141760,78594048,6025216,425295872,110161920,334925824,39391232,4538368,280899584,92573696,4718592,2875392,301334528,136527872,45113344,2115665.435189887,0,1070000.4664831834,28378.097503521854,0,0,0,1676259.7660286883,12,8,8,4,8,19,6,6,3,11,1,3,6,34,16,8.8,4.133,27.867,2.533,2.467,2.467,20.6,0.015663265306122446,0.0030769230769230765,0.03328840970350404,0.036567164179104474,0.0024615384615384616,0.0031041666666666665,0.006847165991902834,0.028197674418604664,0.004738461538461538,0.08450171821305844,0.05999999999999999,0.004492307692307692,0.004787499999999999,0.05006250000000001
1705783850,1.804429248018568,3.367727295521788,0.20515901501201622,0.23880863980054062,4.971884766179895,1.366131465294573,0.5013807902225123,0.0989832987931248,0.7514399205561075,0.9276765398004604,0,0.2954782169367696,0.4247309700901975,19.324109762151927,1.339535364391717,209141760,78594048,6025216,425295872,110161920,334925824,39391232,4538368,280899584,92573696,4718592,2875392,301334528,136527872,45113344,1540544.606589439,0,1070000.4664831834,28378.097503521854,0,0,0,1676259.7660286883,12,8,8,4,8,19,6,6,3,11,1,3,6,34,16,8.6,4.133,27.867,2.333,2.267,2.267,20,0.015745967741935485,0.0030769230769230765,0.03328840970350404,0.03622881355932203,0.0024683544303797465,0.003125,0.006881390593047035,0.028139534883720934,0.004738461538461538,0.08450171821305844,0.06968749999999997,0.00449367088607595,0.004825,0.053908045977011466
1705783851,1.804429248018568,3.367727295521788,0.19095318739676825,0.23880863980054062,4.971884766179895,1.366131465294573,0.5013807902225123,0.0989832987931248,0.7514399205561075,0.9276765398004604,0.00014725371815638472,0.2954782169367696,0.4247309700901975,19.324109762151927,1.339535364391717,209141760,78594048,6033408,425295872,110161920,334925824,39391232,4538368,280899584,92573696,4718592,2875392,301334528,136527872,45113344,1540544.606589439,0,1070000.4664831834,28378.097503521854,0,0,0,1676259.7660286883,12,8,8,4,8,19,6,6,3,11,1,3,6,34,16,8.6,4.133,27.867,2.333,2.267,2.267,20,0.015745967741935485,0.0030769230769230765,0.03328840970350404,0.03622881355932203,0.0024683544303797465,0.003125,0.006881390593047035,0.028139534883720934,0.004738461538461538,0.08450171821305844,0.06968749999999997,0.00449367088607595,0.004825,0.053908045977011466
1705783852,1.804429248018568,3.367727295521788,0.19095318739676825,0.23880863980054062,5.104562160900747,1.366131465294573,0.5013807902225123,0.08516330560635027,0.7514399205561075,0.9276765398004604,0.00014725371815638472,0.2954782169367696,0.4247309700901975,19.324109762151927,1.339535364391717,209141760,78594048,6033408,425295872,110161920,334925824,39391232,4538368,280899584,92573696,4718592,2875392,301334528,136527872,45113344,1540544.606589439,0,1070000.4664831834,28378.097503521854,0,0,0,1676259.7660286883,12,8,8,4,8,19,6,6,3,11,1,3,6,34,16,8.6,4.133,27.867,2.333,2.267,2.267,20,0.015745967741935485,0.0030769230769230765,0.03328840970350404,0.03622881355932203,0.0024683544303797465,0.003125,0.006881390593047035,0.028139534883720934,0.004738461538461538,0.08450171821305844,0.06968749999999997,0.00449367088607595,0.004825,0.053908045977011466
1705783853,1.804429248018568,3.367727295521788,0.19095318739676825,0.23880863980054062,5.104562160900747,1.366131465294573,0.5013807902225123,0.08351358395979819,0.7514399205561075,0.9276765398004606,0.00014725371815638472,0.28591706095185143,0.4247309700901975,19.324109762151927,1.339535364391717,209141760,78594048,6033408,425295872,110161920,334925824,39391232,4538368,280899584,92573696,4718592,2875392,301334528,136527872,45113344,1540544.606589439,0,1070000.4664831834,28378.097503521854,0,0,0,1676259.7660286883,12,8,8,4,8,19,6,6,3,11,1,3,6,34,16,8.267,3.733,25.733,2.133,2.267,2.267,19.267,0.015266666666666668,0.003077348066298342,0.033563535911602216,0.03680555555555556,0.0024683544303797465,0.003125,0.007126696832579185,0.027727272727272757,0.004739226519337016,0.08785977859778601,0.07642857142857142,0.00449367088607595,0.004825,0.06921739130434786
1705783854,1.5271285710258478,3.367727295521788,0.19095318739676825,0.23880863980054062,5.104562160900747,1.366131465294573,0.4231960268849806,0.0818638623132461,0.7514399205561075,0.9276765398004606,0.00014725371815638472,0.28591706095185143,0.4247309700901975,19.324109762151927,1.339535364391717,209141760,78594048,6033408,425295872,110161920,334925824,39391232,4538368,280899584,92573696,4718592,2875392,301334528,136527872,45113344,1540544.606589439,0,903145.7826292029,28378.097503521854,0,0,0,1676259.7660286883,12,8,8,4,8,19,6,6,3,11,1,3,6,34,16,8.267,3.733,24.333,2.133,2.267,2.267,19.267,0.015266666666666668,0.003077348066298342,0.03394927536231884,0.03680555555555556,0.0024683544303797465,0.003125,0.007126696832579185,0.027727272727272757,0.004739226519337016,0.09179536679536683,0.07642857142857142,0.00449367088607595,0.004825,0.06921739130434786
1705783855,1.4970547502255382,3.367727295521788,0.19095318739676825,0.23880863980054062,5.104562160900747,1.366131465294573,0.33873500000000334,0.08021414066669402,0.7514399205561075,0.9276765398004606,0.00014725371815638472,0.28591706095185143,0.4247309700901975,19.324109762151927,1.1389738732473325,209141760,78594048,6033408,425295872,110161920,334925824,39391232,4538368,280899584,92573696,4718592,2875392,301334528,136527872,45113344,1540544.606589439,0,860159.9999999999,28378.097503521854,0,0,0,1548209.2836984275,12,8,8,4,8,19,6,6,3,11,1,3,6,34,16,8.267,3.733,24.333,2.133,2.267,2.267,19.267,0.015266666666666668,0.003077348066298342,0.03394927536231884,0.03680555555555556,0.0024683544303797465,0.003125,0.007126696832579185,0.027727272727272757,0.004739226519337016,0.09179536679536683,0.07642857142857142,0.00449367088607595,0.004825,0.06921739130434786
1705783856,1.466980929425229,3.367727295521788,0.19095318739676825,0.24817730651944298,5.104562160900747,1.366131465294573,0.33873500000000334,0.0878608319489589,0.7514399205561075,0.9276765398004606,0.00014725371815638472,0.28591706095185143,0.4247309700901975,19.324109762151927,1.1622591059669494,209141760,78594048,6033408,425050112,110161920,334925824,39391232,4538368,280899584,92573696,4718592,2875392,301334528,136527872,45113344,1540544.606589439,0,860159.9999999999,28378.097503521854,0,0,0,1579860.9434215832,12,8,8,4,8,19,6,6,3,11,1,3,6,34,16,8.267,3.733,24.333,2.133,2.267,2.267,19.267,0.015266666666666668,0.003077348066298342,0.03394927536231884,0.03680555555555556,0.0024683544303797465,0.003125,0.007126696832579185,0.027727272727272757,0.004739226519337016,0.09179536679536683,0.07642857142857142,0.00449367088607595,0.004825,0.06921739130434786
1705783857,1.181100000000015,3.367727295521788,0.19095318739676825,0.24817730651944298,5.104562160900747,1.4954521448271902,0.5012709429291397,0.08601925255808372,0.7514399205561075,0.9251645569620262,0.00014725371815638472,0.28591706095185143,0.4247309700901975,19.324109762151927,1.185544338686566,209141760,78594048,6033408,425050112,110161920,334925824,39407616,4538368,280899584,92573696,4718592,2875392,301334528,136527872,45113344,1540544.606589439,0,986835.2415896732,28378.097503521854,0,0,0,1611512.6031447388,12,8,8,4,8,19,6,6,3,11,1,3,6,34,16,8.267,3.733,24.333,2.133,2.267,2.267,19.267,0.015266666666666668,0.003077348066298342,0.03394927536231884,0.03680555555555556,0.0024683544303797465,0.003125,0.007126696832579185,0.027727272727272757,0.004739226519337016,0.09179536679536683,0.07642857142857142,0.00449367088607595,0.004825,0.06921739130434786
1705783858,1.4138352270965922,3.367727295521788,0.19095318739676825,0.24817730651944298,5.104562160900747,1.4954521448271902,0.5012709429291397,0.09707649096910412,0.7514399205561075,0.9251645569620262,0.00014725371815638472,0.28591706095185143,0.4247309700901975,23.650144879995665,1.3971139631770035,209141760,78594048,6033408,425050112,110161920,334925824,39407616,4534272,280899584,92573696,4718592,2875392,301334528,838873088,45113344,1540544.606589439,0,986835.2415896732,28378.097503521854,0,0,0,1899099.5833893293,12,8,8,4,8,19,6,6,3,11,1,3,6,34,16,8.267,3.733,24.333,2.133,2.267,2.267,19.267,0.015266666666666668,0.003077348066298342,0.03394927536231884,0.03680555555555556,0.0024683544303797465,0.003125,0.007126696832579185,0.027727272727272757,0.004739226519337016,0.09179536679536683,0.07642857142857142,0.00449367088607595,0.004825,0.06921739130434786
1705783859,1.383320578204947,3.367727295521788,0.19095318739676825,0.24817730651944298,5.104562160900747,1.4954521448271902,0.5012709429291397,0.09707649096910412,0.7514399205561075,0.9251645569620262,0.00014725371815638472,0.28591706095185143,0.44201607772828305,23.650144879995665,1.3971139631770035,209141760,78594048,6033408,425050112,110161920,334925824,39407616,4534272,280899584,92573696,4718592,2875392,301334528,838873088,45113344,1540544.606589439,0,986835.2415896732,28378.097503521854,0,0,0,1899099.5833893293,12,8,8,4,8,19,6,6,3,11,1,3,6,34,16,8.267,3.733,24.333,2.133,2.267,2.267,19.267,0.015266666666666668,0.003077348066298342,0.03394927536231884,0.03680555555555556,0.0024683544303797465,0.003125,0.007126696832579185,0.027727272727272757,0.004739226519337016,0.09179536679536683,0.07642857142857142,0.00449367088607595,0.004825,0.06921739130434786
1705783860,1.352805929313302,3.367727295521788,0.19095318739676825,0.24817730651944298,5.104562160900747,1.4954521448271902,0.5012709429291397,0.09707649096910412,0.6351274575195854,0.9251645569620262,0.00014725371815638472,0.28591706095185143,0.44201607772828305,23.650144879995665,1.1813064263315958,209141760,78594048,6033408,425050112,110161920,334925824,39407616,4534272,280899584,92573696,4718592,2875392,301334528,838873088,45113344,1540544.606589439,0,986835.2415896732,23985.56215021978,0,0,0,1605752.0010751244,12,8,8,4,8,19,6,6,3,11,1,3,6,34,16,8.267,3.733,24.333,2.133,2.267,2.267,19.267,0.015266666666666668,0.003077348066298342,0.03394927536231884,0.03680555555555556,0.0024683544303797465,0.003125,0.007126696832579185,0.027727272727272757,0.004739226519337016,0.09179536679536683,0.07642857142857142,0.00449367088607595,0.004825,0.06921739130434786
1705783861,1.322291280421657,3.367727295521788,0.19095318739676825,0.24817730651944298,5.104562160900747,1.4954521448271902,0.5012709429291397,0.09707649096910412,0.6174072201436016,0.9251645569620262,0.00014725371815638472,0.28591706095185143,0.44201607772828305,23.650144879995665,1.1580211936119789,209141760,78594048,6033408,425050112,110161920,334925824,39407616,4534272,280899584,92573696,4718592,2875392,301334528,838873088,45113344,1540544.606589439,0,986835.2415896732,49703.71119425625,0,0,0,1574100.3413519687,12,8,8,4,8,19,6,6,3,11,1,3,6,34,16,8.267,4.6,24.333,2.133,2.267,2.267,19.267,0.015266666666666668,0.003098901098901099,0.03394927536231884,0.03680555555555556,0.0024683544303797465,0.003125,0.007126696832579185,0.027727272727272757,0.004778021978021979,0.09179536679536683,0.07642857142857142,0.00449367088607595,0.004825,0.06921739130434786
1705783862,1.2917766315300117,3.367727295521788,0.19095318739676825,0.24817730651944298,5.104562160900747,1.2770140079200565,0.5012709429291397,0.09707649096910412,0.6174072201436016,0.9251645569620262,0.00014725371815638472,0.28591706095185143,0.44201607772828305,23.650144879995665,1.3186225768716702,209141760,78594048,6033408,425050112,110161920,334934016,39407616,4534272,280899584,92573696,4718592,2875392,301334528,838873088,45137920,1540544.606589439,0,986835.2415896732,49703.71119425625,0,0,0,1702673.796791444,12,8,8,4,8,20,6,6,3,11,1,3,6,34,16,8.267,4.6,24.333,2.133,2.267,2.267,17.667,0.015266666666666668,0.003098901098901099,0.03394927536231884,0.03680555555555556,0.0024683544303797465,0.003125,0.007742130750605327,0.027727272727272757,0.004778021978021979,0.09179536679536683,0.07642857142857142,0.00449367088607595,0.004825,0.08140410958904108
1705783863,1.7472330336856583,3.367727295521788,0.2027829732344413,0.24817730651944298,4.199991207971127,1.2770140079200565,0.5012709429291397,0.09707649096910412,0.6174072201436016,0.9251645569620262,0.00020993282149712274,0.2898826543874623,0.44201607772828305,31.303925685408107,1.3186225768716702,209166336,78594048,6033408,425050112,110161920,334934016,39407616,4534272,280899584,92573696,4718592,2879488,301334528,838873088,45137920,1540544.606589439,0,986835.2415896732,49703.71119425625,0,0,0,1702673.796791444,16,8,8,4,8,20,6,6,3,11,1,3,6,34,16,8.267,4.6,24.333,2.133,1.8,2.267,17.667,0.015266666666666668,0.0030989010989010985,0.03394927536231884,0.03680555555555556,0.002378378378378378,0.003125,0.007742130750605327,0.027727272727272757,0.004778021978021977,0.09179536679536683,0.07642857142857142,0.004475675675675676,0.004825,0.08140410958904108
1705783864,1.7472330336856583,3.367727295521788,0.2027829732344413,0.24817730651944298,4.114915171956115,1.2770140079200565,0.5012709429291397,0.09707649096910412,0.6174072201436016,0.9251645569620262,0.00020993282149712274,0.2898826543874623,0.44201607772828305,31.303925685408107,1.3186225768716702,209166336,78594048,6033408,425050112,110161920,334934016,39407616,4534272,280899584,92573696,4718592,2879488,301334528,838873088,45137920,1540544.606589439,0,986835.2415896732,49703.71119425625,0,0,0,1702673.796791444,16,8,8,4,8,20,6,6,3,11,1,3,6,34,16,8.267,4.6,24.333,2.133,1.8,1.8,17.667,0.015266666666666668,0.0030989010989010985,0.03394927536231884,0.03680555555555556,0.002378378378378378,0.0031318681318681313,0.007742130750605327,0.027727272727272757,0.004778021978021977,0.09179536679536683,0.07642857142857142,0.004475675675675676,0.004837362637362636,0.08140410958904108
1705783865,1.7472330336856583,3.367727295521788,0.20379371403275834,0.24817730651944298,4.029839135941102,1.2770140079200565,0.5012709429291398,0.09707649096910412,0.6174072201436016,0.9251645569620262,0.00020993282149712274,0.2898826543874623,0.44201607772828305,31.303925685408107,1.3186225768716702,209166336,78594048,6021120,425050112,110161920,334934016,39407616,4534272,280899584,92573696,4718592,2879488,301334528,838873088,45137920,1540544.606589439,0,986835.2415896733,49703.71119425625,0,0,0,1702673.796791444,16,8,8,4,8,20,6,6,3,11,1,3,6,34,16,7.867,4.6,24.333,1.733,1.4,1.4,16.467,0.015616740088105728,0.0030989010989010985,0.03394927536231884,0.03776041666666667,0.002303030303030303,0.0030941176470588236,0.007841494845360826,0.028333333333333335,0.004778021978021977,0.09179536679536683,0.07931818181818183,0.004460606060606061,0.004769411764705882,0.08234693877551018
1705783866,1.7472330336856583,3.367727295521788,0.20379371403275834,0.26298617511520656,3.944763099926089,1.2770140079200565,0.5012709429291398,0.09707649096910412,0.6174072201436016,0.9191802276720886,0.00020993282149712274,0.2898826543874623,0.44201607772828305,31.303925685408107,1.3186225768716702,209166336,78594048,6021120,425050112,110161920,334934016,39407616,4534272,280899584,92573696,4718592,2879488,301334528,838873088,45137920,1540544.606589439,0,986835.2415896733,49703.71119425625,0,0,0,1702673.796791444,16,8,8,4,8,20,6,6,3,11,1,3,6,34,16,7.867,4.6,24.333,1.733,1.4,1.4,16.467,0.015616740088105728,0.0030989010989010985,0.03394927536231884,0.03776041666666667,0.002303030303030303,0.0030941176470588236,0.007841494845360826,0.028333333333333335,0.004778021978021977,0.09179536679536683,0.07931818181818183,0.004460606060606061,0.004769411764705882,0.08234693877551018
1705783867,1.7472330336856583,1.5535300000000043,0.20379371403275834,0.26298617511520656,3.859687063911078,1.2770140079200565,0.5012709429291398,0.09707649096910412,0.6174072201436016,0.9191802276720886,0.00020993282149712274,0.2898826543874623,0.44201607772828305,31.303925685408107,1.3186225768716702,209166336,78594048,6021120,425050112,110161920,334934016,39407616,4534272,280899584,92573696,4718592,2879488,301334528,838873088,45137920,791893.3333333334,0,986835.2415896733,49703.71119425625,0,0,0,1702673.796791444,16,8,8,4,8,20,6,6,3,11,1,3,6,34,16,7.867,4.6,24.333,1.733,1.4,1.4,16.467,0.015616740088105728,0.0030989010989010985,0.03394927536231884,0.03776041666666667,0.002303030303030303,0.0030941176470588236,0.007841494845360826,0.028333333333333335,0.004778021978021977,0.09179536679536683,0.07931818181818183,0.004460606060606061,0.004769411764705882,0.08234693877551018
1705783868,1.7472330336856583,1.5535300000000043,0.20379371403275834,0.26298617511520656,3.774611027896065,1.2770140079200565,0.5012709429291398,0.09707649096910412,0.6174072201436016,0.9191802276720886,0.00020993282149712274,0.2898826543874623,0.44201607772828305,31.303925685408107,1.3186225768716702,209166336,78594048,6021120,425050112,110161920,334934016,39407616,4534272,280899584,92573696,4718592,2879488,301334528,838873088,45137920,791893.3333333334,0,986835.2415896733,49703.71119425625,0,0,0,1702673.796791444,16,8,8,4,8,20,6,6,3,11,1,3,6,34,16,8.267,4.4,24.667,1.6,1.4,1.4,16.267,0.015625,0.003129032258064516,0.03528761061946902,0.03988095238095238,0.002303030303030303,0.0030941176470588236,0.008352272727272727,0.031102941176470594,0.004832258064516128,0.09851351351351353,0.08392857142857142,0.004460606060606061,0.004769411764705882,0.0903488372093023
1705783869,1.7472330336856583,1.5535300000000043,0.20379371403275834,0.26298617511520656,3.689534991881053,1.2770140079200565,0.5012709429291398,0.09707649096910412,0.6174072201436016,0.9191802276720886,0.00020993282149712274,0.2927708869646617,0.404607378496415,31.303925685408107,1.3186225768716702,209166336,78594048,6021120,425050112,110161920,334934016,39407616,4534272,280899584,92573696,4718592,2879488,301338624,838873088,45137920,791893.3333333334,0,986835.2415896733,49703.71119425625,0,0,0,1702673.796791444,16,8,8,4,8,20,6,6,3,11,1,3,7,34,16,8.267,4.4,23.467,1.6,1.4,1.4,16.267,0.015625,0.003129032258064516,0.0364306784660767,0.03988095238095238,0.002303030303030303,0.0030941176470588236,0.008352272727272727,0.031102941176470594,0.004832258064516128,0.14674418604651185,0.08392857142857142,0.004460606060606061,0.004769411764705882,0.0903488372093023
1705783870,1.7472330336856583,1.5535300000000043,0.20379371403275834,0.24925963966277148,2.519586666666669,1.2770140079200565,0.5012709429291398,0.09629845445212189,0.6174072201436016,0.9191802276720886,0.00020993282149712274,0.2927708869646617,0.404607378496415,31.303925685408107,1.3186225768716702,209166336,78594048,6021120,425095168,110161920,334934016,39407616,4534272,280899584,92573696,4718592,2879488,301338624,838873088,45137920,791893.3333333334,0,986835.2415896733,49703.71119425625,0,0,0,1702673.796791444,16,8,8,4,8,20,6,6,3,11,1,3,7,34,16,8.267,4.4,23.467,1.6,1.4,1.4,16.267,0.015625,0.003129032258064516,0.0364306784660767,0.03988095238095238,0.002303030303030303,0.0030941176470588236,0.008352272727272727,0.031102941176470594,0.004832258064516128,0.14674418604651185,0.08392857142857142,0.004460606060606061,0.004769411764705882,0.0903488372093023
1705783871,1.7472330336856583,1.9924093018574092,0.20379371403275834,0.24925963966277148,2.519586666666669,1.1467370999846318,0.5012709429291398,0.09629845445212189,0.6174072201436016,0.9191802276720886,0.00020993282149712274,0.2927708869646617,0.404607378496415,31.303925685408107,1.3186225768716702,209166336,78594048,6021120,425095168,110161920,334934016,39407616,4534272,280899584,92573696,4718592,2879488,301338624,838873088,45137920,1015606.8073434043,0,986835.2415896733,49703.71119425625,0,0,0,1702673.796791444,16,8,8,4,8,20,6,6,3,11,1,3,7,34,16,8.267,4.4,23.467,1.6,1.4,1.4,16.267,0.015625,0.003129032258064516,0.0364306784660767,0.03988095238095238,0.002303030303030303,0.0030941176470588236,0.008352272727272727,0.031102941176470594,0.004832258064516128,0.14674418604651185,0.08392857142857142,0.004460606060606061,0.004769411764705882,0.0903488372093023
1705783872,1.7472330336856583,1.9467521573208781,0.20379371403275834,0.24925963966277148,2.519586666666669,1.1467370999846318,0.49683120048750656,0.09279578055699898,0.6990947768624992,0.9191802276720886,0.00020993282149712274,0.2927708869646617,0.404607378496415,31.303925685408107,1.3186225768716702,209166336,78594048,6021120,425095168,110161920,334934016,39407616,4534272,280899584,92573696,4718592,2879488,301338624,838873088,45137920,992333.6240913812,0,696263.5106963019,37077.93971213904,0,0,0,1702673.796791444,16,8,8,4,8,20,6,6,3,11,1,3,7,34,16,8.267,4.4,23.467,1.6,1.4,1.4,16.267,0.015625,0.003129032258064516,0.0364306784660767,0.03988095238095238,0.002303030303030303,0.0030941176470588236,0.008352272727272727,0.031102941176470594,0.004832258064516128,0.14674418604651185,0.08392857142857142,0.004460606060606061,0.004769411764705882,0.0903488372093023
1705783873,1.7380628115381276,1.9010950127843467,0.20379371403275834,0.24925963966277148,3.2443074002695442,1.1467370999846318,0.47503584078259187,0.09279578055699898,0.6990947768624992,0.7800699961872523,0.0001262125419205954,0.2927708869646617,0.404607378496415,33.22824901327586,1.3186225768716702,209166336,78594048,6021120,425095168,110161920,334934016,39440384,4534272,280899584,92573696,4718592,2879488,301338624,535400448,45137920,969060.4408393581,0,604486.4226682408,37077.93971213904,0,0,0,1702673.796791444,16,8,8,4,8,20,6,6,3,11,1,3,7,34,16,8.267,4.4,23.467,1.6,1.4,1.4,16.267,0.015625,0.003129032258064516,0.0364306784660767,0.03988095238095238,0.002303030303030303,0.0030941176470588236,0.008352272727272727,0.031102941176470594,0.004832258064516128,0.14674418604651185,0.08392857142857142,0.004460606060606061,0.004769411764705882,0.0903488372093023
1705783874,1.7380628115381276,1.855437868247816,0.20379371403275834,0.24925963966277148,3.159415666217433,1.1467370999846318,0.47503584078259187,0.09279578055699898,0.6990947768624992,0.9488652098007182,0.0001262125419205954,0.2927708869646617,0.404607378496415,33.22824901327586,1.0605809805082038,209166336,78594048,6021120,425095168,110161920,334934016,39440384,4534272,280899584,92573696,4718592,2879488,301338624,535400448,45137920,945787.2575873353,0,604486.4226682408,37077.93971213904,0,0,0,1024316.9806323457,16,8,8,4,8,20,6,6,3,11,1,3,7,34,16,8.267,4.4,23.467,1.6,1.4,1.4,16.267,0.015625,0.003129032258064516,0.0364306784660767,0.03988095238095238,0.002303030303030303,0.0030941176470588236,0.008352272727272727,0.031102941176470594,0.004832258064516128,0.14674418604651185,0.08392857142857142,0.004460606060606061,0.004769411764705882,0.0903488372093023
1705783875,1.7380628115381276,3.3033374833453566,0.20379371403275834,0.24925963966277148,5.154898742319718,1.1467370999846318,0.47503584078259187,0.09279578055699898,0.6990947768624992,0.9488652098007182,0.0001262125419205954,0.2927708869646617,0.4185065268783893,33.22824901327586,1.2636682668432497,209166336,79208448,6021120,425095168,99315712,334934016,39440384,4534272,280899584,92573696,4718592,2879488,301338624,535400448,45137920,2120332.8746477948,0,604486.4226682408,37077.93971213904,0,0,0,1220460.1887104784,16,9,8,4,12,20,6,6,3,11,1,3,7,34,16,8.267,4.4,23.467,1.6,1.4,1.4,16.267,0.015625,0.003129032258064516,0.0364306784660767,0.03988095238095238,0.002303030303030303,0.0030941176470588236,0.008352272727272727,0.031102941176470594,0.004832258064516128,0.14674418604651185,0.08392857142857142,0.004460606060606061,0.004769411764705882,0.0903488372093023
1705783876,1.716835407009835,3.3033374833453566,0.20379371403275834,0.24925963966277148,5.154898742319718,1.1467370999846318,0.47503584078259187,0.09279578055699898,0.6854869947312495,0.9488652098007182,0.0001262125419205954,0.2927708869646617,0.4185065268783893,33.22824901327586,1.2636682668432497,209186816,79208448,6021120,425095168,99315712,334934016,39440384,4534272,280907776,92573696,4718592,2879488,301338624,535400448,45137920,2120332.8746477948,0,604486.4226682408,59709.69824444492,0,0,0,1220460.1887104784,17,9,8,4,12,20,6,6,3,11,1,3,7,34,16,8.267,3.867,23.467,1.6,1.4,1.4,16.267,0.015625,0.0031797752808988763,0.0364306784660767,0.03988095238095238,0.002303030303030303,0.0030941176470588236,0.008352272727272727,0.031102941176470594,0.004923595505617977,0.14674418604651185,0.08392857142857142,0.004460606060606061,0.004769411764705882,0.0903488372093023
1705783877,1.716835407009835,3.3033374833453566,0.20379371403275834,0.24925963966277148,5.154898742319718,1.1467370999846318,0.47503584078259187,0.09279578055699898,0.6854869947312495,0.9488652098007182,0.0001262125419205954,0.2927708869646617,0.4185065268783893,39.887376711672815,1.2636682668432497,209186816,79208448,6021120,425095168,99315712,334934016,39440384,4534272,280907776,92573696,4718592,2879488,301338624,535400448,45137920,2120332.8746477948,0,604486.4226682408,59709.69824444492,0,0,0,1220460.1887104784,17,9,8,4,12,20,6,6,3,11,1,3,7,34,16,8.267,3.867,23.467,1.6,1.4,1.4,18.867,0.015625,0.0031797752808988763,0.0364306784660767,0.03988095238095238,0.002303030303030303,0.0030941176470588236,0.00909970238095238,0.031102941176470594,0.004923595505617977,0.14674418604651185,0.08392857142857142,0.004460606060606061,0.004769411764705882,0.09549065420560748
1705783878,1.716835407009835,3.3033374833453566,0.20379371403275834,0.24925963966277148,5.154898742319718,1.1467370999846318,0.47503584078259187,0.09279578055699898,0.6854869947312495,0.9488652098007182,0,0.2927708869646617,0.4185065268783893,39.887376711672815,1.2636682668432497,209186816,79208448,6021120,425095168,99315712,334934016,39440384,4534272,280907776,92573696,4718592,2879488,301338624,535400448,45137920,2120332.8746477948,0,604486.4226682408,59709.69824444492,0,0,0,1220460.1887104784,17,9,8,4,12,20,6,6,3,11,1,3,7,34,16,8.267,3.867,23.467,1.6,2,1.4,18.867,0.015625,0.003179775280898876,0.0364306784660767,0.03988095238095238,0.002230769230769231,0.0030941176470588236,0.00909970238095238,0.031102941176470594,0.0049235955056179765,0.14674418604651185,0.08392857142857142,0.004446153846153845,0.004769411764705882,0.09549065420560748
1705783879,1.716835407009835,3.3033374833453566,0.20379371403275834,0.24925963966277148,5.154898742319718,1.1467370999846318,0.47503584078259187,0.09279578055699898,0.6854869947312495,0.9413594595181655,0,0.2927708869646617,0.4185065268783893,39.887376711672815,1.0520090974314504,209186816,79208448,6021120,425095168,99315712,334934016,39440384,4534272,280907776,92573696,4718592,2879488,301338624,535400448,45137920,2120332.8746477948,0,604486.4226682408,59709.69824444492,0,0,0,1016038.1923522596,17,9,8,4,12,20,6,6,3,11,1,3,7,34,16,8.267,3.867,23.467,1.6,2,2,18.867,0.015625,0.003179775280898876,0.0364306784660767,0.03988095238095238,0.002230769230769231,0.0030909090909090908,0.00909970238095238,0.031102941176470594,0.0049235955056179765,0.14674418604651185,0.08392857142857142,0.004446153846153845,0.004763636363636364,0.09549065420560748
1705783880,1.716835407009835,3.3033374833453566,0.18287936444355476,0.24925963966277148,5.154898742319718,0.9447154694660892,0.47503584078259187,0.09279578055699898,0.6854869947312495,0.9413594595181655,0,0.2209304495760788,0.4185065268783893,39.887376711672815,1.2928150423376985,209186816,79208448,6021120,425095168,99315712,334934016,39440384,4534272,280907776,92573696,4718592,2879488,301338624,535400448,45211648,2120332.8746477948,0,604486.4226682408,59709.69824444492,0,0,0,1190104.599037025,17,9,8,4,12,20,6,6,3,11,1,3,7,34,16,8.733,3.867,23.467,2.067,2.467,2.467,20.267,0.015575221238938052,0.003179775280898876,0.0364306784660767,0.04054878048780488,0.00221875,0.0030449438202247193,0.009184290030211479,0.03117647058823528,0.0049235955056179765,0.14674418604651185,0.08465517241379311,0.004443750000000001,0.004680898876404495,0.09566210045662098
1705783881,1.716835407009835,3.3033374833453566,0.15496130546654246,0.24925963966277148,5.154898742319718,1.188352153110046,0.47503584078259187,0.09279578055699898,0.6854869947312495,0.9413594595181655,0,0.22589428640487538,0.4185065268783893,39.887376711672815,1.2928150423376985,209186816,79208448,6021120,425095168,99315712,334950400,39440384,4534272,280907776,92573696,4718592,2879488,301338624,535400448,45211648,2120332.8746477948,0,604486.4226682408,59709.69824444492,0,0,0,1190104.599037025,17,9,8,4,12,21,6,6,3,11,1,3,7,34,16,8.733,3.867,23.467,2.067,2.467,2.467,20.267,0.015575221238938052,0.003179775280898876,0.0364306784660767,0.04054878048780488,0.00221875,0.0030449438202247193,0.009184290030211479,0.03117647058823528,0.0049235955056179765,0.14674418604651185,0.08465517241379311,0.004443750000000001,0.004680898876404495,0.09566210045662098
1705783882,1.716835407009835,3.3033374833453566,0.15191331605914987,0.24925963966277148,5.154898742319718,1.188352153110046,0.47503584078259187,0.08118625719332208,0.6854869947312495,0.9413594595181655,0,0.2253947207584062,0.4185065268783893,39.887376711672815,1.2928150423376985,209186816,79208448,6021120,425095168,99315712,334950400,39440384,4534272,280907776,92573696,4718592,2875392,301338624,535400448,45211648,2120332.8746477948,0,604486.4226682408,59709.69824444492,0,0,0,1190104.599037025,17,9,8,4,12,21,6,6,3,11,1,3,7,34,16,8.733,3.867,23.467,2.067,2.467,2.467,20.267,0.015575221238938052,0.003179775280898876,0.0364306784660767,0.04054878048780488,0.00221875,0.0030449438202247193,0.009184290030211479,0.03117647058823528,0.0049235955056179765,0.14674418604651185,0.08465517241379311,0.004443750000000001,0.004680898876404495,0.09566210045662098
1705783883,1.716835407009835,3.3033374833453566,0.14886532665175728,0.24925963966277148,5.154898742319718,1.188352153110046,0.47503584078259187,0.08118625719332208,0.6854869947312495,0.9413594595181655,0,0.23021625604389542,0.4185065268783893,39.887376711672815,1.2928150423376985,209186816,79208448,6021120,425095168,99315712,334950400,39440384,4534272,280907776,92573696,4718592,2875392,301338624,535400448,45211648,2120332.8746477948,0,604486.4226682408,59709.69824444492,0,0,0,1190104.599037025,17,9,8,4,12,21,6,6,3,11,1,3,7,34,16,9,4.133,23.6,2.333,2.467,2.467,21.067,0.015372093023255814,0.0032380952380952383,0.03730221518987342,0.041388888888888885,0.00221875,0.0030449438202247193,0.009699999999999999,0.03468749999999997,0.00554545454545454,0.17767326732673264,0.08465517241379311,0.004443750000000001,0.004680898876404495,0.09842975206611572
1705783884,1.716835407009835,3.3033374833453566,0.14581733724436471,0.19799363527933145,5.154898742319718,1.188352153110046,0.47503584078259187,0.08118625719332208,0.6854869947312495,0.9413594595181655,0,0.23503779132938463,0.4185065268783893,39.887376711672815,1.2928150423376985,209186816,79208448,6021120,425095168,99315712,334950400,39440384,4534272,280907776,92573696,4718592,2875392,301338624,535400448,45211648,2120332.8746477948,0,604486.4226682408,59709.69824444492,0,0,0,1190104.599037025,17,9,8,4,12,21,6,6,3,11,1,3,7,34,16,9,4.133,24.933,2.333,2.467,2.467,21.067,0.015372093023255814,0.0032380952380952383,0.038227739726027395,0.041388888888888885,0.00221875,0.0030449438202247193,0.009699999999999999,0.03468749999999997,0.00554545454545454,0.20030434782608705,0.08465517241379311,0.004443750000000001,0.004680898876404495,0.09842975206611572
1705783885,1.716835407009835,3.3033374833453566,0.14276934783697212,0.16821749999999638,4.975347926805184,1.188352153110046,0.47503584078259187,0.08118625719332208,0.6854869947312495,0.9413594595181655,0,0.2892921171293518,0.4240276874141529,39.893446315167644,1.2928150423376985,209186816,79208448,6021120,425095168,99844096,334950400,39440384,4534272,280907776,92573696,4718592,2875392,301342720,608534528,45211648,2120332.8746477948,0,604486.4226682408,59709.69824444492,0,0,0,1190104.599037025,17,9,8,4,11,21,6,6,3,11,1,3,7,34,16,9,4.133,24.933,2.333,2.467,2.467,21.067,0.015372093023255814,0.0032380952380952383,0.038227739726027395,0.041388888888888885,0.00221875,0.0030449438202247193,0.009699999999999999,0.03468749999999997,0.00554545454545454,0.20030434782608705,0.08465517241379311,0.004443750000000001,0.004680898876404495,0.09842975206611572
1705783886,1.5951667958033817,3.3033374833453566,0.13972135842957953,0.16821749999999638,4.975347926805184,1.188352153110046,0.45769317860175285,0.08118625719332208,0.6854869947312495,0.9413594595181655,0,0.2892921171293519,0.4240276874141529,39.893446315167644,1.2928150423376985,209182720,79208448,6021120,425095168,99844096,334950400,39440384,4534272,280907776,92573696,4718592,2875392,301342720,608534528,45211648,2120332.8746477948,0,486928.9555618455,59709.69824444492,0,0,0,1190104.599037025,17,9,8,4,11,21,6,6,3,11,1,3,7,34,16,9,4.133,24.933,2.333,2.467,2.467,21.067,0.015372093023255814,0.0032380952380952383,0.038227739726027395,0.041388888888888885,0.00221875,0.0030449438202247193,0.009699999999999999,0.03468749999999997,0.00554545454545454,0.20030434782608705,0.08465517241379311,0.004443750000000001,0.004680898876404495,0.09842975206611572
1705783887,1.5951667958033817,3.3033374833453566,0.136673369022187,0.16821749999999638,4.975347926805184,1.188352153110046,0.45769317860175285,0.08687327437877623,0.6854869947312495,0.9413594595181655,0,0.2892921171293519,0.4240276874141529,39.893446315167644,1.2928150423376985,209182720,79208448,6021120,425095168,99844096,334950400,39440384,4538368,280907776,92573696,4718592,2875392,301342720,608534528,45211648,2120332.8746477948,0,486928.9555618455,59709.69824444492,0,0,0,1190104.599037025,17,9,8,4,11,21,6,6,3,11,1,3,7,34,16,9,4.133,24.933,2.333,2.467,2.467,21.067,0.015372093023255814,0.0032380952380952383,0.038227739726027395,0.041388888888888885,0.00221875,0.0030449438202247193,0.009699999999999999,0.03468749999999997,0.00554545454545454,0.20030434782608705,0.08465517241379311,0.004443750000000001,0.004680898876404495,0.09842975206611572
1705783888,1.5951667958033817,3.3033374833453566,0.1904326044785956,0.19894117843615272,4.975347926805184,1.188352153110046,0.45769317860175285,0.08687327437877623,0.45947361856054886,0.9413594595181655,0,0.2892921171293519,0.4240276874141529,39.893446315167644,1.2928150423376985,209182720,79208448,6021120,425095168,99844096,334950400,39440384,4538368,280907776,92573696,4718592,2875392,301342720,608534528,45211648,2120332.8746477948,0,486928.9555618455,89410.00374204817,0,0,0,1190104.599037025,17,9,8,4,11,21,6,6,3,11,1,3,7,34,16,9,4.133,24.933,2.333,2.467,2.467,21.067,0.015372093023255814,0.0032380952380952383,0.038227739726027395,0.041388888888888885,0.00221875,0.0030449438202247193,0.009699999999999999,0.03468749999999997,0.00554545454545454,0.20030434782608705,0.08465517241379311,0.004443750000000001,0.004680898876404495,0.09842975206611572
1705783889,1.5951667958033817,3.3033374833453566,0.1904326044785956,0.1948569406912333,4.932420985629306,1.061320650675483,0.45769317860175285,0.08687327437877623,0.48978103827342606,0.9413594595181655,0,0.2892921171293519,0.4240276874141529,39.89344631516766,1.2928150423376985,209182720,79208448,6021120,425095168,99844096,334950400,39440384,4538368,280920064,92573696,4718592,2875392,301342720,608534528,45211648,2120332.8746477948,0,486928.9555618455,64324.49409969938,0,0,0,1190104.599037025,17,9,8,4,11,21,6,6,3,11,1,3,7,34,16,9,4.133,24.933,2.333,2.467,2.467,21.067,0.015372093023255814,0.0032380952380952383,0.038227739726027395,0.041388888888888885,0.00221875,0.0030449438202247193,0.009699999999999999,0.03468749999999997,0.00554545454545454,0.20030434782608705,0.08465517241379311,0.004443750000000001,0.004680898876404495,0.09842975206611572
1705783890,1.5951667958033817,3.636802224539462,0.1904326044785956,0.19077270294631388,4.932420985629306,1.061320650675483,0.45769317860175285,0.08687327437877623,0.48978103827342606,0.9699251118122134,0,0.2892921171293519,0.3832823592132395,39.89344631516766,1.3173563570723077,209182720,79208448,6021120,425095168,99844096,334950400,39440384,4538368,280920064,92573696,4718592,2875392,301342720,608534528,45076480,2548432.3948557526,0,486928.9555618455,64324.49409969938,0,0,0,1513626.9200640304,17,9,8,4,11,21,6,6,3,11,1,3,7,34,16,9,4.133,24.933,2.333,2.467,2.467,21.067,0.015372093023255814,0.0032380952380952383,0.038227739726027395,0.041388888888888885,0.00221875,0.0030449438202247193,0.009699999999999999,0.03468749999999997,0.00554545454545454,0.20030434782608705,0.08465517241379311,0.004443750000000001,0.004680898876404495,0.09842975206611572
1705783891,1.5951667958033817,3.636802224539462,0.1904326044785956,0.18668846520139445,4.932420985629306,1.061320650675483,0.45769317860175285,0.08687327437877623,0.48978103827342606,0.9699251118122134,0,0.2892921171293519,0.3832823592132395,33.52079883305951,1.3173563570723077,209182720,79208448,6021120,425095168,99844096,334950400,39440384,4538368,280920064,92573696,4718592,2875392,301342720,608534528,45076480,2548432.3948557526,0,486928.9555618455,64324.49409969938,0,0,0,1513626.9200640304,17,9,8,4,11,21,6,6,3,11,1,3,7,34,16,9,4.067,24.933,2.333,2.467,2.467,21.067,0.015372093023255814,0.0032235294117647054,0.038227739726027395,0.041388888888888885,0.00221875,0.0030449438202247193,0.009699999999999999,0.03468749999999997,0.005041666666666656,0.20030434782608705,0.08465517241379311,0.004443750000000001,0.004680898876404495,0.09842975206611572
1705783892,1.5951667958033817,3.636802224539462,0.1904326044785956,0.18260422745647503,4.932420985629306,1.061320650675483,0.46653325638973187,0.08687327437877623,0.48978103827342606,0.8086242636566727,0,0.2892921171293519,0.3832823592132395,34.186026037525856,1.3025222520107231,209182720,79208448,6021120,425095168,99844096,334950400,39469056,4538368,280920064,92573696,4718592,2875392,301342720,608534528,45076480,2548432.3948557526,0,823485.1728438727,64324.49409969938,0,0,0,1651577.4798927614,17,9,8,4,11,21,6,6,3,11,1,3,7,34,16,9,4.067,24.933,2.333,2.467,2.467,19.733,0.015372093023255814,0.0032235294117647054,0.038227739726027395,0.041388888888888885,0.00221875,0.0030449438202247193,0.01,0.03468749999999997,0.005041666666666656,0.20030434782608705,0.08465517241379311,0.004443750000000001,0.004680898876404495,0.13
1705783893,1.5951667958033817,3.1778017241379395,0.1904326044785956,0.1785199897115556,4.932420985629306,1.061320650675483,0.46653325638973187,0.08687327437877623,0.48978103827342606,0.8246419116657189,0,0.2892921171293519,0.3832823592132395,34.85125324199221,1.3025222520107231,209182720,79241216,6021120,425095168,99844096,334950400,39469056,4538368,280920064,92573696,4718592,2875392,301342720,608534528,45076480,2045203.1410037554,0,823485.1728438727,64324.49409969938,0,0,0,1651577.4798927614,17,9,8,4,11,21,6,6,3,11,1,3,7,34,16,9,4.067,24.933,2.333,2.4,2.467,19.733,0.015372093023255814,0.0032235294117647054,0.038227739726027395,0.041388888888888885,0.0019122807017543859,0.0030449438202247193,0.01,0.03468749999999997,0.005041666666666656,0.20030434782608705,0.08465517241379311,0.0043824561403508775,0.004680898876404495,0.13
1705783894,1.5951667958033817,3.1778017241379395,0.1904326044785956,0.1744357519666362,4.932420985629306,1.061320650675483,0.46653325638973187,0.08687327437877623,0.48978103827342606,0.9610588805427605,0,0.2803651182415048,0.3832823592132395,39.91363226798115,1.3025222520107231,209182720,79241216,6021120,425095168,99844096,334950400,39469056,4538368,280920064,92573696,4718592,2879488,301342720,608534528,45076480,2045203.1410037554,0,823485.1728438727,64324.49409969938,0,0,0,1651577.4798927614,17,9,8,4,11,21,6,6,3,11,1,3,7,34,16,9,4.067,24.933,2.333,2.4,2.4,19.733,0.015372093023255814,0.0032235294117647054,0.038227739726027395,0.041388888888888885,0.0019122807017543859,0.0030227272727272724,0.01,0.03468749999999997,0.005041666666666656,0.20030434782608705,0.08465517241379311,0.0043824561403508775,0.0046409090909090905,0.13
1705783895,1.5951667958033817,3.1778017241379395,0.202412286579645,0.17035151422171674,4.932420985629306,1.061320650675483,0.46653325638973187,0.08687327437877623,0.48978103827342606,0.9610588805427605,0,0.2803651182415048,0.3832823592132395,39.91363226798115,1.3025222520107231,209182720,79241216,6021120,425095168,99844096,334950400,39469056,4538368,280920064,92573696,4718592,2879488,301342720,608534528,45076480,2045203.1410037554,0,823485.1728438727,64324.49409969938,0,0,0,1651577.4798927614,17,9,8,4,11,21,6,6,3,11,1,3,7,34,16,8.867,4.067,24.933,2.2,2.267,2.267,19.333,0.015267441860465115,0.0032235294117647054,0.038227739726027395,0.04431818181818182,0.001966666666666667,0.003,0.013616071428571418,0.034453125,0.005041666666666656,0.20030434782608705,0.08941176470588237,0.004393333333333332,0.0046,0.11649999999999996
1705783896,1.5951667958033817,3.1778017241379395,0.202412286579645,0.24073273837482145,4.932420985629305,1.061320650675483,0.46653325638973187,0.08687327437877623,0.48978103827342606,0.9610588805427605,0,0.2803651182415048,0.3832823592132395,39.91363226798115,1.3025222520107231,209182720,79241216,6021120,425123840,99844096,334950400,39469056,4538368,280920064,92573696,4718592,2879488,301342720,608534528,45076480,2045203.1410037554,0,823485.1728438727,64324.49409969938,0,0,0,1651577.4798927614,17,9,8,4,11,21,6,6,3,11,1,3,7,34,16,8.867,4.067,24.933,2.2,2.267,2.267,19.333,0.015267441860465115,0.0032235294117647054,0.038227739726027395,0.04431818181818182,0.001966666666666667,0.003,0.013616071428571418,0.034453125,0.005041666666666656,0.20030434782608705,0.08941176470588237,0.004393333333333332,0.0046,0.11649999999999996
1705783897,1.5951667958033817,3.1778017241379395,0.202412286579645,0.24073273837482145,4.932420985629305,1.1638327700107574,0.46653325638973187,0.0712904443386978,0.48978103827342606,0.9610588805427605,0,0.2803651182415048,0.3832823592132395,39.91363226798115,1.3025222520107231,209182720,79241216,6021120,425123840,99844096,334757888,39469056,4538368,280920064,92573696,4718592,2879488,301342720,608534528,45076480,2045203.1410037554,0,823485.1728438727,64324.49409969938,0,0,0,1651577.4798927614,17,9,8,4,11,16,6,6,3,11,1,3,7,34,16,8.867,4.067,24.933,2.2,2.267,2.267,19.333,0.015267441860465115,0.0032235294117647054,0.038227739726027395,0.04431818181818182,0.001966666666666667,0.003,0.013616071428571418,0.034453125,0.005041666666666656,0.20030434782608705,0.08941176470588237,0.004393333333333332,0.0046,0.11649999999999996
1705783898,1.0430219150466369,3.1778017241379395,0.202412286579645,0.24073273837482145,4.932420985629305,1.1638327700107574,0.45992148259338395,0.07282854204879759,0.48978103827342606,0.9610588805427605,0,0.2803651182415048,0.3832823592132395,39.91363226798115,1.3025222520107231,209182720,79241216,6021120,425123840,99844096,334757888,39469056,4538368,280920064,92573696,4718592,2879488,301342720,608534528,45076480,2045203.1410037554,0,981375.2092835286,64324.49409969938,0,0,0,1651577.4798927614,17,9,8,4,11,16,6,6,3,11,1,3,7,34,16,6.333,4.067,24.6,2.2,2.267,2.267,18.267,0.014859154929577465,0.0032339181286549705,0.03845486111111111,0.04736842105263159,0.001966666666666667,0.003,0.014218750000000004,0.026538461538461587,0.005346153846153839,0.20460869565217393,0.09324324324324325,0.004393333333333332,0.0046,0.19272727272727444
1705783899,0.8745449999999979,3.1778017241379395,0.202412286579645,0.24073273837482145,4.932420985629305,1.1638327700107574,0.45992148259338395,0.07436663975889739,0.48978103827342606,0.9610588805427605,0,0.2803651182415048,0.3832823592132395,34.53992691030196,1.3025222520107231,209182720,79241216,6021120,425123840,99844096,334757888,39469056,4538368,280920064,92573696,4718592,2879488,301342720,608534528,45076480,2045203.1410037554,0,981375.2092835286,64324.49409969938,0,0,0,1651577.4798927614,17,9,8,4,11,16,6,6,3,11,1,3,7,34,16,6.333,4.067,23.267,2.2,2.267,2.267,18.267,0.014859154929577465,0.0032339181286549705,0.038779863481228666,0.04736842105263159,0.001966666666666667,0.003,0.014218750000000004,0.026538461538461587,0.005346153846153839,0.20953781512605035,0.09324324324324325,0.004393333333333332,0.0046,0.19272727272727444
1705783900,0.8745449999999979,3.1778017241379395,0.202412286579645,0.24073273837482145,4.932420985629305,1.1638327700107574,0.45992148259338395,0.07590473746899716,0.48978103827342606,0.9610588805427605,0,0.2803651182415048,0.3832823592132395,33.8746997058356,1.3025222520107231,209182720,79241216,6021120,425123840,99844096,334757888,39469056,4538368,280920064,92573696,4718592,2879488,301342720,608534528,45076480,2045203.1410037554,0,981375.2092835286,64324.49409969938,0,0,0,1651577.4798927614,17,9,8,4,11,16,6,6,3,11,1,3,7,34,16,6.333,4.067,23.267,2.2,2.267,2.267,18.267,0.014859154929577465,0.0032339181286549705,0.038779863481228666,0.04736842105263159,0.001966666666666667,0.003,0.014218750000000004,0.026538461538461587,0.005346153846153839,0.20953781512605035,0.09324324324324325,0.004393333333333332,0.0046,0.19272727272727444
1705783901,0.8745449999999979,3.1778017241379395,0.202412286579645,0.24073273837482145,4.932420985629305,1.1638327700107571,0.45992148259338395,0.07744283517909697,0.48978103827342606,0.9357501533271964,0,0.2803651182415048,0.3832823592132395,33.209472501369255,1.3025222520107231,209182720,79241216,6021120,425123840,99844096,334757888,39469056,4538368,280920064,92573696,4718592,2879488,301342720,608534528,45076480,2045203.1410037554,0,981375.2092835286,64324.49409969938,0,0,0,1651577.4798927614,17,9,8,4,11,16,6,6,3,11,1,3,7,34,16,6.333,4.067,23.267,2.2,2.267,2.267,18.267,0.014859154929577465,0.0032339181286549705,0.038779863481228666,0.04736842105263159,0.001966666666666667,0.003,0.014218750000000004,0.026538461538461587,0.005346153846153839,0.20953781512605035,0.09324324324324325,0.004393333333333332,0.0046,0.19272727272727444
1705783902,0.8745449999999979,3.1778017241379395,0.2024004967883412,0.24073273837482145,4.932420985629305,1.1638327700107571,0.45992148259338395,0.09228586260598746,0.4407781275663748,0.9357501533271964,0,0.2803651182415048,0.3832823592132395,32.54424529690291,1.3025222520107231,209182720,79241216,6025216,425123840,99844096,334757888,39469056,4538368,280920064,92573696,4718592,2879488,301342720,608534528,45076480,2045203.1410037554,0,981375.2092835286,49055.57076375581,0,0,0,1651577.4798927614,17,9,8,4,11,16,6,6,3,11,1,3,7,34,16,6.333,4.067,23.267,2.2,2.267,2.267,18.267,0.014859154929577465,0.0032339181286549705,0.038779863481228666,0.04736842105263159,0.001966666666666667,0.003,0.014218750000000004,0.026538461538461587,0.005346153846153839,0.20953781512605035,0.09324324324324325,0.004393333333333332,0.0046,0.19272727272727444
1705783903,0.8745449999999979,3.1778017241379395,0.2024004967883412,0.22960626767790565,4.932420985629305,1.1638327700107571,0.45992148259338395,0.07843183200669113,0.4407781275663748,0.9357501533271964,0,0.2803651182415048,0.37802882380289754,31.879018092436556,1.3025222520107231,209182720,79241216,6025216,425123840,99844096,334757888,39469056,4538368,280920064,92573696,4718592,2879488,301355008,608534528,45076480,2045203.1410037554,0,981375.2092835286,49055.57076375581,0,0,0,1651577.4798927614,17,9,8,4,11,16,6,6,3,11,1,3,8,34,16,6.333,4.067,23.267,2.2,2.267,2.267,18.267,0.014859154929577465,0.0032339181286549705,0.038779863481228666,0.04736842105263159,0.001966666666666667,0.003,0.014218750000000004,0.026538461538461587,0.005346153846153839,0.20953781512605035,0.09324324324324325,0.004393333333333332,0.0046,0.19272727272727444
1705783904,0.8745449999999979,3.1778017241379395,0.2024004967883412,0.22960626767790565,2.6878096990389655,1.1638327700107571,0.45992148259338395,0.08512936228010598,0.4212311738733413,0.9357501533271964,0,0.2803651182415048,0.37802882380289754,31.213790887970198,1.1390070532050969,209182720,79241216,6025216,425123840,106303488,334757888,39469056,4534272,280920064,92573696,4718592,2879488,301355008,608534528,45076480,2045203.1410037554,0,981375.2092835286,33218.54433618261,0,0,0,1511921.4391415645,17,9,8,4,11,16,6,6,3,11,1,3,8,34,16,6.333,4.067,23.267,2.2,2.267,2.267,18.267,0.014859154929577465,0.0032339181286549705,0.038779863481228666,0.04736842105263159,0.001966666666666667,0.003,0.014218750000000004,0.026538461538461587,0.005346153846153839,0.20953781512605035,0.09324324324324325,0.004393333333333332,0.0046,0.19272727272727444
1705783905,0.8745449999999979,3.1778017241379395,0.2024004967883412,0.22960626767790565,2.7597267450683036,1.3208379241179238,0.45992148259338395,0.08512936228010598,0.42962384923327135,0.9357501533271966,0,0.22639102164128186,0.37802882380289754,39.83772999180314,1.1619107597660954,209182720,79241216,6025216,425123840,106303488,334757888,39469056,4534272,280920064,92573696,4718592,2879488,301355008,485425152,45076480,2045203.1410037554,0,981375.2092835286,33880.395775095465,0,0,0,1542323.889142149,17,9,8,4,11,16,6,6,3,11,1,3,8,34,16,6.333,4.067,23.267,2.2,2.267,2.267,18.267,0.014859154929577465,0.0032339181286549705,0.038779863481228666,0.04736842105263159,0.001966666666666667,0.003,0.014218750000000004,0.026538461538461587,0.005346153846153839,0.20953781512605035,0.09324324324324325,0.004393333333333332,0.0046,0.19272727272727444
1705783906,0.8745449999999979,3.1778017241379395,0.2024004967883413,0.22960626767790565,2.8316437910976417,1.3208379241179238,0.45992148259338395,0.08512936228010598,0.5035605215958016,0.9357501533271966,0,0.22867642473118313,0.37802882380289754,39.83772999180314,1.16912542733281,209182720,79241216,6025216,425123840,106303488,334757888,39469056,4534272,280920064,92573696,4718592,2875392,301355008,485425152,45076480,2045203.1410037554,0,981375.2092835286,39711.08633477144,0,0,0,1551900.660892333,17,9,8,4,11,16,6,6,3,11,1,3,8,34,16,6.333,4.2,23.267,2.2,2.267,2.267,18.267,0.014859154929577465,0.003216869669795736,0.038779863481228666,0.04736842105263159,0.001966666666666667,0.003,0.014218750000000004,0.026538461538461587,0.0049903654056323256,0.20953781512605035,0.09324324324324325,0.004393333333333332,0.0046,0.19272727272727444
1705783907,0.8745449999999979,1.6787003854869038,0.2024004967883413,0.22960626767790565,2.9035608371269794,1.3208379241179238,0.45992148259338395,0.08512936228010598,0.5035605215958016,0.9357501533271966,0,0.2700477382276607,0.37802882380289754,39.39353997434798,1.2974700252997469,209182720,79241216,6025216,425123840,106303488,334757888,39469056,4534272,280920064,92573696,4718592,2875392,301355008,485425152,45371392,853795.5123245274,0,981375.2092835286,39711.08633477144,0,0,0,1621999.7800022003,17,9,8,4,11,16,6,6,3,11,1,3,8,34,16,6.333,4.2,23.267,2.2,2.267,2.267,15.867,0.014859154929577465,0.003216869669795736,0.038779863481228666,0.04736842105263159,0.001966666666666667,0.003,0.014404761904761908,0.026538461538461587,0.0049903654056323256,0.20953781512605035,0.09324324324324325,0.004393333333333332,0.0046,0.1762500000000002
1705783908,0.8745449999999979,1.7941225534292387,0.2024004967883413,0.2296919798527713,2.975477883156317,1.3208379241179238,0.4509052788337179,0.08512936228010598,0.5035605215958016,0.9357501533271966,0,0.2700477382276607,0.37802882380289754,39.39353997434798,1.2974700252997469,209182720,79405056,6025216,424734720,106303488,334757888,39477248,4534272,280920064,92573696,4718592,2875392,301355008,485425152,45371392,964141.0308102714,0,810628.2086452168,39711.08633477144,0,0,0,1621999.7800022003,17,9,8,4,11,16,6,6,3,11,1,3,8,34,16,6.333,4.2,23.267,2.2,1.867,2.267,15.867,0.014859154929577465,0.003216869669795736,0.038779863481228666,0.04736842105263159,0.0019152542372881359,0.003,0.014404761904761908,0.026538461538461587,0.0049903654056323256,0.20953781512605035,0.09324324324324325,0.004383050847457628,0.0046,0.1762500000000002
1705783909,0.8745449999999979,1.8375821925845526,0.2024004967883413,0.2296919798527713,3.047394929185655,1.3208379241179238,0.450905278833718,0.08512936228010598,0.5035605215958016,0.7865219384600877,0,0.2700477382276607,0.37802882380289754,39.39353997434798,1.2974700252997469,209182720,79405056,6025216,424734720,106303488,334757888,39477248,4534272,280920064,92573696,4718592,2875392,301355008,485425152,45371392,987495.7460239885,0,810628.2086452169,39711.08633477144,0,0,0,1621999.7800022003,17,9,8,4,11,16,6,6,3,11,1,3,8,34,16,6.333,4.2,23.267,2.2,1.867,1.933,15.867,0.014859154929577465,0.003216869669795736,0.038779863481228666,0.04736842105263159,0.0019152542372881359,0.003,0.014404761904761908,0.026538461538461587,0.0049903654056323256,0.20953781512605035,0.09324324324324325,0.004383050847457628,0.0046,0.1762500000000002
1705783910,1.4707332611326986,1.8810418317398663,0.2024004967883413,0.2296919798527713,3.1193119752149925,1.3208379241179238,0.450905278833718,0.08512936228010598,0.5035605215958016,0.8023492403166518,0,0.2700477382276607,0.4006830284788345,39.39353997434798,1.2974700252997469,209186816,79405056,6025216,424734720,106303488,334757888,39477248,4534272,280920064,92573696,4718592,2875392,301355008,485425152,45371392,1010850.4612377053,0,810628.2086452169,39711.08633477144,0,0,0,1621999.7800022003,17,9,8,4,11,16,6,6,3,11,1,3,8,34,16,6.133,4.2,23.267,2,1.667,1.733,15.267,0.014669811320754718,0.003216869669795736,0.038779863481228666,0.046794871794871795,0.001984126984126984,0.003042553191489362,0.0134322033898305,0.02615384615384618,0.0049903654056323256,0.20953781512605035,0.09289473684210527,0.004396825396825397,0.004676595744680851,0.1612499999999998
1705783911,1.4707332611326986,1.9245014708951802,0.20103316292390513,0.2296919798527713,3.19122902124433,1.3208379241179238,0.450905278833718,0.08512936228010598,0.5035605215958016,0.8181765421732157,0,0.2700477382276607,0.4006830284788345,39.39353997434798,1.2974700252997469,209186816,79405056,6025216,424734720,106303488,334757888,39477248,4534272,280920064,92573696,4718592,2875392,301355008,485425152,45371392,1034205.1764514225,0,810628.2086452169,39711.08633477144,0,0,0,1621999.7800022003,17,9,8,4,11,16,6,6,3,11,1,3,8,34,16,6.133,4.2,23.267,2,1.667,1.733,15.267,0.014669811320754718,0.003216869669795736,0.038779863481228666,0.046794871794871795,0.001984126984126984,0.003042553191489362,0.0134322033898305,0.02615384615384618,0.0049903654056323256,0.20953781512605035,0.09289473684210527,0.004396825396825397,0.004676595744680851,0.1612499999999998
1705783912,1.4707332611326986,1.9679611100504937,0.20103316292390513,0.2296919798527713,3.2631460672736687,1.3208379241179238,0.450905278833718,0.08512936228010598,0.5035605215958016,0.8340038440297796,0,0.2700477382276607,0.4006830284788345,39.39353997434798,1.2974700252997469,209186816,79405056,6025216,424734720,106303488,334757888,39477248,4534272,280920064,92573696,4718592,2875392,301355008,485425152,45371392,1057559.8916651395,0,810628.2086452169,39711.08633477144,0,0,0,1621999.7800022003,17,9,8,4,11,16,6,6,3,11,1,3,8,34,16,6.133,4.2,23.267,2,1.667,1.733,15.267,0.014669811320754718,0.003216869669795736,0.038779863481228666,0.046794871794871795,0.001984126984126984,0.003042553191489362,0.0134322033898305,0.02615384615384618,0.0049903654056323256,0.20953781512605035,0.09289473684210527,0.004396825396825397,0.004676595744680851,0.1612499999999998
1705783913,1.4707332611326986,2.0114207492058074,0.1928744871472822,0.2296919798527713,3.3350631133030064,1.3208379241179238,0.450905278833718,0.08512936228010598,0.5035605215958016,0.9496381113938355,0,0.2700477382276607,0.4006830284788345,39.39353997434798,1.2974700252997469,209186816,79405056,6041600,424734720,106303488,334757888,39477248,4534272,280920064,92573696,4718592,2875392,301355008,485425152,45371392,1080914.6068788562,0,810628.2086452169,39711.08633477144,0,0,0,1621999.7800022003,17,9,8,4,11,16,6,6,3,11,1,3,8,34,16,8.133,3.933,23.333,1.867,1.667,1.733,15.8,0.014285714285714289,0.003223604908881164,0.03770559210526315,0.044817073170731705,0.001984126984126984,0.003042553191489362,0.013387096774193539,0.02480788177339902,0.0050455336977645315,0.20406249999999992,0.09214285714285712,0.004396825396825397,0.004676595744680851,0.12307692307692308
1705783914,1.4707332611326986,2.0548803883611213,0.1928744871472822,0.2296919798527713,3.406980159332344,1.3208379241179238,0.450905278833718,0.08604197954659264,0.5035605215958016,0.8303952192064827,0,0.2700477382276607,0.4006830284788345,39.39353997434798,1.2974700252997469,209186816,79405056,6041600,424734720,106303488,334757888,39477248,4538368,280920064,92573696,4718592,2875392,301355008,485425152,45371392,1104269.3220925734,0,810628.2086452169,39711.08633477144,0,0,0,1621999.7800022003,17,9,8,4,11,16,6,6,3,11,1,3,8,34,16,8.133,3.933,23.533,1.867,1.667,1.733,15.8,0.014285714285714289,0.003223604908881164,0.036728896103896104,0.044817073170731705,0.001984126984126984,0.003042553191489362,0.013387096774193539,0.02480788177339902,0.0050455336977645315,0.1995714285714285,0.09214285714285712,0.004396825396825397,0.004676595744680851,0.12307692307692308
1705783915,1.4707332611326986,2.098340027516435,0.1928744871472822,0.2296919798527713,3.4788972053616822,1.3208379241179238,0.450905278833718,0.08604197954659264,0.5035605215958016,0.9752546593994436,0,0.2700477382276607,0.4006830284788345,39.39353997434798,1.2974700252997469,209186816,79405056,6041600,424734720,106303488,334757888,39477248,4538368,280920064,92569600,4718592,2875392,301355008,485425152,45371392,1127624.0373062904,0,810628.2086452169,39711.08633477144,0,0,0,1621999.7800022003,17,9,8,4,11,16,6,6,3,11,1,3,8,34,16,8.133,3.933,23.533,1.867,1.667,1.733,15.8,0.014285714285714289,0.003223604908881164,0.036728896103896104,0.044817073170731705,0.001984126984126984,0.003042553191489362,0.013387096774193539,0.02480788177339902,0.0050455336977645315,0.1995714285714285,0.09214285714285712,0.004396825396825397,0.004676595744680851,0.12307692307692308
1705783916,1.4707332611326986,2.1417996666717487,0.1928744871472822,0.23421305695053066,3.550814251391019,1.3208379241179238,0.450905278833718,0.08604197954659264,0.46634304794395925,0.9752546593994436,0,0.2700477382276607,0.4006830284788345,39.49939761103857,1.2974700252997469,209186816,79405056,6041600,424734720,106303488,334757888,39477248,4538368,280920064,92569600,4718592,2875392,301355008,305963008,45371392,1150978.7525200073,0,810628.2086452169,59463.57928356259,0,0,0,1621999.7800022003,17,9,8,4,11,16,6,6,3,11,1,3,8,34,16,8.133,3.933,23.533,1.867,1.667,1.733,15.8,0.014285714285714289,0.003223604908881164,0.036728896103896104,0.044817073170731705,0.001984126984126984,0.003042553191489362,0.013387096774193539,0.02480788177339902,0.0050455336977645315,0.1995714285714285,0.09214285714285712,0.004396825396825397,0.004676595744680851,0.12307692307692308
1705783917,1.4707332611326986,2.607578349318824,0.1928744871472822,0.23421305695053066,3.7604140763953215,1.2366285289478196,0.45916736149047,0.08604197954659264,0.46634304794395925,0.9752546593994436,0.0002388663037736281,0.2700477382276607,0.4006830284788345,39.49939761103857,1.2974700252997469,209186816,79405056,6041600,424734720,108474368,334778368,39477248,4538368,280920064,92569600,4718592,2875392,301355008,305963008,45371392,1401282.9128230193,0,989229.7518760243,59463.57928356259,0,0,0,1621999.7800022003,17,9,8,4,11,20,6,6,3,11,1,3,8,34,16,8.133,3.933,23.533,1.867,1.667,1.733,15.8,0.014285714285714289,0.003223604908881164,0.036728896103896104,0.044817073170731705,0.001984126984126984,0.003042553191489362,0.013387096774193539,0.02480788177339902,0.0050455336977645315,0.1995714285714285,0.09214285714285712,0.004396825396825397,0.004676595744680851,0.12307692307692308
1705783918,1.4707332611326986,2.607578349318824,0.1928744871472822,0.23421305695053066,3.8356216058479338,1.2366285289478196,0.45606954361999363,0.08679533363551813,0.46634304794395925,0.9752546593994436,0.0002388663037736281,0.2700477382276607,0.3951028423354177,39.818078134700734,1.3027748208075958,209186816,79405056,6041600,424734720,108474368,334778368,39485440,4538368,280920064,92569600,4718592,2875392,301342720,305963008,45387776,1401282.9128230193,0,890158.3359205215,59463.57928356259,0,0,0,1569682.7762401532,17,9,8,4,11,20,6,6,3,11,1,3,8,34,16,8.133,3.933,23.533,1.867,1.667,1.733,15.8,0.014285714285714289,0.003223604908881164,0.036728896103896104,0.044817073170731705,0.001984126984126984,0.003042553191489362,0.013387096774193539,0.02480788177339902,0.0050455336977645315,0.1995714285714285,0.09214285714285712,0.004396825396825397,0.004676595744680851,0.12307692307692308
1705783919,1.4707332611326986,2.607578349318824,0.1928744871472822,0.23421305695053066,4.512451767156715,1.2366285289478196,0.45606954361999363,0.08679533363551813,0.46634304794395925,0.9752546593994436,0.0002388663037736281,0.2700477382276607,0.3951028423354177,39.818078134700734,1.3027748208075958,209186816,79405056,6041600,424734720,108474368,334778368,39485440,4538368,280920064,92569600,4718592,2875392,301342720,305963008,45387776,1401282.9128230193,0,890158.3359205215,59463.57928356259,0,0,0,1569682.7762401532,17,9,8,4,11,20,6,6,3,11,1,3,8,34,16,8.133,3.933,23.533,1.867,1.667,1.733,15.8,0.014285714285714289,0.003223604908881164,0.036728896103896104,0.044817073170731705,0.001984126984126984,0.003042553191489362,0.013387096774193539,0.02480788177339902,0.0050455336977645315,0.1995714285714285,0.09214285714285712,0.004396825396825397,0.004676595744680851,0.12307692307692308
1705783920,1.4707332611326986,2.607578349318824,0.1928744871472822,0.23421305695053066,4.512451767156715,1.2366285289478196,0.45606954361999363,0.08679533363551813,0.46634304794395925,0.9752546593994436,0.0002388663037736281,0.2700477382276607,0.3951028423354177,39.818078134700734,1.3027748208075958,209186816,79405056,6041600,424734720,108474368,334778368,39485440,4538368,280920064,92569600,4718592,2875392,301342720,305963008,45387776,1401282.9128230193,0,890158.3359205215,59463.57928356259,0,0,0,1569682.7762401532,17,9,8,4,11,20,6,6,3,11,1,3,8,34,16,8.133,3.933,23.533,1.867,1.667,1.733,15.8,0.014285714285714289,0.003223604908881164,0.036728896103896104,0.044817073170731705,0.001984126984126984,0.003042553191489362,0.013387096774193539,0.02480788177339902,0.0050455336977645315,0.1995714285714285,0.09214285714285712,0.004396825396825397,0.004676595744680851,0.12307692307692308
1705783921,1.4707332611326986,2.607578349318824,0.1928744871472822,0.23421305695053066,4.512451767156715,1.2366285289478196,0.45606954361999363,0.08679533363551813,0.3965049219449149,0.9752546593994436,0.0002388663037736281,0.2700477382276607,0.3951028423354177,39.818078134700734,1.3027748208075958,209186816,79405056,6041600,424734720,108474368,334778368,39485440,4538368,280920064,92569600,4718592,2875392,301342720,305963008,45387776,1401282.9128230193,0,890158.3359205215,40727.85124788704,0,0,0,1569682.7762401532,17,9,8,4,11,20,6,6,3,11,1,3,8,34,16,8.133,3.8,23.533,1.867,1.667,1.733,15.8,0.014285714285714289,0.003182926829268293,0.036728896103896104,0.044817073170731705,0.001984126984126984,0.003042553191489362,0.013387096774193539,0.02480788177339902,0.004929268292682927,0.1995714285714285,0.09214285714285712,0.004396825396825397,0.004676595744680851,0.12307692307692308
1705783922,1.4707332611326986,2.607578349318824,0.1928744871472822,0.23421305695053066,4.512451767156715,1.2250140623242052,0.45606954361999363,0.08679533363551813,0.3965049219449149,0.9752546593994436,0.0002388663037736281,0.2283163610802129,0.3951028423354177,39.818078134700734,1.049429360926578,209186816,79405056,6041600,424734720,108474368,334778368,39485440,4538368,280920064,92569600,4718592,2875392,301342720,305963008,45387776,1401282.9128230193,0,890158.3359205215,40727.85124788704,0,0,0,1447185.2178368287,17,9,8,4,11,20,6,6,3,11,1,3,8,34,16,8.133,3.8,23.533,1.867,1.667,1.733,16.867,0.014285714285714289,0.003182926829268293,0.036728896103896104,0.044817073170731705,0.001984126984126984,0.003042553191489362,0.013750000000000005,0.02480788177339902,0.004929268292682927,0.1995714285714285,0.09214285714285712,0.004396825396825397,0.004676595744680851,0.1175000000000008
1705783923,1.4045556967875956,2.607578349318824,0.1928744871472822,0.23421305695053066,4.512451767156715,1.2250140623242052,0.45606954361999363,0.08679533363551813,0.3965049219449149,0.9752546593994436,0.0002388663037736281,0.15856499999999937,0.3951028423354177,39.818078134700734,1.0708377669879734,209186816,79405056,6041600,424734720,108474368,334778368,39485440,4538368,280920064,92569600,4718592,2875392,301342720,305963008,45387776,1401282.9128230193,0,890158.3359205215,40727.85124788704,0,0,0,1476707.8612305154,17,9,8,4,11,20,6,6,3,11,1,3,8,34,16,8.133,3.8,23.533,1.867,1.533,1.733,16.867,0.014285714285714289,0.003182926829268293,0.036728896103896104,0.044817073170731705,0.00221875,0.003042553191489362,0.013750000000000005,0.02480788177339902,0.004929268292682927,0.1995714285714285,0.09214285714285712,0.004443750000000001,0.004676595744680851,0.1175000000000008
1705783924,1.493527347781213,2.607578349318824,0.1928744871472822,0.23421305695053066,4.512451767156715,1.2250140623242052,0.45606954361999363,0.08679533363551814,0.3965049219449149,0.9752546593994436,0.0002388663037736281,0.15856499999999937,0.3951028423354177,39.818078134700734,1.0922461730493689,209195008,79405056,6041600,424734720,108474368,334778368,39485440,4538368,280920064,92569600,4718592,2875392,301342720,305963008,45387776,1401282.9128230193,0,890158.3359205215,40727.85124788704,0,0,0,1506230.5046242021,15,9,8,4,11,20,6,6,3,11,1,3,8,34,16,8.133,3.8,23.533,1.867,1.533,1.6,16.867,0.014285714285714289,0.003182926829268293,0.036728896103896104,0.044817073170731705,0.00221875,0.003045454545454546,0.013750000000000005,0.02480788177339902,0.004929268292682927,0.1995714285714285,0.09214285714285712,0.004443750000000001,0.004681818181818183,0.1175000000000008
1705783925,1.493527347781213,2.607578349318824,0.13535863389558686,0.23421305695053066,4.512451767156715,1.2250140623242052,0.45606954361999374,0.08679533363551814,0.3965049219449149,0.9752546593994436,0.0002388663037736281,0.2294588524943097,0.3951028423354177,39.818078134700734,1.1136545791107646,209195008,79405056,6041600,424734720,108474368,334778368,39485440,4538368,280920064,92569600,4718592,2879488,301342720,305963008,45387776,1401282.9128230193,0,890158.3359205216,40727.85124788704,0,0,0,1535753.1480178891,15,9,8,4,11,20,6,6,3,11,1,3,8,34,16,8.067,3.8,23.533,1.8,1.467,1.533,16.667,0.014609756097560975,0.003182926829268293,0.036728896103896104,0.044817073170731705,0.0021379310344827583,0.003074074074074074,0.014318181818181827,0.024853658536585364,0.004929268292682927,0.1995714285714285,0.09370967741935485,0.004427586206896551,0.004733333333333333,0.1400000000000004
1705783926,1.493527347781213,2.165354791093929,0.11453249999999972,0.23421305695053066,4.512451767156715,1.2250140623242052,0.45606954361999363,0.08679533363551814,0.3965049219449149,0.9941508182220338,0.0002388663037736281,0.27018822661007524,0.3951028423354177,39.818078134700734,1.2845043636837317,209195008,79405056,6041600,424734720,108474368,334778368,39485440,4538368,280920064,92569600,4718592,2879488,301342720,305963008,45387776,1163637.008165842,0,890158.3359205215,40727.85124788704,0,0,0,1771358.6036212065,15,9,8,4,11,20,6,6,3,11,1,3,8,34,16,8.067,3.8,23.533,1.8,1.467,1.533,16.667,0.014609756097560975,0.003182926829268293,0.036728896103896104,0.044817073170731705,0.0021379310344827583,0.003074074074074074,0.014318181818181827,0.024853658536585364,0.004929268292682927,0.1995714285714285,0.09370967741935485,0.004427586206896551,0.004733333333333333,0.1400000000000004
1705783927,1.493527347781213,2.1218951519386153,0.11453249999999972,0.23421305695053066,4.512451767156715,1.2250140623242052,0.45606954361999363,0.08679533363551814,0.3965049219449149,0.9941508182220338,0.0002388663037736281,0.27018822661007524,0.3951028423354177,39.818078134700734,1.2845043636837317,209195008,79405056,6041600,424734720,108474368,334778368,39485440,4538368,280920064,92569600,4718592,2879488,301342720,305963008,45387776,1140282.292952125,0,890158.3359205215,40727.85124788704,0,0,0,1771358.6036212065,15,9,8,4,11,20,6,6,3,11,1,3,8,34,16,8.067,3.8,23.533,1.8,1.467,1.533,16.667,0.014609756097560975,0.003182926829268293,0.036728896103896104,0.044817073170731705,0.0021379310344827583,0.003074074074074074,0.014318181818181827,0.024853658536585364,0.004929268292682927,0.1995714285714285,0.09370967741935485,0.004427586206896551,0.004733333333333333,0.1400000000000004
1705783928,1.493527347781213,2.0784355127833014,0.11453249999999972,0.18986871816789683,4.512451767156715,1.2250140623242052,0.45606954361999363,0.08679533363551814,0.3965049219449149,0.8651984109784336,0.0002388663037736281,0.27018822661007524,0.3951028423354177,39.818078134700734,1.2845043636837317,209195008,79405056,6041600,424734720,108474368,334778368,39485440,4538368,280920064,92569600,4718592,2879488,301342720,305963008,45387776,1116927.577738408,0,890158.3359205215,40727.85124788704,0,0,0,1771358.6036212065,15,9,8,4,11,20,6,6,3,11,1,3,8,34,16,8.067,3.8,23.533,1.467,1.467,1.533,15.8,0.015023584905660378,0.003108433734939759,0.03579166666666666,0.04669117647058823,0.0021379310344827583,0.003074074074074074,0.014804687499999993,0.024589622641509438,0.0047951807228915665,0.19698019801980202,0.09783333333333333,0.004427586206896551,0.004733333333333333,0.14499999999999924
1705783929,1.493527347781213,2.0349758736279875,0.11453249999999972,0.18596516721872133,4.512451767156715,1.2250140623242052,0.45606954361999363,0.08679533363551814,0.3965049219449149,0.9953359124919039,0.0002388663037736281,0.27018822661007524,0.3741904184354086,39.818078134700734,1.2845043636837317,209195008,79405056,6041600,424734720,108474368,334778368,39485440,4538368,280920064,92577792,4718592,2879488,301342720,305963008,45387776,1093572.862524691,0,890158.3359205215,40727.85124788704,0,0,0,1771358.6036212065,15,9,8,4,11,20,6,6,3,11,1,3,8,34,16,8.067,3.8,24.4,1.467,1.467,1.533,15.8,0.015023584905660378,0.003108433734939759,0.03470833333333333,0.04669117647058823,0.0021379310344827583,0.003074074074074074,0.014804687499999993,0.024589622641509438,0.0047951807228915665,0.19386597938144326,0.09783333333333333,0.004427586206896551,0.004733333333333333,0.14499999999999924
1705783930,1.493527347781213,1.991516234472674,0.11453249999999972,0.08945666666666814,4.512451767156715,1.2250140623242052,0.45606954361999363,0.07347538419840295,0.3965049219449149,0.9953359124919039,0.0002388663037736281,0.27018822661007524,0.3741904184354086,39.818078134700734,1.2845043636837317,209195008,79405056,6041600,424734720,108474368,334778368,39485440,4538368,280920064,92577792,4718592,2879488,301342720,305963008,45387776,1070218.147310974,0,890158.3359205215,40727.85124788704,0,0,0,1771358.6036212065,15,9,8,4,11,20,6,6,3,11,1,3,8,34,16,8.067,3.8,24.4,1.467,1.467,1.533,15.8,0.015023584905660378,0.003108433734939759,0.03470833333333333,0.04669117647058823,0.0021379310344827583,0.003074074074074074,0.014804687499999993,0.024589622641509438,0.0047951807228915665,0.19386597938144326,0.09783333333333333,0.004427586206896551,0.004733333333333333,0.14499999999999924
1705783931,1.493527347781213,1.94805659531736,0.1494954580638736,0.08945666666666814,4.512451767156715,1.2250140623242052,0.45606954361999363,0.07202879530447764,0.3403113632848328,0.9953359124919039,0.0002388663037736281,0.27018822661007524,0.45909660402242103,39.818078134700734,1.2845043636837317,209195008,79405056,6033408,424734720,108474368,334778368,39485440,4538368,280920064,92577792,4718592,2879488,301342720,305963008,45387776,1046863.4320972571,0,890158.3359205215,34955.80966270038,0,0,0,1771358.6036212065,15,9,8,4,11,20,6,6,3,11,1,3,7,34,16,8.067,3.8,24.4,1.467,1.467,1.533,15.8,0.015023584905660378,0.003108433734939759,0.03470833333333333,0.04669117647058823,0.0021379310344827583,0.003074074074074074,0.014804687499999993,0.024589622641509438,0.0047951807228915665,0.19386597938144326,0.09783333333333333,0.004427586206896551,0.004733333333333333,0.14499999999999924
1705783932,1.493527347781213,1.9045969561620464,0.1767370141078467,0.08945666666666814,3.859913637861128,1.2250140623242052,0.45606954361999363,0.06424293250915447,0.3337029479190842,0.9953359124919039,0.00017704839890366172,0.27018822661007524,0.45909660402242103,39.81949213823264,1.3311375981267188,209195008,79405056,6033408,424734720,108474368,334778368,39485440,4538368,280920064,92577792,4718592,2879488,301342720,245964800,45408256,1023508.7168835402,0,890158.3359205215,34277.01214190227,0,0,0,1690255.465346155,15,9,8,4,11,20,6,6,3,11,1,3,7,34,16,8.067,3.8,24.4,1.467,1.467,1.533,15.8,0.015023584905660378,0.003108433734939759,0.03470833333333333,0.04669117647058823,0.0021379310344827583,0.003074074074074074,0.014804687499999993,0.024589622641509438,0.0047951807228915665,0.19386597938144326,0.09783333333333333,0.004427586206896551,0.004733333333333333,0.14499999999999924
1705783933,1.493527347781213,1.861137317006733,0.1767370141078467,0.08945666666666814,4.5259195168295445,1.2250140623242052,0.2918649999999978,0.06292011562858339,0.32709453255333565,0.9953359124919039,0.0002322102395784489,0.27018822661007524,0.45909660402242103,39.794629161443815,1.3311375981267188,209195008,79405056,6033408,424734720,109203456,334778368,39485440,4538368,280920064,92577792,4718592,2879488,301342720,245964800,45408256,1000154.0016698233,0,327680,33598.21462110415,0,0,0,1690255.465346155,15,9,8,4,11,20,6,6,3,11,1,3,7,34,16,8.067,3.8,24.4,1.467,1.467,1.533,15.8,0.015023584905660378,0.003108433734939759,0.03470833333333333,0.04669117647058823,0.0021379310344827583,0.003074074074074074,0.014804687499999993,0.024589622641509438,0.0047951807228915665,0.19386597938144326,0.09783333333333333,0.004427586206896551,0.004733333333333333,0.14499999999999924
1705783934,1.493527347781213,1.817677677851419,0.1767370141078467,0.08945666666666814,4.5259195168295445,1.1716855467638254,0.2918649999999978,0.08269300742706653,0.3204861171875871,0.9953359124919039,0.0002322102395784489,0.27018822661007524,0.45909660402242103,39.794629161443815,1.3311375981267188,209195008,79405056,6033408,424734720,109203456,334766080,39485440,4542464,280920064,92577792,4718592,2879488,301342720,245964800,45408256,976799.2864561061,0,327680,32919.41710030604,0,0,0,1690255.465346155,15,9,8,4,11,19,6,6,3,11,1,3,7,34,16,8.067,3.8,24.4,1.467,1.467,1.533,15.8,0.015023584905660378,0.003108433734939759,0.03470833333333333,0.04669117647058823,0.0021379310344827583,0.003074074074074074,0.014804687499999993,0.024589622641509438,0.0047951807228915665,0.19386597938144326,0.09783333333333333,0.004427586206896551,0.004733333333333333,0.14499999999999924
1705783935,1.493527347781213,2.9990565120124435,0.1767370141078467,0.08945666666666814,4.59478485726107,1.1716855467638254,0.3718502642313692,0.08269300742706653,0.3138777018218385,0.9953359124919039,0.0002322102395784489,0.27018822661007524,0.45909660402242103,39.794629161443815,1.3311375981267188,209195008,79548416,6033408,424734720,109203456,334766080,39497728,4542464,280920064,92577792,4718592,2879488,301342720,245964800,45408256,2270907.499270499,0,391700.3114016643,32240.619579507915,0,0,0,1690255.465346155,15,9,8,4,11,19,6,6,3,11,1,3,7,34,16,8.067,3.8,24.4,1.467,1.467,1.533,15.8,0.015023584905660378,0.003108433734939759,0.03470833333333333,0.04669117647058823,0.0021379310344827583,0.003074074074074074,0.014804687499999993,0.024589622641509438,0.0047951807228915665,0.19386597938144326,0.09783333333333333,0.004427586206896551,0.004733333333333333,0.14499999999999924
1705783936,1.5274675512729474,2.9990565120124435,0.1767370141078467,0.08945666666666814,4.59478485726107,1.1716855467638254,0.43705241426768787,0.08269300742706653,0.3320852094129681,0.9953359124919039,0.0002322102395784489,0.27018822661007524,0.45909660402242103,39.794629161443815,1.3311375981267188,209195008,79548416,6033408,424734720,109203456,334766080,39497728,4542464,280924160,92577792,4718592,2879488,301342720,245964800,45408256,2270907.499270499,0,460383.07145314827,34797.38339988106,0,0,0,1690255.465346155,15,9,8,4,11,19,6,6,3,11,1,3,7,34,16,8.067,3.467,24.4,1.467,1.467,1.533,15.8,0.015023584905660378,0.0031242236024844722,0.03470833333333333,0.04669117647058823,0.0021379310344827583,0.003074074074074074,0.014804687499999993,0.024589622641509438,0.004823602484472049,0.19386597938144326,0.09783333333333333,0.004427586206896551,0.004733333333333333,0.14499999999999924
1705783937,1.5274675512729474,2.9990565120124435,0.1767370141078467,0.08945666666666814,4.59478485726107,1.1716855467638254,0.43705241426768787,0.08269300742706653,0.3320852094129681,0.9953359124919039,0.0002322102395784489,0.27018822661007524,0.45909660402242103,39.794629161443815,1.3311375981267188,209195008,79548416,6033408,424734720,109203456,334766080,39497728,4542464,280924160,92577792,4718592,2879488,301342720,245964800,45408256,2270907.499270499,0,460383.07145314827,34797.38339988106,0,0,0,1690255.465346155,15,9,8,4,11,19,6,6,3,11,1,3,7,34,16,8.067,3.467,24.4,1.467,1.467,1.533,17.8,0.015023584905660378,0.0031242236024844722,0.03470833333333333,0.04669117647058823,0.0021379310344827583,0.003074074074074074,0.014180327868852455,0.024589622641509438,0.004823602484472049,0.19386597938144326,0.09783333333333333,0.004427586206896551,0.004733333333333333,0.09954314720812184
1705783938,1.5274675512729474,2.9990565120124435,0.1767370141078467,0.23425364222593692,4.59478485726107,1.1716855467638254,0.43705241426768787,0.08269300742706653,0.3320852094129681,0.9953359124919039,0.0002322102395784489,0.27018822661007524,0.45909660402242103,39.794629161443815,1.3311375981267188,209195008,79548416,6033408,424738816,109203456,334766080,39497728,4542464,280924160,92577792,4718592,2879488,301342720,245964800,45408256,2270907.499270499,0,460383.07145314827,34797.38339988106,0,0,0,1690255.465346155,15,9,8,4,11,19,6,6,3,11,1,3,7,34,16,8.067,3.467,24.4,1.467,2.067,1.533,17.8,0.015023584905660378,0.0031242236024844722,0.03470833333333333,0.04669117647058823,0.0021864406779661017,0.003074074074074074,0.014180327868852455,0.024589622641509438,0.004823602484472049,0.19386597938144326,0.09783333333333333,0.004437288135593221,0.004733333333333333,0.09954314720812184
1705783939,1.5274675512729474,2.9990565120124435,0.1767370141078467,0.23425364222593692,4.59478485726107,1.1716855467638254,0.43705241426768787,0.08269300742706653,0.3320852094129681,0.9693898339615105,0.0002322102395784489,0.27018822661007524,0.45909660402242103,39.794629161443815,1.3311375981267188,209195008,79548416,6033408,424738816,109203456,334766080,39497728,4542464,280924160,92577792,4718592,2879488,301342720,245964800,45408256,2270907.499270499,0,460383.07145314827,34797.38339988106,0,0,0,1690255.465346155,15,9,8,4,11,19,6,6,3,11,1,3,7,34,16,8.067,3.467,24.4,1.467,2.067,1.933,17.8,0.015023584905660378,0.0031242236024844722,0.03470833333333333,0.04669117647058823,0.0021864406779661017,0.003105263157894737,0.014180327868852455,0.024589622641509438,0.004823602484472049,0.19386597938144326,0.09783333333333333,0.004437288135593221,0.004789473684210526,0.09954314720812184
1705783940,1.5274675512729474,2.9990565120124435,0.1767370141078467,0.23425364222593692,4.59478485726107,1.1716855467638254,0.43705241426768787,0.08269300742706653,0.3320852094129681,0.9693898339615105,0.0002322102395784489,0.27018822661007524,0.45909660402242103,39.794629161443815,1.3061809782739404,209195008,79548416,6033408,424738816,109203456,334766080,39497728,4542464,280924160,92577792,4718592,2879488,301342720,245964800,45408256,2270907.499270499,0,460383.07145314827,34797.38339988106,0,0,0,1359978.827322378,15,9,8,4,11,19,6,6,3,11,1,3,7,34,16,8.333,3.467,24.4,1.733,2.333,2.2,18.6,0.015257009345794393,0.0031242236024844722,0.03470833333333333,0.04669117647058823,0.002127272727272727,0.0031408450704225347,0.013688524590163932,0.02462149532710281,0.004823602484472049,0.19386597938144326,0.1018750000000001,0.004425454545454546,0.004853521126760562,0.09984126984126983
1705783941,1.5274675512729474,2.9990565120124435,0.1767370141078467,0.23425364222593692,4.59478485726107,1.0742838559310548,0.43705241426768787,0.08269300742706653,0.3320852094129681,0.9693898339615105,0.0002322102395784489,0.2289725136864116,0.45909660402242103,39.794629161443815,1.3061809782739404,209195008,79548416,6033408,424738816,109203456,334766080,39497728,4542464,280924160,92577792,4718592,2879488,301342720,245964800,45408256,2270907.499270499,0,460383.07145314827,34797.38339988106,0,0,0,1359978.827322378,15,9,8,4,11,19,6,6,3,11,1,3,7,34,16,8.333,3.467,24.4,1.733,2.333,2.2,18.6,0.015257009345794393,0.0031242236024844722,0.03470833333333333,0.04669117647058823,0.002127272727272727,0.0031408450704225347,0.013688524590163932,0.02462149532710281,0.004823602484472049,0.19386597938144326,0.1018750000000001,0.004425454545454546,0.004853521126760562,0.09984126984126983
1705783942,1.5274675512729474,2.9990565120124435,0.1767370141078467,0.23425364222593692,4.59478485726107,1.0742838559310548,0.43705241426768787,0.08269300742706653,0.3320852094129681,0.9693898339615105,0.0002322102395784489,0.23305148116627997,0.45909660402242103,39.794629161443815,1.3061809782739404,209195008,79548416,6033408,424738816,109203456,334766080,39497728,4542464,280924160,92577792,4718592,2879488,301342720,245964800,45408256,2270907.499270499,0,460383.07145314827,34797.38339988106,0,0,0,1359978.827322378,15,9,8,4,11,19,6,6,3,11,1,3,7,34,16,8.333,3.467,24.4,1.733,2.333,2.2,18.6,0.015257009345794393,0.0031242236024844722,0.03470833333333333,0.04669117647058823,0.002127272727272727,0.0031408450704225347,0.013688524590163932,0.02462149532710281,0.004823602484472049,0.19386597938144326,0.1018750000000001,0.004425454545454546,0.004853521126760562,0.09984126984126983
1705783943,1.5274675512729474,2.9990565120124435,0.1767370141078467,0.23425364222593692,4.59478485726107,1.0742838559310548,0.43705241426768787,0.08269300742706653,0.3320852094129681,0.9693898339615105,0.00023221023957844893,0.22843813052186435,0.45909660402242103,39.794629161443815,1.3061809782739404,209195008,79548416,6033408,424738816,109203456,334766080,39497728,4542464,280924160,92577792,4718592,2879488,301342720,245964800,45408256,2270907.499270499,0,460383.07145314827,34797.38339988106,0,0,0,1359978.827322378,15,9,8,4,11,19,6,6,3,11,1,3,7,34,16,7.6,3.6,23.667,2.2,2.333,2.2,19.467,0.015733333333333335,0.003188679245283019,0.03503401360544218,0.04519230769230769,0.002127272727272727,0.0031408450704225347,0.015720338983050853,0.025806451612903254,0.004939622641509434,0.1908823529411764,0.1018750000000001,0.004425454545454546,0.004853521126760562,0.09844827586206896
1705783944,1.5274675512729474,2.9990565120124435,0.1767370141078467,0.23425364222593692,4.59478485726107,1.1328862341637336,0.43705241426768787,0.08269300742706653,0.3320852094129681,0.8316987790454332,0.00023221023957844893,0.22382477987744884,0.45909660402242103,39.794629161443815,1.3061809782739404,209195008,79548416,6033408,424738816,109203456,335187968,39497728,4542464,280924160,92577792,4718592,2879488,301342720,245964800,45408256,2270907.499270499,0,460383.07145314827,34797.38339988106,0,0,0,1359978.827322378,15,9,8,4,11,16,6,6,3,11,1,3,7,34,16,7.6,3.6,22.4,2.2,2.333,2.2,19.467,0.015733333333333335,0.003188679245283019,0.03510452961672475,0.04519230769230769,0.002127272727272727,0.0031408450704225347,0.015720338983050853,0.025806451612903254,0.004939622641509434,0.1874528301886794,0.1018750000000001,0.004425454545454546,0.004853521126760562,0.09844827586206896
1705783945,1.2248698649176464,2.9990565120124435,0.1767370141078467,0.23425364222593692,3.8411083547008484,1.1328862341637336,0.43705241426768787,0.08269300742706653,0.3320852094129681,0.8155422818127412,0.00023221023957844893,0.279134667597548,0.42472288693848076,31.64733540052432,1.3061809782739404,209195008,79548416,6033408,424738816,109203456,335187968,39497728,4542464,280924160,92577792,4718592,2875392,301342720,245964800,45408256,2270907.499270499,0,460383.07145314827,34797.38339988106,0,0,0,1359978.827322378,15,9,8,4,11,16,6,6,3,11,1,3,7,34,16,7.6,3.6,22.4,2.2,2.333,2.2,19.467,0.015733333333333335,0.003188679245283019,0.03510452961672475,0.04519230769230769,0.002127272727272727,0.0031408450704225347,0.015720338983050853,0.025806451612903254,0.004939622641509434,0.1874528301886794,0.1018750000000001,0.004425454545454546,0.004853521126760562,0.09844827586206896
1705783946,0.7913766666666788,2.9990565120124435,0.1767370141078467,0.23425364222593692,3.9200992158887797,1.1328862341637336,0.4541800346645996,0.08269300742706653,0.3320852094129681,0.9394622274560283,0.00023221023957844893,0.279134667597548,0.35544749999999686,32.31202033284299,1.3061809782739404,209195008,79548416,6033408,424738816,109203456,335187968,39522304,4542464,280924160,92573696,4718592,2875392,301342720,612749312,45408256,2270907.499270499,0,725035.9553047902,34797.38339988106,0,0,0,1359978.827322378,15,9,8,4,11,16,6,6,3,11,1,3,7,34,16,7.6,3.6,22.4,2.2,2.333,2.2,19.467,0.015733333333333335,0.003188679245283019,0.03510452961672475,0.04519230769230769,0.002127272727272727,0.0031408450704225347,0.015720338983050853,0.025806451612903254,0.004939622641509434,0.1874528301886794,0.1018750000000001,0.004425454545454546,0.004853521126760562,0.09844827586206896
1705783947,0.7913766666666788,2.9990565120124435,0.17375230117043075,0.23425364222593692,3.999090077076711,1.1328862341637336,0.4541800346645996,0.07495421894290726,0.3320852094129681,0.9394622274560283,0,0.279134667597548,0.35544749999999686,32.9774312273712,1.1190959510996645,209195008,79548416,6037504,424738816,109203456,335187968,39522304,4542464,280924160,92573696,4718592,2875392,301342720,612749312,45408256,2270907.499270499,0,725035.9553047902,34797.38339988106,0,0,0,1165188.3043412007,15,9,8,4,11,16,6,6,3,11,1,3,7,34,16,7.6,3.6,22.4,2.2,2.333,2.2,19.467,0.015733333333333335,0.003188679245283019,0.03510452961672475,0.04519230769230769,0.002127272727272727,0.0031408450704225347,0.015720338983050853,0.025806451612903254,0.004939622641509434,0.1874528301886794,0.1018750000000001,0.004425454545454546,0.004853521126760562,0.09844827586206896
1705783948,0.7913766666666788,2.9990565120124435,0.16470535932602742,0.23425364222593692,4.739451671275898,1.1328862341637336,0.4541800346645996,0.08823117221128451,0.3320852094129681,0.9394622274560283,0,0.279134667597548,0.4362058485851153,33.64284212189942,1.0973262681284324,209195008,79548416,6037504,424738816,109203456,335187968,39522304,4542464,280924160,92573696,4718592,2875392,301346816,612749312,45408256,2270907.499270499,0,725035.9553047902,34797.38339988106,0,0,0,1142521.9905524943,15,9,8,4,11,16,6,6,3,11,1,3,7,34,16,7.6,3.6,22.4,2.2,2.333,2.2,19.467,0.015733333333333335,0.003188679245283019,0.03510452961672475,0.04519230769230769,0.002127272727272727,0.0031408450704225347,0.015720338983050853,0.025806451612903254,0.004939622641509434,0.1874528301886794,0.1018750000000001,0.004425454545454546,0.004853521126760562,0.09844827586206896
1705783949,0.7913766666666788,2.9990565120124435,0.16470535932602742,0.23425364222593692,4.850953420833407,1.1328862341637336,0.4541800346645996,0.09281735823733397,0.35244805781392363,0.9394622274560283,0,0.279134667597548,0.4362058485851153,34.30825301642764,1.0755565851571998,209195008,79548416,6037504,424738816,98566144,335187968,39522304,4542464,280924160,92573696,4718592,2875392,301346816,612749312,45408256,2270907.499270499,0,725035.9553047902,49334.53778982234,0,0,0,1119855.6767637879,15,9,8,4,12,16,6,6,3,11,1,3,7,34,16,7.6,3.6,22.4,2.2,2.333,2.2,19.467,0.015733333333333335,0.003188679245283019,0.03510452961672475,0.04519230769230769,0.002127272727272727,0.0031408450704225347,0.015720338983050853,0.025806451612903254,0.004939622641509434,0.1874528301886794,0.1018750000000001,0.004425454545454546,0.004853521126760562,0.09844827586206896
1705783950,0.7913766666666788,2.9990565120124435,0.16470535932602742,0.23425364222593692,4.850953420833407,1.1328862341637336,0.4541800346645996,0.09281735823733397,0.35244805781392363,0.963498006202935,0,0.279134667597548,0.4362058485851152,39.924653671693065,1.112873406257709,209195008,79548416,6037504,424738816,98566144,335187968,39522304,4542464,280924160,92573696,4718592,2875392,301346816,612749312,45445120,2270907.499270499,0,725035.9553047902,49334.53778982234,0,0,0,1078175.0307312945,15,9,8,4,12,16,6,6,3,11,1,3,7,34,16,7.6,3.6,22.4,2.2,2.333,2.2,19.467,0.015733333333333335,0.003188679245283019,0.03510452961672475,0.04519230769230769,0.002127272727272727,0.0031408450704225347,0.015720338983050853,0.025806451612903254,0.004939622641509434,0.1874528301886794,0.1018750000000001,0.004425454545454546,0.004853521126760562,0.09844827586206896
1705783951,0.7913766666666788,3.109470737468284,0.16470535932602742,0.23425364222593692,4.850953420833407,1.1328862341637336,0.4541800346645996,0.09281735823733397,0.35244805781392363,0.963498006202935,0,0.279134667597548,0.4362058485851152,39.924653671693065,1.1350464689243125,209195008,79589376,6037504,424738816,98566144,335187968,39522304,4542464,280924160,92573696,4718592,2875392,301346816,612749312,45445120,2035279.5031055904,0,725035.9553047902,49334.53778982234,0,0,0,1099656.7575724118,15,9,8,4,12,16,6,6,3,11,1,3,7,34,16,7.6,4.2,22.4,2.2,2.333,2.2,19.467,0.015733333333333335,0.0031874973436931847,0.03510452961672475,0.04519230769230769,0.002127272727272727,0.0031408450704225347,0.015720338983050853,0.025806451612903254,0.004937495218647733,0.1874528301886794,0.1018750000000001,0.004425454545454546,0.004853521126760562,0.09844827586206896
1705783952,0.7913766666666788,3.109470737468284,0.16470535932602742,0.23425364222593692,4.850953420833407,1.1328862341637336,0.3919397599668786,0.09281735823733397,0.35244805781392363,0.963498006202935,0.00011096797742326186,0.279134667597548,0.4362058485851152,39.924653671693065,1.3303837599961987,209195008,79589376,6037504,424738816,98566144,335187968,39522304,4542464,280924160,92573696,4718592,2875392,301346816,612749312,45445120,2035279.5031055904,0,713378.5487024998,49334.53778982234,0,0,0,1288903.610467042,15,9,8,4,12,16,6,6,3,11,1,3,7,34,16,7.6,4.2,22.4,2.2,2.333,2.2,17.4,0.015733333333333335,0.0031874973436931847,0.03510452961672475,0.04519230769230769,0.002127272727272727,0.0031408450704225347,0.011874999999999995,0.025806451612903254,0.004937495218647733,0.1874528301886794,0.1018750000000001,0.004425454545454546,0.004853521126760562,0.09582524271844658
1705783953,0.7913766666666788,3.2144292065583064,0.16470535932602742,0.23425364222593692,4.850953420833407,1.1328862341637336,0.3996706321899816,0.09281735823733397,0.35244805781392363,0.963498006202935,0.00011344022296855513,0.279134667597548,0.4362058485851152,39.924653671693065,1.3303837599961987,209195008,79589376,6037504,424738816,98566144,335187968,39522304,4542464,280924160,92573696,4718592,2875392,301346816,612749312,45445120,2187179.788760556,0,727449.6865916178,49334.53778982234,0,0,0,1288903.610467042,15,9,8,4,12,16,6,6,3,11,1,3,7,34,16,7.6,4.2,22.4,2.2,2.067,2.2,17.4,0.015733333333333335,0.0031874973436931847,0.03510452961672475,0.04519230769230769,0.0021428571428571434,0.0031408450704225347,0.011874999999999995,0.025806451612903254,0.004937495218647733,0.1874528301886794,0.1018750000000001,0.004428571428571428,0.004853521126760562,0.09582524271844658
1705783954,1.6424905139703607,3.2144292065583064,0.16470535932602742,0.23425364222593692,4.850953420833407,1.1328862341637336,0.46385233338618315,0.09281735823733397,0.38286194181130934,0.963498006202935,0.00011591246851384843,0.2821222901896553,0.4362058485851152,39.924653671693065,1.3303837599961987,209240064,79589376,6037504,424738816,98566144,335187968,39522304,4542464,280924160,92573696,4718592,2875392,301346816,612749312,45445120,2187179.788760556,0,844268.2733470746,55354.55721373825,0,0,0,1288903.610467042,13,9,8,4,12,16,6,6,3,11,1,3,7,34,16,7.6,4.2,22.4,2.2,2.067,2.133,17.4,0.015733333333333335,0.0031874973436931847,0.03510452961672475,0.04519230769230769,0.0021428571428571434,0.003131578947368421,0.011874999999999995,0.025806451612903254,0.004937495218647733,0.1874528301886794,0.1018750000000001,0.004428571428571428,0.004836842105263157,0.09582524271844658
1705783955,1.6424905139703607,3.2144292065583064,0.16470535932602742,0.23425364222593692,4.850953420833407,1.1328862341637336,0.46385233338618315,0.09281735823733397,0.38286194181130934,0.963498006202935,0.0001183847140591417,0.2821222901896553,0.4362058485851152,39.924653671693065,1.3303837599961987,209240064,79589376,6037504,424738816,98566144,335187968,39522304,4542464,280924160,92573696,4718592,2875392,301346816,612749312,45445120,2187179.788760556,0,844268.2733470746,55354.55721373825,0,0,0,1288903.610467042,13,9,8,4,12,16,6,6,3,11,1,3,7,34,16,7.667,4.2,22.4,2.267,2.133,2.2,17.6,0.015482062780269059,0.0031874973436931847,0.03510452961672475,0.04487179487179488,0.0022131147540983605,0.003123456790123457,0.01013888888888889,0.025403225806451612,0.004937495218647733,0.1874528301886794,0.11000000000000007,0.004442622950819672,0.0048222222222222225,0.09552631578947367
1705783956,1.6424905139703607,3.2144292065583064,0.16470535932602742,0.23378820392091518,4.850953420833407,1.1328862341637336,0.46385233338618315,0.09281735823733397,0.38286194181130934,0.963498006202935,0.000120856959604435,0.2821222901896553,0.4362058485851152,39.924653671693065,1.3303837599961987,209240064,79589376,6037504,424734720,98566144,335187968,39522304,4542464,280924160,92573696,4718592,2875392,301346816,612749312,45445120,2187179.788760556,0,844268.2733470746,55354.55721373825,0,0,0,1288903.610467042,13,9,8,4,12,16,6,6,3,11,1,3,7,34,16,7.667,4.2,22.4,2.267,2.133,2.2,17.6,0.015482062780269059,0.0031874973436931847,0.03510452961672475,0.04487179487179488,0.0022131147540983605,0.003123456790123457,0.01013888888888889,0.025403225806451612,0.004937495218647733,0.1874528301886794,0.11000000000000007,0.004442622950819672,0.0048222222222222225,0.09552631578947367
1705783957,1.6424905139703607,3.2144292065583064,0.16470535932602742,0.23378820392091518,4.850953420833407,0.9220505822950916,0.46385233338618315,0.09281735823733397,0.38286194181130934,0.944184963644831,0.00014833473271759726,0.2821222901896553,0.4362058485851152,39.924653671693065,1.3303837599961987,209240064,79589376,6037504,424734720,98566144,335187968,39522304,4542464,280924160,92569600,4718592,2875392,301346816,612749312,45445120,2187179.788760556,0,844268.2733470746,55354.55721373825,0,0,0,1288903.610467042,13,9,8,4,12,16,6,6,3,11,1,3,7,34,16,7.667,4.2,22.4,2.267,2.133,2.2,17.6,0.015482062780269059,0.0031874973436931847,0.03510452961672475,0.04487179487179488,0.0022131147540983605,0.003123456790123457,0.01013888888888889,0.025403225806451612,0.004937495218647733,0.1874528301886794,0.11000000000000007,0.004442622950819672,0.0048222222222222225,0.09552631578947367
1705783958,1.6424905139703607,3.2144292065583064,0.16470535932602742,0.23378820392091518,4.850953420833407,0.9415008693355215,0.46385233338618315,0.09281735823733397,0.38286194181130934,0.944184963644831,0.00014833473271759726,0.2821222901896553,0.4362058485851152,39.924653671693065,1.3303837599961987,209240064,79589376,6037504,424734720,98566144,335187968,39522304,4542464,280924160,92569600,4718592,2875392,301346816,612749312,45445120,2187179.788760556,0,844268.2733470746,55354.55721373825,0,0,0,1288903.610467042,13,9,8,4,12,16,6,6,3,11,1,3,7,34,16,8.2,4,22.867,2.2,2.133,2.2,17.6,0.015599078341013825,0.003174997631893793,0.035859929078014184,0.0451219512195122,0.0022131147540983605,0.003123456790123457,0.00973404255319149,0.028783783783783802,0.004914995737408828,0.17569444444444446,0.11799999999999997,0.004442622950819672,0.0048222222222222225,0.09282407407407407
1705783959,1.6424905139703607,3.2144292065583064,0.16470535932602742,0.23378820392091518,4.850953420833407,0.7961974999999909,0.46385233338618315,0.09281735823733397,0.38286194181130934,0.944184963644831,0.00014833473271759726,0.2821222901896553,0.4362058485851152,39.924653671693065,1.3303837599961987,209240064,79589376,6037504,424734720,98566144,335187968,39522304,4542464,280924160,92569600,4718592,2875392,301346816,612749312,45445120,2187179.788760556,0,844268.2733470746,55354.55721373825,0,0,0,1288903.610467042,13,9,8,4,12,16,6,6,3,11,1,3,7,34,16,8.2,4,23.333,2.2,2.133,2.2,17.6,0.015599078341013825,0.003174997631893793,0.036743772241992885,0.0451219512195122,0.0022131147540983605,0.003123456790123457,0.00973404255319149,0.028783783783783802,0.004914995737408828,0.16378378378378397,0.11799999999999997,0.004442622950819672,0.0048222222222222225,0.09282407407407407
1705783960,1.6424905139703607,3.2144292065583064,0.16470535932602742,0.23378820392091518,4.850953420833407,0.7961974999999909,0.40013448452336786,0.09281735823733397,0.38286194181130934,0.944184963644831,0.00014833473271759726,0.2783089251174364,0.4362058485851152,34.48192525989951,1.3303837599961987,209240064,79589376,6037504,424734720,98566144,335187968,39522304,4542464,280924160,92569600,4718592,3006464,301346816,612749312,45445120,2187179.788760556,0,728293.9548649649,55354.55721373825,0,0,0,1288903.610467042,13,9,8,4,12,16,6,6,3,11,1,3,7,34,16,8.2,4,23.333,2.2,2.133,2.2,17.6,0.015599078341013825,0.003174997631893793,0.036743772241992885,0.0451219512195122,0.0022131147540983605,0.003123456790123457,0.00973404255319149,0.028783783783783802,0.004914995737408828,0.16378378378378397,0.11799999999999997,0.004442622950819672,0.0048222222222222225,0.09282407407407407
1705783961,1.6424905139703607,3.2144292065583064,0.16470535932602742,0.23378820392091518,4.850953420833407,0.7961974999999909,0.4656234187297369,0.09281735823733397,0.38286194181130934,0.9127045782904122,0.00014833473271759726,0.2783089251174364,0.4362058485851152,33.81651436537129,1.3605113004816558,209240064,79589376,6037504,424734720,98566144,335187968,39530496,4542464,280924160,92569600,4718592,3006464,301346816,612749312,45535232,2187179.788760556,0,813688.4124515078,55354.55721373825,0,0,0,1570715.0796591328,13,9,8,4,12,16,6,6,3,11,1,3,7,34,16,8.2,4,23.333,2.2,2.133,2.2,17.6,0.015599078341013825,0.003174997631893793,0.036743772241992885,0.0451219512195122,0.0022131147540983605,0.003123456790123457,0.00973404255319149,0.028783783783783802,0.004914995737408828,0.16378378378378397,0.11799999999999997,0.004442622950819672,0.0048222222222222225,0.09282407407407407
1705783962,1.6424905139703607,3.2144292065583064,0.1650393336418338,0.23378820392091518,4.850953420833407,0.9439127049285347,0.4656234187297369,0.09281735823733397,0.3928614719755501,0.9127045782904122,0.00014833473271759726,0.2783089251174364,0.4362058485851152,33.15110347084307,1.3605113004816558,209240064,79589376,6037504,424734720,98566144,335187968,39530496,4542464,280924160,92569600,4718592,3006464,301346816,612749312,45535232,2187179.788760556,0,813688.4124515078,32380.29987614957,0,0,0,1570715.0796591328,13,9,8,4,12,16,6,6,3,11,1,3,7,34,16,8.2,4,23.333,2.2,2.133,2.2,17.6,0.015599078341013825,0.003174997631893793,0.036743772241992885,0.0451219512195122,0.0022131147540983605,0.003123456790123457,0.00973404255319149,0.028783783783783802,0.004914995737408828,0.16378378378378397,0.11799999999999997,0.004442622950819672,0.0048222222222222225,0.09282407407407407
1705783963,1.6424905139703607,3.2144292065583064,0.16786365076849907,0.23378820392091518,4.659139292857369,1.2499321427802021,0.4656234187297369,0.09219737440806197,0.3928614719755501,0.9127045782904122,0.00011393439098842918,0.2783089251174364,0.4775450973388205,40.277759942005005,1.3605113004816558,209240064,79589376,6045696,424734720,99377152,335351808,39530496,4538368,280924160,92569600,4718592,3006464,301342720,838856704,45535232,2187179.788760556,0,813688.4124515078,32380.29987614957,0,0,0,1570715.0796591328,13,9,8,4,13,21,6,6,3,11,1,3,7,34,16,8.2,4,23.333,2.2,2.133,2.2,17.6,0.015599078341013825,0.003174997631893793,0.036743772241992885,0.0451219512195122,0.0022131147540983605,0.003123456790123457,0.00973404255319149,0.028783783783783802,0.004914995737408828,0.16378378378378397,0.11799999999999997,0.004442622950819672,0.0048222222222222225,0.09282407407407407
1705783964,1.6424905139703607,3.2144292065583064,0.16786365076849907,0.23378820392091518,4.5727731092436725,1.2499321427802021,0.4656234187297369,0.09263872467077033,0.3928614719755501,0.9127045782904122,0.00011393439098842918,0.2783089251174364,0.4775450973388205,40.277759942005005,1.3605113004816558,209240064,79589376,6045696,424734720,99377152,335351808,39530496,4538368,280924160,92569600,4718592,3006464,301342720,838856704,45535232,2187179.788760556,0,813688.4124515078,32380.29987614957,0,0,0,1570715.0796591328,13,9,8,4,13,21,6,6,3,11,1,3,7,34,16,8.2,4,23.333,2.2,2.133,2.2,17.6,0.015599078341013825,0.003174997631893793,0.036743772241992885,0.0451219512195122,0.0022131147540983605,0.003123456790123457,0.00973404255319149,0.028783783783783802,0.004914995737408828,0.16378378378378397,0.11799999999999997,0.004442622950819672,0.0048222222222222225,0.09282407407407407
1705783965,1.6424905139703607,3.2144292065583064,0.16786365076849907,0.23378820392091518,4.5727731092436725,1.2499321427802021,0.4656234187297369,0.09263872467077033,0.3928614719755501,0.9127045782904122,0.00011393439098842918,0.2783089251174364,0.4775450973388205,40.363658284533344,1.3605113004816558,209240064,79589376,6045696,424734720,99377152,335351808,39530496,4538368,280924160,92569600,4718592,3006464,301342720,838856704,45535232,2187179.788760556,0,813688.4124515078,32380.29987614957,0,0,0,1570715.0796591332,13,9,8,4,13,21,6,6,3,11,1,3,7,34,16,8.2,4,23.333,2.2,2.133,2.2,17.6,0.015599078341013825,0.003174997631893793,0.036743772241992885,0.0451219512195122,0.0022131147540983605,0.003123456790123457,0.00973404255319149,0.028783783783783802,0.004914995737408828,0.16378378378378397,0.11799999999999997,0.004442622950819672,0.0048222222222222225,0.09282407407407407
1705783966,1.6424905139703607,3.2144292065583064,0.16786365076849907,0.23378820392091518,4.5727731092436725,1.2499321427802021,0.4656234187297369,0.09263872467077033,0.3928614719755501,0.9127045782904122,0.00011393439098842918,0.27663854086763917,0.4775450973388205,40.363658284533344,1.3605113004816558,209240064,79589376,6045696,424734720,99377152,335351808,39530496,4538368,280924160,92569600,4718592,3006464,301342720,838856704,45535232,2187179.788760556,0,813688.4124515078,32380.29987614957,0,0,0,1570715.0796591332,13,9,8,4,13,21,6,6,3,11,1,3,7,34,16,8.2,3.8,23.333,2.2,2.133,2.2,17.6,0.015599078341013825,0.0031875,0.036743772241992885,0.0451219512195122,0.0022131147540983605,0.003123456790123457,0.00973404255319149,0.028783783783783802,0.0049375,0.16378378378378397,0.11799999999999997,0.004442622950819672,0.0048222222222222225,0.09282407407407407
1705783967,1.5750241809260868,3.2144292065583064,0.16786365076849907,0.23378820392091518,4.5727731092436725,1.2499321427802021,0.4656234187297369,0.09263872467077033,0.3928614719755501,0.9127045782904122,0.00011393439098842918,0.27663854086763917,0.4775450973388205,40.363658284533344,1.369536346962003,209260544,79589376,6045696,424734720,99377152,335351808,39530496,4538368,280924160,92569600,4718592,3006464,301342720,838856704,45535232,2187179.788760556,0,813688.4124515078,32380.29987614957,0,0,0,1626189.3153165705,14,9,8,4,13,21,6,6,3,11,1,3,7,34,16,8.2,3.8,23.333,2.2,2.133,2.2,18.067,0.015599078341013825,0.0031875,0.036743772241992885,0.0451219512195122,0.0022131147540983605,0.003123456790123457,0.009389830508474578,0.028783783783783802,0.0049375,0.16378378378378397,0.11799999999999997,0.004442622950819672,0.0048222222222222225,0.09175925925925929
1705783968,1.5750241809260868,1.812953333333335,0.16786365076849907,0.1512299047645831,4.5727731092436725,1.2499321427802021,0.4704153696046108,0.09263872467077033,0.3928614719755501,0.9127045782904122,0.00011393439098842918,0.27663854086763917,0.4775450973388205,40.363658284533344,1.369536346962003,209260544,79589376,6045696,424734720,99377152,335351808,39530496,4538368,280924160,92569600,4718592,3006464,301342720,838856704,45535232,764586.6666666666,0,875416.9957719649,32380.29987614957,0,0,0,1626189.3153165705,14,9,8,4,13,21,6,6,3,11,1,3,7,34,16,8.2,3.8,23.333,2.2,2.2,2.2,18.067,0.015599078341013825,0.0031875,0.036743772241992885,0.0451219512195122,0.002174603174603175,0.003123456790123457,0.009389830508474578,0.028783783783783802,0.0049375,0.16378378378378397,0.11799999999999997,0.004434920634920635,0.0048222222222222225,0.09175925925925929
1705783969,1.5750241809260868,1.812953333333335,0.16786365076849907,0.1550665718058237,4.5727731092436725,1.2499321427802021,0.4704153696046108,0.09263872467077033,0.4022267091880078,0.9127045782904122,0.00011393439098842918,0.27663854086763917,0.4775450973388205,40.363658284533344,1.369536346962003,209260544,79589376,6045696,424734720,99377152,335351808,39530496,4538368,280920064,92569600,4718592,3006464,301342720,838856704,45535232,764586.6666666666,0,875416.9957719649,54105.259185175404,0,0,0,1626189.3153165705,14,9,8,4,13,21,6,6,3,11,1,3,7,34,16,8.2,3.8,23.333,2.2,2.2,2.133,18.067,0.015599078341013825,0.0031875,0.036743772241992885,0.0451219512195122,0.002174603174603175,0.0031190476190476194,0.009389830508474578,0.028783783783783802,0.0049375,0.16378378378378397,0.11799999999999997,0.004434920634920635,0.0048142857142857145,0.09175925925925929
1705783970,1.5296497710846109,2.1933336302601867,0.16786365076849907,0.1589032388470644,4.5727731092436725,1.2499321427802021,0.4704153696046108,0.09263872467077033,0.4022267091880078,0.9127045782904122,0.00011393439098842918,0.27663854086763917,0.4775450973388205,40.363658284533344,1.369536346962003,209260544,79618048,6045696,424734720,99377152,335351808,39530496,4538368,280920064,92569600,4718592,3006464,301342720,838856704,45535232,1090399.2421363136,0,875416.9957719649,54105.259185175404,0,0,0,1626189.3153165705,14,9,8,4,13,21,6,6,3,11,1,3,7,34,16,8,3.8,23.333,2,2,1.933,17.467,0.015451388888888891,0.0031875,0.036743772241992885,0.04447674418604652,0.002212121212121212,0.003090909090909091,0.009255852842809364,0.028581081081081122,0.0049375,0.16378378378378397,0.09981481481481484,0.0044424242424242425,0.004763636363636364,0.09147196261682249
1705783971,1.5296497710846109,2.2424078093830087,0.16786365076849907,0.16273990588830506,4.5727731092436725,1.2499321427802021,0.4704153696046108,0.09263872467077033,0.4022267091880077,0.9127045782904122,0.00011393439098842918,0.2826841236755259,0.4775450973388205,40.363658284533344,1.369536346962003,209260544,79618048,6045696,424734720,99377152,335351808,39530496,4538368,280920064,92569600,4718592,3006464,301342720,838856704,45535232,1114796.099497972,0,875416.9957719649,54105.2591851754,0,26680.562793121415,0,1626189.3153165705,14,9,8,4,13,21,6,6,3,11,1,3,7,34,16,8,3.8,23.333,2,2,1.933,17.467,0.015451388888888891,0.0031875,0.036743772241992885,0.04447674418604652,0.002212121212121212,0.003090909090909091,0.009255852842809364,0.028581081081081122,0.0049375,0.16378378378378397,0.09981481481481484,0.0044424242424242425,0.004763636363636364,0.09147196261682249
1705783972,1.5296497710846109,2.29148198850583,0.16786365076849907,0.16657657292954575,4.5727731092436725,1.2499321427802021,0.4704153696046108,0.09263872467077033,0.4022267091880077,0.7825807936216473,0.00011393439098842918,0.2826841236755259,0.4775450973388205,40.363658284533344,1.369536346962003,209260544,79618048,6045696,424734720,99377152,335351808,39530496,4538368,280920064,92569600,4718592,3006464,301342720,838856704,45535232,1139192.9568596305,0,875416.9957719649,54105.2591851754,0,26680.562793121415,0,1626189.3153165705,14,9,8,4,13,21,6,6,3,11,1,3,7,34,16,8,3.8,23.333,2,2,1.933,17.467,0.015451388888888891,0.0031875,0.036743772241992885,0.04447674418604652,0.002212121212121212,0.003090909090909091,0.009255852842809364,0.028581081081081122,0.0049375,0.16378378378378397,0.09981481481481484,0.0044424242424242425,0.004763636363636364,0.09147196261682249
1705783973,1.5296497710846109,2.3405561676286526,0.1414186088306473,0.17041323997078636,4.5727731092436725,1.2499321427802021,0.4704153696046108,0.08765907823353387,0.4022267091880077,0.7673690506501404,0.00011393439098842918,0.2826841236755259,0.4775450973388205,40.363658284533344,1.369536346962003,209260544,79618048,6045696,424734720,99377152,335351808,39530496,4542464,280920064,92569600,4718592,3006464,301342720,838856704,45535232,1163589.8142212895,0,875416.9957719649,54105.2591851754,0,26680.562793121415,0,1626189.3153165705,14,9,8,4,13,21,6,6,3,11,1,3,7,34,16,6.4,4.067,23.4,1.733,2,1.933,16.133,0.015025380710659899,0.003197530864197531,0.03626700680272109,0.045058139534883725,0.002212121212121212,0.003090909090909091,0.009104234527687296,0.027428571428571438,0.004955555555555556,0.1554854368932041,0.11050000000000014,0.0044424242424242425,0.004763636363636364,0.09108374384236459
1705783974,1.5296497710846109,2.3896303467514746,0.1697821281970294,0.17697508126945752,4.5727731092436725,1.2499321427802021,0.4704153696046108,0.06895564134762854,0.4022267091880077,0.7521573076786335,0.00011393439098842918,0.2826841236755259,0.4775450973388205,40.363658284533344,1.369536346962003,209260544,79618048,6045696,424734720,99377152,335351808,39530496,4542464,280920064,92569600,4718592,3006464,301342720,838856704,45535232,1187986.6715829482,0,875416.9957719649,54105.2591851754,0,26680.562793121415,0,1626189.3153165705,14,9,8,4,13,21,6,6,3,11,1,3,7,34,16,6.4,4.067,23.2,1.733,2,1.933,16.133,0.015025380710659899,0.003197530864197531,0.03604166666666667,0.045058139534883725,0.002212121212121212,0.003090909090909091,0.009104234527687296,0.027428571428571438,0.004955555555555556,0.14671875000000006,0.11050000000000014,0.0044424242424242425,0.004763636363636364,0.09108374384236459
1705783975,1.5296497710846109,2.9444507473693187,0.1697821281970294,0.1808567309016788,4.5727731092436725,1.2499321427802021,0.4704153696046108,0.07041995268948834,0.4022267091880077,0.8624571277811968,0.00011393439098842918,0.2826841236755259,0.4775450973388205,40.363658284533344,1.369536346962003,209260544,79618048,6045696,424734720,99377152,335351808,39530496,4542464,280920064,92569600,4718592,3006464,301342720,838856704,45535232,1463811.4416995205,0,875416.9957719649,54105.2591851754,0,26680.562793121415,0,1626189.3153165705,14,9,8,4,13,21,6,6,3,11,1,3,7,34,16,6.4,4.067,23.2,1.733,2,1.933,16.133,0.015025380710659899,0.003197530864197531,0.03604166666666667,0.045058139534883725,0.002212121212121212,0.003090909090909091,0.009104234527687296,0.027428571428571438,0.004955555555555556,0.14671875000000006,0.11050000000000014,0.0044424242424242425,0.004763636363636364,0.09108374384236459
1705783976,1.5296497710846109,2.9444507473693187,0.1697821281970294,0.18473838053390013,4.5727731092436725,1.2499321427802021,0.4704153696046108,0.07188426403134811,0.3547297126658917,0.8624571277811968,0.00011393439098842918,0.2826841236755259,0.4775450973388205,40.64693817274881,1.369536346962003,209260544,79618048,6045696,424734720,99377152,335351808,39530496,4542464,280920064,92569600,4718592,3006464,301342720,838856704,45535232,1463811.4416995205,0,875416.9957719649,69985.20809174076,0,26680.562793121415,0,1626189.3153165705,14,9,8,4,13,21,6,6,3,11,1,3,7,34,16,6.4,4.067,23.2,1.733,2,1.933,16.133,0.015025380710659899,0.003197530864197531,0.03604166666666667,0.045058139534883725,0.002212121212121212,0.003090909090909091,0.009104234527687296,0.027428571428571438,0.004955555555555556,0.14671875000000006,0.11050000000000014,0.0044424242424242425,0.004763636363636364,0.09108374384236459
1705783977,1.5296497710846109,2.9444507473693187,0.1697821281970294,0.1886200301661214,4.579962300986211,1.1509352597690607,0.40096899395737007,0.07334857537320788,0.43212512265469133,0.8624571277811968,0.0001692425597138763,0.2826841236755259,0.4775450973388205,40.64693817274881,1.164391214989986,209260544,79618048,6045696,424734720,99377152,335351808,39530496,4542464,280920064,92569600,4718592,3006464,301342720,838856704,45535232,1463811.4416995205,0,746181.1300572513,85254.67574559187,0,26680.562793121415,0,1382599.7074597755,14,9,8,4,13,21,6,6,3,11,1,3,7,34,16,6.4,4.067,23.2,1.733,2,1.933,16.133,0.015025380710659899,0.003197530864197531,0.03604166666666667,0.045058139534883725,0.002212121212121212,0.003090909090909091,0.009104234527687296,0.027428571428571438,0.004955555555555556,0.14671875000000006,0.11050000000000014,0.0044424242424242425,0.004763636363636364,0.09108374384236459
1705783978,1.5296497710846109,2.9444507473693187,0.1697821281970294,0.2328989779332778,4.579962300986211,1.3605239786855734,0.39900263580362166,0.07481288671506767,0.43212512265469133,0.8624571277811968,0.0001692425597138763,0.2826841236755259,0.39794280757196077,40.64693817274881,1.266281401617249,209260544,79618048,6045696,424734720,99377152,335351808,39542784,4542464,280920064,92569600,4718592,3006464,301342720,838856704,45559808,1463811.4416995205,0,792288.3472267499,85254.67574559187,0,26680.562793121415,0,1448504.5822102423,14,9,8,4,13,21,6,6,3,11,1,3,7,34,16,6.4,4.067,23.2,1.733,2,1.933,16.133,0.015025380710659899,0.003197530864197531,0.03604166666666667,0.045058139534883725,0.002212121212121212,0.003090909090909091,0.009104234527687296,0.027428571428571438,0.004955555555555556,0.14671875000000006,0.11050000000000014,0.0044424242424242425,0.004763636363636364,0.09108374384236459
1705783979,1.5296497710846109,2.9444507473693187,0.1697821281970294,0.2328989779332778,4.579962300986211,1.1600054196269647,0.40692789853666633,0.07627719805692743,0.43212512265469133,0.8624571277811968,0.0001692425597138763,0.2826841236755259,0.39794280757196077,34.40898806117096,1.266281401617249,209260544,79618048,6045696,424734720,99377152,335351808,39542784,4542464,280920064,92569600,4718592,3006464,301342720,838856704,45559808,1463811.4416995205,0,808025.3192381129,85254.67574559187,0,26680.562793121415,0,1448504.5822102423,14,9,8,4,13,21,6,6,3,11,1,3,7,34,16,6.4,4.067,23.2,1.733,2,1.933,16.133,0.015025380710659899,0.003197530864197531,0.03604166666666667,0.045058139534883725,0.002212121212121212,0.003090909090909091,0.009104234527687296,0.027428571428571438,0.004955555555555556,0.14671875000000006,0.11050000000000014,0.0044424242424242425,0.004763636363636364,0.09108374384236459
1705783980,1.5296497710846109,2.9444507473693187,0.17415531866822778,0.2328989779332778,3.8258142586000687,1.2289008123774101,0.4755157639826791,0.08785868051158675,0.43212512265469133,0.8624571277811968,0.00014214682590368467,0.2826841236755259,0.44952804224173226,33.731539091625145,1.266281401617249,209260544,79618048,6041600,424734720,99377152,335163392,39542784,4542464,280920064,92569600,4718592,3006464,301342720,838856704,45559808,1463811.4416995205,0,944218.3206817865,85254.67574559187,0,26680.562793121415,0,1448504.5822102423,14,9,8,4,13,15,6,6,3,11,1,3,7,34,16,6.4,4.067,23.2,1.733,2,1.933,16.133,0.015025380710659899,0.003197530864197531,0.03604166666666667,0.045058139534883725,0.002212121212121212,0.003090909090909091,0.009104234527687296,0.027428571428571438,0.004955555555555556,0.14671875000000006,0.11050000000000014,0.0044424242424242425,0.004763636363636364,0.09108374384236459
1705783981,1.5296497710846109,2.9444507473693187,0.17415531866822778,0.2328989779332778,3.749481553583632,1.2289008123774101,0.4755157639826791,0.08785868051158675,0.43212512265469133,0.8624571277811968,0.00010841106201930431,0.2826841236755259,0.44952804224173226,33.05409012207933,1.266281401617249,209260544,79618048,6041600,424734720,99377152,335163392,39542784,4542464,280920064,92569600,4718592,3006464,301342720,838856704,45559808,1463811.4416995205,0,944218.3206817865,85254.67574559187,0,26680.562793121415,0,1448504.5822102423,14,9,8,4,13,15,6,6,3,11,1,3,7,34,16,6.4,3.867,23.2,1.733,2,1.933,16.133,0.015025380710659899,0.0031840490797546014,0.03604166666666667,0.045058139534883725,0.002212121212121212,0.003090909090909091,0.009104234527687296,0.027428571428571438,0.004931288343558282,0.14671875000000006,0.11050000000000014,0.0044424242424242425,0.004763636363636364,0.09108374384236459
1705783982,1.5296497710846109,2.9444507473693187,0.17415531866822778,0.2328989779332778,4.44676894563424,1.2289008123774101,0.4755157639826791,0.08785868051158675,0.43212512265469133,0.8624571277811968,0.00010841106201930431,0.2826841236755259,0.44952804224173226,40.27383946034401,1.266281401617249,209260544,79618048,6041600,424734720,102621184,335163392,39542784,4542464,280920064,92569600,4718592,3006464,301342720,838864896,45559808,1463811.4416995205,0,944218.3206817865,85254.67574559187,0,26680.562793121415,0,1448504.5822102423,14,9,8,4,11,15,6,6,3,11,1,3,7,34,16,6.4,3.867,23.2,1.733,2,1.933,15.4,0.015025380710659899,0.0031840490797546014,0.03604166666666667,0.045058139534883725,0.002212121212121212,0.003090909090909091,0.00895973154362416,0.027428571428571438,0.004931288343558282,0.14671875000000006,0.11050000000000014,0.0044424242424242425,0.004763636363636364,0.09106382978723405
1705783983,1.5296497710846109,2.9444507473693187,0.17415531866822778,0.2328989779332778,4.44676894563424,1.2289008123774101,0.4755157639826791,0.08785868051158675,0.43212512265469133,0.8624571277811968,0.00010841106201930431,0.2826841236755259,0.44952804224173226,40.27383946034401,1.266281401617249,209260544,79618048,6041600,424734720,102621184,335163392,39542784,4542464,280920064,92569600,4718592,3006464,301342720,838864896,45559808,1463811.4416995205,0,944218.3206817865,85254.67574559187,0,26680.562793121415,0,1448504.5822102423,14,9,8,4,11,15,6,6,3,11,1,3,7,34,16,6.4,3.867,23.2,1.733,1.533,1.933,15.4,0.015025380710659899,0.0031840490797546014,0.03604166666666667,0.045058139534883725,0.002432835820895522,0.003090909090909091,0.00895973154362416,0.027428571428571438,0.004931288343558282,0.14671875000000006,0.11050000000000014,0.004486567164179104,0.004763636363636364,0.09106382978723405
1705783984,0.9329232910450107,2.9444507473693187,0.17415531866822778,0.2328989779332778,4.44676894563424,1.2289008123774101,0.4755157639826791,0.08785868051158675,0.43212512265469133,0.8624571277811968,0.00010841106201930431,0.2826841236755259,0.44952804224173226,40.27383946034401,1.266281401617249,209293312,79618048,6041600,424734720,102621184,335163392,39542784,4542464,280920064,92569600,4718592,3006464,301342720,838864896,45559808,1463811.4416995205,0,944218.3206817865,85254.67574559187,0,26680.562793121415,0,1448504.5822102423,14,9,8,4,11,15,6,6,3,11,1,3,7,34,16,6.4,3.867,23.2,1.733,1.533,1.6,15.4,0.015025380710659899,0.0031840490797546014,0.03604166666666667,0.045058139534883725,0.002432835820895522,0.003069767441860465,0.00895973154362416,0.027428571428571438,0.004931288343558282,0.14671875000000006,0.11050000000000014,0.004486567164179104,0.004725581395348838,0.09106382978723405
1705783985,0.957289076659266,2.9444507473693187,0.17415531866822778,0.2328989779332778,4.44676894563424,1.2289008123774101,0.4755157639826791,0.08785868051158675,0.43212512265469133,0.8624571277811968,0.00010841106201930431,0.22093270065398352,0.44952804224173226,40.27383946034401,1.266281401617249,209293312,79618048,6041600,424734720,102621184,335163392,39542784,4542464,280920064,92569600,4718592,3006464,301342720,838864896,45559808,1463811.4416995205,0,944218.3206817865,85254.67574559187,0,36850.60642092747,0,1448504.5822102423,14,9,8,4,11,15,6,6,3,11,1,3,7,34,16,6.2,3.867,23.2,1.533,1.333,1.4,14.8,0.014935233160621762,0.0031840490797546014,0.03604166666666667,0.04476744186046512,0.00240625,0.0030722891566265062,0.009008620689655173,0.02764285714285713,0.004931288343558282,0.14671875000000006,0.1,0.00448125,0.004730120481927711,0.0913947368421053
1705783986,0.9816548622735214,3.054501842859655,0.17415531866822778,0.2328989779332778,4.44676894563424,1.2289008123774101,0.47551576398267914,0.08785868051158675,0.43212512265469133,0.8624571277811968,0.00010841106201930431,0.18417750000000013,0.44952804224173226,40.27383946034401,1.266281401617249,209293312,79687680,6041600,424734720,102621184,335163392,39542784,4542464,280920064,92569600,4718592,3006464,301342720,838864896,45559808,1964968.1156028782,0,944218.3206817865,85254.67574559187,0,30720.000000000004,0,1448504.5822102423,14,9,8,4,11,15,6,6,3,11,1,3,7,34,16,6.2,3.867,23.2,1.533,1.333,1.4,14.8,0.014935233160621762,0.0031840490797546014,0.03604166666666667,0.04476744186046512,0.00240625,0.0030722891566265062,0.009008620689655173,0.02764285714285713,0.004931288343558282,0.14671875000000006,0.1,0.00448125,0.004730120481927711,0.0913947368421053
1705783987,1.0060206478877767,3.054501842859655,0.17415531866822778,0.2328989779332778,4.44676894563424,1.2289008123774101,0.47551576398267914,0.08785868051158675,0.43212512265469133,0.8624571277811968,0.00010841106201930431,0.23640506257451782,0.44952804224173226,40.27383946034401,1.266281401617249,209293312,79687680,6041600,424734720,102621184,335163392,39542784,4542464,280920064,92569600,4718592,2875392,301342720,838864896,45559808,1964968.1156028782,0,944218.3206817865,85254.67574559187,0,24255.176000832194,0,1448504.5822102423,14,9,8,4,11,15,6,6,3,11,1,3,7,34,16,6.2,3.867,23.2,1.533,1.333,1.4,14.8,0.014935233160621762,0.0031840490797546014,0.03604166666666667,0.04476744186046512,0.00240625,0.0030722891566265062,0.009008620689655173,0.02764285714285713,0.004931288343558282,0.14671875000000006,0.1,0.00448125,0.004730120481927711,0.0913947368421053
1705783988,1.030386433502032,3.054501842859655,0.17415531866822778,0.2328989779332778,4.44676894563424,1.2289008123774101,0.47551576398267914,0.08730504841451761,0.3542903854578594,0.8624571277811968,0.00010841106201930431,0.24119681426090903,0.44952804224173226,40.27383946034401,1.266281401617249,209293312,79687680,6041600,424734720,102621184,335163392,39542784,4542464,280920064,92569600,4718592,2875392,301342720,838864896,45559808,1964968.1156028782,0,944218.3206817865,69898.53250473272,0,24746.810059933905,0,1448504.5822102423,14,9,8,4,11,15,6,6,3,11,1,3,7,34,16,8.933,3.667,23.267,1.667,1.333,1.4,16.4,0.015181159420289855,0.0031118012422360246,0.03517915309446253,0.04487179487179488,0.00240625,0.0030722891566265062,0.00875,0.02722972972972975,0.0048012422360248445,0.13709677419354852,0.11125000000000007,0.00448125,0.004730120481927711,0.09142045454545454
1705783989,1.0547522191162875,3.054501842859655,0.17415531866822778,0.2327692156670295,4.44676894563424,1.2289008123774101,0.47367124054886883,0.08730504841451761,0.3470883000802812,0.7219834058791422,0.00010841106201930431,0.24598856594730034,0.44952804224173226,40.27383946034401,1.266281401617249,209293312,79687680,6041600,424734720,102621184,335163392,39546880,4542464,280920064,92569600,4718592,2875392,301342720,838864896,45559808,1964968.1156028782,0,856439.8394474003,68477.6212423062,0,25238.44411903562,0,1448504.5822102423,14,9,8,4,11,15,6,6,3,11,1,3,7,34,16,8.933,3.667,23.8,1.667,1.333,1.4,16.4,0.015181159420289855,0.0031118012422360246,0.034485530546623795,0.04487179487179488,0.00240625,0.0030722891566265062,0.00875,0.02722972972972975,0.0048012422360248445,0.12488636363636367,0.11125000000000007,0.00448125,0.004730120481927711,0.09142045454545454
1705783990,1.0791180047305424,3.054501842859655,0.17415531866822778,0.2327692156670295,4.446768945634239,1.2289008123774101,0.47367124054886883,0.08730504841451761,0.3398862147027031,0.8583884902111052,0.00010841106201930431,0.28750510118347516,0.44952804224173226,40.27383946034401,1.266281401617249,209293312,79687680,6041600,424734720,102621184,335163392,39546880,4542464,280920064,92569600,4718592,2875392,301342720,838864896,45559808,1964968.1156028782,0,856439.8394474003,67056.70997987968,0,29498.043546102697,0,1448504.5822102423,14,9,8,4,11,15,6,6,3,11,1,3,7,34,16,8.933,3.667,23.8,1.667,1.333,1.4,16.4,0.015181159420289855,0.0031118012422360246,0.034485530546623795,0.04487179487179488,0.00240625,0.0030722891566265062,0.00875,0.02722972972972975,0.0048012422360248445,0.12488636363636367,0.11125000000000007,0.00448125,0.004730120481927711,0.09142045454545454
1705783991,1.103483790344798,3.054501842859655,0.17828661666008747,0.2327692156670295,4.446768945634239,1.2289008123774101,0.47367124054886883,0.08730504841451761,0.33268412932512487,0.7238146346582592,0.00010841106201930431,0.28750510118347516,0.5280252586826623,40.27383946034401,1.266281401617249,209293312,79687680,6041600,424734720,102621184,335163392,39546880,4542464,280920064,92569600,4718592,2875392,301342720,838864896,45559808,1964968.1156028782,0,856439.8394474003,65635.79871745313,0,29498.043546102697,0,1448504.5822102423,14,9,8,4,11,15,6,6,3,11,1,3,7,34,16,8.933,3.667,23.8,1.667,1.333,1.4,16.4,0.015181159420289855,0.0031118012422360246,0.034485530546623795,0.04487179487179488,0.00240625,0.0030722891566265062,0.00875,0.02722972972972975,0.0048012422360248445,0.12488636363636367,0.11125000000000007,0.00448125,0.004730120481927711,0.09142045454545454
1705783992,1.1278495759590532,3.054501842859655,0.17828661666008747,0.2327692156670295,4.446768945634239,1.2289008123774101,0.47367124054886883,0.08730504841451761,0.32548204394754665,0.8527927693608187,0,0.28750510118347516,0.46251803426510824,40.358102487426805,1.0742727371754741,209293312,79687680,6041600,424734720,102621184,335163392,39546880,4542464,280920064,92712960,4718592,2875392,301342720,838864896,45559808,1964968.1156028782,0,856439.8394474003,64214.88745502661,0,29498.043546102697,0,1379722.694137027,14,9,8,4,11,15,6,6,3,11,1,3,7,34,16,8.933,3.667,23.8,1.667,1.333,1.4,16.4,0.015181159420289855,0.0031118012422360246,0.034485530546623795,0.04487179487179488,0.00240625,0.0030722891566265062,0.00875,0.02722972972972975,0.0048012422360248445,0.12488636363636367,0.11125000000000007,0.00448125,0.004730120481927711,0.09142045454545454
1705783993,1.1522153615733084,3.054501842859655,0.17828661666008747,0.2327692156670295,4.166150164522864,1.2289008123774101,0.47367124054886883,0.08730504841451761,0.31827995856996844,0.8527927693608187,0,0.28750510118347516,0.46251803426510824,40.358102487426805,1.0957309400013946,209293312,79687680,6041600,424734720,102621184,335163392,39546880,4542464,280920064,92712960,4718592,2875392,301342720,838864896,45559808,1964968.1156028782,0,856439.8394474003,62793.976192600065,0,29498.043546102697,0,1407282.1475139789,14,9,8,4,11,15,6,6,3,11,1,3,7,34,16,8.933,3.667,23.8,1.667,1.333,1.4,16.4,0.015181159420289855,0.0031118012422360246,0.034485530546623795,0.04487179487179488,0.00240625,0.0030722891566265062,0.00875,0.02722972972972975,0.0048012422360248445,0.12488636363636367,0.11125000000000007,0.00448125,0.004730120481927711,0.09142045454545454
1705783994,1.1765811471875638,3.054501842859655,0.17828661666008747,0.2327692156670295,4.166150164522864,1.1961309359660186,0.47367124054886883,0.08175215845606922,0.3110778731923903,0.8527927693608187,0,0.28750510118347516,0.46251803426510824,40.358102487426805,1.0951730267279207,209293312,79687680,6041600,424734720,102621184,335163392,39546880,4542464,280920064,92712960,4718592,2875392,301342720,838864896,45559808,1964968.1156028782,0,856439.8394474003,61373.06493017354,0,29498.043546102697,0,1406565.601726178,14,9,8,4,11,15,6,6,3,11,1,3,7,34,16,8.933,3.667,23.8,1.667,1.333,1.4,16.4,0.015181159420289855,0.0031118012422360246,0.034485530546623795,0.04487179487179488,0.00240625,0.0030722891566265062,0.00875,0.02722972972972975,0.0048012422360248445,0.12488636363636367,0.11125000000000007,0.00448125,0.004730120481927711,0.09142045454545454
1705783995,1.2009469328018192,2.900680889695875,0.17828661666008747,0.2327692156670295,4.166150164522864,1.1961309359660186,0.46110748730373446,0.08175215845606922,0.3894345642139584,0.8527927693608187,0,0.2875051011834752,0.46251803426510824,40.358102487426805,1.073714823902,209293312,79687680,6041600,424734720,102621184,335163392,39546880,4542464,280920064,92712960,4718592,2875392,301342720,838864896,45559808,2207898.3204720835,0,620230.16353725,48655.98696714635,0,29498.0435461027,0,1379006.1483492262,14,9,8,4,11,15,6,6,3,11,1,3,7,34,16,8.933,3.667,23.8,1.667,1.333,1.4,16.4,0.015181159420289855,0.0031118012422360246,0.034485530546623795,0.04487179487179488,0.00240625,0.0030722891566265062,0.00875,0.02722972972972975,0.0048012422360248445,0.12488636363636367,0.11125000000000007,0.00448125,0.004730120481927711,0.09142045454545454
1705783996,1.2253127184160744,2.900680889695875,0.17828661666008747,0.2327692156670295,4.166150164522864,1.1961309359660186,0.46110748730373446,0.08175215845606922,0.36742520016856683,0.8527927693608187,0,0.2875051011834752,0.46251803426510824,40.358102487426805,1.0522566210760795,209293312,79687680,6041600,424734720,102621184,335163392,39546880,4542464,280920064,92712960,4718592,2875392,301342720,838864896,45559808,2207898.3204720835,0,620230.16353725,40613.76763094618,0,29498.0435461027,0,1351446.6949722744,14,9,8,4,11,15,6,6,3,11,1,3,7,34,16,8.933,3.867,23.8,1.667,1.333,1.4,16.4,0.015181159420289855,0.0031265822784810127,0.034485530546623795,0.04487179487179488,0.00240625,0.0030722891566265062,0.00875,0.02722972972972975,0.004827848101265824,0.12488636363636367,0.11125000000000007,0.00448125,0.004730120481927711,0.09142045454545454
1705783997,1.4619471368553185,2.900680889695875,0.17828661666008747,0.2327692156670295,4.166150164522864,1.1961309359660186,0.46110748730373446,0.08175215845606922,0.36742520016856683,0.8527927693608187,0,0.2875051011834752,0.46251803426510824,39.85393587143074,1.2901590894799841,209293312,79687680,6041600,424734720,102621184,335163392,39546880,4542464,280920064,92712960,4718592,2875392,301342720,419516416,45604864,2207898.3204720835,0,620230.16353725,40613.76763094618,0,29498.0435461027,0,1562539.562765935,14,9,8,4,11,15,6,6,3,11,1,3,7,34,16,8.933,3.867,23.8,1.667,1.333,1.4,19.667,0.015181159420289855,0.0031265822784810127,0.034485530546623795,0.04487179487179488,0.00240625,0.0030722891566265062,0.008960396039603958,0.02722972972972975,0.004827848101265824,0.12488636363636367,0.11125000000000007,0.00448125,0.004730120481927711,0.09478260869565212
1705783998,1.5715112569501235,2.900680889695875,0.14815692130543545,0.23414913842532736,4.166150164522864,1.1961309359660186,0.46110748730373446,0.08175215845606922,0.36742520016856683,0.8527927693608187,0,0.2875051011834752,0.46251803426510824,39.85393587143074,1.2901590894799841,209289216,79687680,6041600,424734720,102621184,335163392,39546880,4542464,280920064,92712960,4718592,2875392,301342720,419516416,45604864,2207898.3204720835,0,620230.16353725,40613.76763094618,0,29498.0435461027,0,1562539.562765935,14,9,8,4,11,15,6,6,3,11,1,3,7,34,16,8.933,3.867,23.8,1.667,1.933,1.4,19.667,0.015181159420289855,0.0031265822784810127,0.034485530546623795,0.04487179487179488,0.002391304347826087,0.0030722891566265062,0.008960396039603958,0.02722972972972975,0.004827848101265824,0.12488636363636367,0.11125000000000007,0.004478260869565217,0.004730120481927711,0.09478260869565212
1705783999,1.5715112569501235,2.900680889695875,0.18049375544583204,0.23414913842532736,4.166150164522864,1.1961309359660186,0.46110748730373446,0.08175215845606922,0.36742520016856683,0.8527927693608187,0,0.2875051011834752,0.46251803426510824,39.85393587143074,1.2901590894799841,209289216,79687680,6041600,424734720,102621184,335163392,39546880,4542464,280920064,92712960,4718592,2875392,301342720,419516416,45604864,2207898.3204720835,0,620230.16353725,40613.76763094618,0,29498.0435461027,0,1562539.562765935,14,9,8,4,11,15,6,6,3,11,1,3,7,34,16,8.933,3.867,23.8,1.667,1.933,1.867,19.667,0.015181159420289855,0.0031265822784810127,0.034485530546623795,0.04487179487179488,0.002391304347826087,0.003073170731707317,0.008960396039603958,0.02722972972972975,0.004827848101265824,0.12488636363636367,0.11125000000000007,0.004478260869565217,0.0047317073170731715,0.09478260869565212
1705784000,1.5715112569501235,2.900680889695875,0.18049375544583204,0.23414913842532736,3.4649523739156285,0.977528039660429,0.46110748730373446,0.08537024356842399,0.36742520016856683,0.8527927693608187,0,0.2875051011834752,0.46251803426510824,39.85393587143074,1.2901590894799841,209289216,79687680,6041600,424734720,102621184,335163392,39546880,4542464,280920064,92712960,4718592,2875392,301342720,419516416,45604864,2207898.3204720835,0,620230.16353725,40613.76763094618,0,29498.0435461027,0,1562539.562765935,14,9,8,4,11,15,6,6,3,11,1,3,7,34,16,9.4,3.867,23.8,2.133,2.4,2.333,21.067,0.015311004784688997,0.0031265822784810127,0.034485530546623795,0.044817073170731705,0.0024029850746268657,0.0030240963855421685,0.009061461794019933,0.02729729729729733,0.004827848101265824,0.12488636363636367,0.11499999999999978,0.0045283582089552235,0.004643373493975905,0.09560773480662985
1705784001,1.5715112569501235,2.900680889695875,0.18049375544583204,0.23414913842532736,3.395516537840247,0.9575925240609955,0.46110748730373446,0.08537024356842399,0.36742520016856683,0.8527927693608187,0,0.2875051011834752,0.46251803426510824,39.85393587143074,1.2901590894799841,209289216,79687680,6041600,424734720,102621184,335163392,39546880,4542464,280920064,92712960,4718592,2875392,301342720,419516416,45604864,2207898.3204720835,0,620230.16353725,40613.76763094618,0,29498.0435461027,0,1562539.562765935,14,9,8,4,11,15,6,6,3,11,1,3,7,34,16,9.4,3.867,23.8,2.133,2.4,2.333,21.067,0.015311004784688997,0.0031265822784810127,0.034485530546623795,0.044817073170731705,0.0024029850746268657,0.0030240963855421685,0.009061461794019933,0.02729729729729733,0.004827848101265824,0.12488636363636367,0.11499999999999978,0.0045283582089552235,0.004643373493975905,0.09560773480662985
1705784002,1.5715112569501235,2.900680889695875,0.18049375544583204,0.23414913842532736,3.3260807017648655,0.9376570084615619,0.46110748730373446,0.08537024356842399,0.36742520016856683,0.8527927693608187,0,0.2453704299797558,0.46251803426510824,39.85393587143074,1.2901590894799841,209289216,79687680,6041600,424734720,102621184,335163392,39546880,4542464,280920064,92712960,4718592,2875392,301342720,419516416,45604864,2207898.3204720835,0,620230.16353725,40613.76763094618,0,25175.02332541149,0,1562539.562765935,14,9,8,4,11,15,6,6,3,11,1,3,7,34,16,9.4,3.867,23.8,2.133,2.4,2.333,21.067,0.015311004784688997,0.0031265822784810127,0.034485530546623795,0.044817073170731705,0.0024029850746268657,0.0030240963855421685,0.009061461794019933,0.02729729729729733,0.004827848101265824,0.12488636363636367,0.11499999999999978,0.0045283582089552235,0.004643373493975905,0.09560773480662985
1705784003,1.5715112569501235,2.900680889695875,0.18049375544583204,0.23414913842532736,3.256644865689485,0.9177214928621282,0.46110748730373446,0.08537024356842399,0.36742520016856683,0.8527927693608187,0,0.24057867829336455,0.46251803426510824,39.85393587143074,1.2901590894799841,209289216,79687680,6041600,424734720,102621184,335163392,39546880,4542464,280920064,92712960,4718592,2875392,301342720,419516416,45604864,2207898.3204720835,0,620230.16353725,40613.76763094618,0,24683.38926630978,0,1562539.562765935,14,9,8,4,11,15,6,6,3,11,1,3,7,34,16,7.533,3.8,23,2.267,2.4,2.333,20.533,0.015616438356164384,0.0031645569620253164,0.03382107023411371,0.044034090909090905,0.0024029850746268657,0.0030240963855421685,0.009217687074829933,0.025454545454545497,0.00489620253164557,0.1401666666666668,0.0993478260869565,0.0045283582089552235,0.004643373493975905,0.09775956284153002
1705784004,1.5715112569501235,2.900680889695875,0.18049375544583204,0.23414913842532736,3.1872090296141034,0.7451835970365457,0.46110748730373446,0.08537024356842399,0.36742520016856683,0.8527927693608187,0,0.23578692660697334,0.46251803426510824,39.85393587143074,1.2901590894799841,209289216,79687680,6041600,424734720,102621184,335163392,39546880,4542464,280920064,92712960,4718592,2875392,301342720,419516416,45604864,2207898.3204720835,0,620230.16353725,40613.76763094618,0,24191.75520720807,0,1562539.562765935,14,9,8,4,11,15,6,6,3,11,1,3,7,34,16,7.533,3.8,22.267,2.267,2.4,2.333,20.533,0.015616438356164384,0.0031645569620253164,0.03295847750865052,0.044034090909090905,0.0024029850746268657,0.0030240963855421685,0.009217687074829933,0.025454545454545497,0.00489620253164557,0.15516129032258086,0.0993478260869565,0.0045283582089552235,0.004643373493975905,0.09775956284153002
1705784005,1.5715112569501235,2.9505218898683285,0.18049375544583204,0.23414913842532736,3.117773193538723,0.7284508707897811,0.3883396023906796,0.08537024356842399,0.36742520016856683,0.8527927693608187,0,0.19728500000000038,0.46251803426510824,39.85393587143074,1.2901590894799841,209289216,79720448,6041600,424734720,102621184,335163392,39546880,4542464,280920064,92712960,4718592,2875392,301342720,419516416,45604864,1888393.0217976617,0,522350.9522848106,40613.76763094618,0,30720.000000000004,0,1562539.562765935,14,9,8,4,11,15,6,6,3,11,1,3,7,34,16,7.533,3.8,22.267,2.267,2.4,2.333,20.533,0.015616438356164384,0.0031645569620253164,0.03295847750865052,0.044034090909090905,0.0024029850746268657,0.0030240963855421685,0.009217687074829933,0.025454545454545497,0.00489620253164557,0.15516129032258086,0.0993478260869565,0.0045283582089552235,0.004643373493975905,0.09775956284153002
1705784006,1.5715112569501235,2.9505218898683285,0.18049375544583204,0.23414913842532736,3.0483373574633417,0.7117181445430163,0.37422899166332274,0.08537024356842399,0.3757346316778119,0.8498038883715822,0,0.2942377159768473,0.46251803426510824,39.21883004601263,1.2901590894799841,209289216,79720448,6041600,424734720,102621184,335163392,39546880,4542464,280920064,92712960,4718592,2879488,301342720,419516416,45604864,1888393.0217976617,0,453670.4060709985,54959.84205179322,0,26739.783261522392,0,1562539.562765935,14,9,8,4,11,15,6,6,3,11,1,3,7,34,16,7.533,3.8,22.267,2.267,2.4,2.333,20.533,0.015616438356164384,0.0031645569620253164,0.03295847750865052,0.044034090909090905,0.0024029850746268657,0.0030240963855421685,0.009217687074829933,0.025454545454545497,0.00489620253164557,0.15516129032258086,0.0993478260869565,0.0045283582089552235,0.004643373493975905,0.09775956284153002
1705784007,1.5715112569501235,2.9505218898683285,0.18338510620435064,0.19395841443603,2.9789015213879604,0.6949854182962515,0.3666272306845688,0.08537024356842399,0.3757346316778119,0.8498038883715822,0,0.2942377159768473,0.46251803426510824,39.21883004601263,1.2901590894799841,209289216,79720448,6041600,424734720,102621184,335163392,39546880,4542464,280920064,92712960,4718592,2879488,301342720,419516416,45604864,1888393.0217976617,0,444454.9415642064,54959.84205179322,0,26739.783261522392,0,1562539.562765935,14,9,8,4,11,15,6,6,3,11,1,3,7,34,16,7.533,3.8,22.267,2.267,2.4,2.333,20.533,0.015616438356164384,0.0031645569620253164,0.03295847750865052,0.044034090909090905,0.0024029850746268657,0.0030240963855421685,0.009217687074829933,0.025454545454545497,0.00489620253164557,0.15516129032258086,0.0993478260869565,0.0045283582089552235,0.004643373493975905,0.09775956284153002
1705784008,1.5715112569501235,2.9505218898683285,0.18338510620435064,0.19005592879560787,2.9094656853125795,1.177901570116155,0.47243766425229,0.08537024356842399,0.3757346316778119,0.8498038883715822,0,0.2942377159768473,0.37327831356149005,39.21883004601263,1.2901590894799841,209289216,79720448,6041600,424734720,102621184,335167488,39579648,4542464,280920064,92712960,4718592,2879488,301342720,419516416,45604864,1888393.0217976617,0,883909.1511227912,54959.84205179322,0,26739.783261522392,0,1562539.562765935,14,9,8,4,11,15,6,6,3,11,1,3,7,34,16,7.533,3.8,22.267,2.267,2.4,2.333,20.533,0.015616438356164384,0.0031645569620253164,0.03295847750865052,0.044034090909090905,0.0024029850746268657,0.0030240963855421685,0.009217687074829933,0.025454545454545497,0.00489620253164557,0.15516129032258086,0.0993478260869565,0.0045283582089552235,0.004643373493975905,0.09775956284153002
1705784009,1.5339706714877803,2.9505218898683285,0.18338510620435064,0.18615344315518575,2.963646486923746,1.177901570116155,0.47243766425229,0.07257850709197218,0.3757346316778119,0.8498038883715822,0,0.2942377159768473,0.3659404625864803,39.21883004601263,1.2901590894799841,209317888,79720448,6041600,424734720,102621184,335167488,39579648,4542464,280920064,92712960,4718592,2879488,301342720,419516416,45604864,1888393.0217976617,0,883909.1511227912,54959.84205179322,0,26739.783261522392,0,1562539.562765935,14,9,8,4,11,15,6,6,3,11,1,3,7,34,16,7.533,3.8,22.267,2.267,2.4,2.333,20.533,0.015616438356164384,0.0031645569620253164,0.03295847750865052,0.044034090909090905,0.0024029850746268657,0.0030240963855421685,0.009217687074829933,0.025454545454545497,0.00489620253164557,0.15516129032258086,0.0993478260869565,0.0045283582089552235,0.004643373493975905,0.09775956284153002
1705784010,1.5339706714877803,2.9505218898683285,0.18338510620435064,0.18225095751476364,2.8930321959047025,1.177901570116155,0.47243766425229,0.08339135440366263,0.3757346316778119,0.8498038883715822,0.0001361341352036027,0.2942377159768473,0.3586026116114705,39.21883004601263,1.2318877621891962,209317888,79720448,6041600,424734720,102621184,335167488,39579648,4542464,280920064,92712960,4718592,2879488,301342720,419516416,45604864,1888393.0217976617,0,883909.1511227912,54959.84205179322,0,26739.783261522392,0,1228970.6903736629,14,9,8,4,11,15,6,6,3,11,1,3,7,34,16,7.533,3.8,22.267,2.267,2.4,2.333,20.533,0.015616438356164384,0.0031645569620253164,0.03295847750865052,0.044034090909090905,0.0024029850746268657,0.0030240963855421685,0.009217687074829933,0.025454545454545497,0.00489620253164557,0.15516129032258086,0.0993478260869565,0.0045283582089552235,0.004643373493975905,0.09775956284153002
1705784011,1.5339706714877803,3.1591742857142844,0.18411168562564684,0.1783484718743415,4.710601005194927,1.177901570116155,0.47243766425229,0.08339135440366263,0.3757346316778119,0.8498038883715822,0.0001361341352036027,0.2942377159768473,0.3512647606364607,39.21883004601263,1.2525705108902896,209317888,79720448,6045696,424734720,109740032,335167488,39579648,4542464,280920064,92712960,4718592,2879488,301342720,419516416,45654016,2106514.2857142854,0,883909.1511227912,54959.84205179322,0,26739.783261522392,0,1677374.2848539595,14,9,8,4,11,15,6,6,3,11,1,3,7,34,16,7.533,3.8,22.267,2.267,2.4,2.333,20.533,0.015616438356164384,0.0031366459627329194,0.03295847750865052,0.044034090909090905,0.0024029850746268657,0.0030240963855421685,0.009217687074829933,0.025454545454545497,0.0048459627329192545,0.15516129032258086,0.0993478260869565,0.0045283582089552235,0.004643373493975905,0.09775956284153002
1705784012,1.5339706714877803,3.1591742857142844,0.18411168562564684,0.17444598623391938,4.710601005194927,1.177901570116155,0.47243766425229,0.08339135440366263,0.3757346316778119,0.9029100625272726,0.00016722054060919645,0.2942377159768473,0.343926909661451,39.21883004601263,1.2525705108902896,209317888,79720448,6045696,424734720,109740032,335167488,39579648,4542464,280920064,92581888,4718592,2879488,301342720,419516416,45654016,2106514.2857142854,0,883909.1511227912,54959.84205179322,0,26739.783261522392,0,1677374.2848539595,14,9,8,4,11,15,6,6,3,11,1,3,7,34,16,7.533,3.8,22.267,2.267,2.4,2.333,18,0.015616438356164384,0.0031366459627329194,0.03295847750865052,0.044034090909090905,0.0024029850746268657,0.0030240963855421685,0.009395973154362415,0.025454545454545497,0.0048459627329192545,0.15516129032258086,0.0993478260869565,0.0045283582089552235,0.004643373493975905,0.09711340206185565
1705784013,1.5339706714877803,3.1591742857142844,0.18411168562564684,0.17054350059349724,4.710601005194927,1.177901570116155,0.47243766425229,0.07285786812922444,0.3757346316778119,0.9029100625272726,0.00016722054060919645,0.2942377159768473,0.3365890586864412,39.21883004601263,1.2525705108902896,209317888,79720448,6045696,424734720,109740032,335167488,39579648,4542464,280920064,92581888,4718592,2879488,301342720,419516416,45654016,2106514.2857142854,0,883909.1511227912,54959.84205179322,0,26739.783261522392,0,1677374.2848539595,14,9,8,4,11,15,6,6,3,11,1,3,7,34,16,7.533,3.8,22.267,2.267,2.2,2.333,18,0.015616438356164384,0.0031366459627329194,0.03295847750865052,0.044034090909090905,0.002393939393939394,0.0030240963855421685,0.009395973154362415,0.025454545454545497,0.0048459627329192545,0.15516129032258086,0.0993478260869565,0.004527272727272727,0.004643373493975905,0.09711340206185565
1705784014,1.5915951765303016,3.1591742857142844,0.18411168562564684,0.16664101495307515,4.710601005194927,1.177901570116155,0.47243766425229,0.07146801222249673,0.35542626262625804,0.9029100625272726,0.00016722054060919645,0.2942377159768473,0.3292512077114315,39.21883004601263,1.2525705108902896,209317888,79720448,6045696,424734720,109740032,335167488,39579648,4542464,280920064,92581888,4718592,2879488,301342720,419516416,45654016,2106514.2857142854,0,883909.1511227912,33098.989898989894,0,26739.783261522392,0,1677374.2848539595,14,9,8,4,11,15,6,6,3,11,1,3,7,34,16,7.533,3.8,22.267,2.267,2.2,2.267,18,0.015616438356164384,0.0031366459627329194,0.03295847750865052,0.044034090909090905,0.002393939393939394,0.0030235294117647057,0.009395973154362415,0.025454545454545497,0.0048459627329192545,0.15516129032258086,0.0993478260869565,0.004527272727272727,0.004642352941176471,0.09711340206185565
1705784015,1.5915951765303016,3.1591742857142844,0.18411168562564684,0.23708689711017658,4.710601005194927,1.177901570116155,0.47243766425229,0.07007815631576901,0.35542626262625804,0.9029100625272726,0.00016722054060919645,0.2942377159768473,0.32191335673642174,39.21883004601263,1.2525705108902896,209317888,79720448,6045696,424472576,109740032,335167488,39579648,4542464,280920064,92581888,4718592,2879488,301342720,419516416,45654016,2106514.2857142854,0,883909.1511227912,33098.989898989894,0,26739.783261522392,0,1677374.2848539595,14,9,8,4,11,15,6,6,3,11,1,3,7,34,16,7.267,3.8,22.267,2,1.933,2,17.2,0.015565610859728506,0.0031366459627329194,0.03295847750865052,0.043882978723404256,0.002428571428571429,0.0030224719101123597,0.009451612903225808,0.025151515151515143,0.0048459627329192545,0.15516129032258086,0.10642857142857136,0.004531428571428571,0.004640449438202248,0.09686868686868687
1705784016,1.5915951765303016,3.1591742857142844,0.18411168562564684,0.23780900529723278,4.710601005194927,1.177901570116155,0.47243766425229,0.06868830040904131,0.35542626262625804,0.9029100625272726,0.00016722054060919645,0.2942377159768473,0.31457550576141197,39.48546065802887,1.2525705108902896,209317888,79720448,6045696,424472576,109740032,335167488,39579648,4542464,280920064,92581888,4718592,2879488,301342720,77058048,45654016,2106514.2857142854,0,883909.1511227912,33098.989898989894,0,26739.783261522392,0,1677374.2848539595,14,9,8,4,11,15,6,6,3,11,1,3,7,34,16,7.267,3.8,22.267,2,1.933,2,17.2,0.015565610859728506,0.0031366459627329194,0.03295847750865052,0.043882978723404256,0.002428571428571429,0.0030224719101123597,0.009451612903225808,0.025151515151515143,0.0048459627329192545,0.15516129032258086,0.10642857142857136,0.004531428571428571,0.004640449438202248,0.09686868686868687
1705784017,1.5915951765303016,3.1591742857142844,0.18411168562564684,0.23780900529723278,4.710601005194927,1.177901570116155,0.47243766425229,0.06729844450231362,0.35542626262625804,0.9258187418936452,0.00016722054060919645,0.2942377159768473,0.30723765478640225,39.48546065802887,1.2525705108902896,209317888,79720448,6045696,424472576,109740032,335167488,39579648,4542464,280920064,92581888,4718592,2879488,301342720,77058048,45654016,2106514.2857142854,0,883909.1511227912,33098.989898989894,0,26739.783261522392,0,1677374.2848539595,14,9,8,4,11,15,6,6,3,11,1,3,7,34,16,7.267,3.8,22.267,2,1.933,2,17.2,0.015565610859728506,0.0031366459627329194,0.03295847750865052,0.043882978723404256,0.002428571428571429,0.0030224719101123597,0.009451612903225808,0.025151515151515143,0.0048459627329192545,0.15516129032258086,0.10642857142857136,0.004531428571428571,0.004640449438202248,0.09686868686868687
1705784018,1.5915951765303016,3.1096985556219527,0.18411168562564684,0.23780900529723278,4.710601005194927,1.177901570116155,0.47243766425229,0.08259476969553588,0.35542626262625804,0.9258187418936452,0.00016722054060919645,0.2882410480349343,0.2998998038113925,39.48546065802887,1.2525705108902896,209317888,79757312,6045696,424472576,109740032,335167488,39579648,4542464,280920064,92581888,4718592,2875392,301342720,77058048,45654016,1991749.943337523,0,883909.1511227912,33098.989898989894,0,21463.755458515283,0,1677374.2848539595,14,9,8,4,11,15,6,6,3,11,1,3,7,34,16,7.667,4.133,23.8,1.867,1.933,2,16.933,0.015284810126582279,0.00315,0.0335801393728223,0.04254807692307692,0.002428571428571429,0.0030224719101123597,0.009609120521172639,0.0244746835443038,0.00487,0.16044554455445542,0.09568181818181819,0.004531428571428571,0.004640449438202248,0.09617511520737326
1705784019,1.5915951765303016,3.1096985556219527,0.18411168562564684,0.23780900529723278,4.710601005194927,1.0957567591843893,0.47243766425229,0.08259476969553588,0.35542626262625804,0.9258187418936452,0.00016722054060919645,0.2882410480349343,0.2925619528363827,39.48546065802887,1.2525705108902896,209317888,79757312,6045696,424472576,109740032,335187968,39579648,4542464,280920064,92581888,4718592,2875392,301342720,77058048,45654016,1991749.943337523,0,883909.1511227912,33098.989898989894,0,21463.755458515283,0,1677374.2848539595,14,9,8,4,11,21,6,6,3,11,1,3,7,34,16,7.667,4.133,24.8,1.867,1.933,2,16.933,0.015284810126582279,0.00315,0.03405923344947736,0.04254807692307692,0.002428571428571429,0.0030224719101123597,0.009609120521172639,0.0244746835443038,0.00487,0.1659999999999999,0.09568181818181819,0.004531428571428571,0.004640449438202248,0.09617511520737326
1705784020,1.5915951765303016,3.1096985556219523,0.18411168562564684,0.23780900529723278,4.710601005194927,1.0957567591843893,0.47243766425229,0.08259476969553588,0.35542626262625804,0.9258187418936452,0.00016722054060919645,0.2849546267755911,0.28522410186137287,39.48546065802887,1.2525705108902896,209317888,79757312,6045696,424472576,109740032,335187968,39579648,4542464,280920064,92581888,4718592,2875392,301342720,77058048,45654016,1991749.9433375224,0,883909.1511227912,33098.989898989894,0,0,0,1677374.2848539595,14,9,8,4,11,21,6,6,3,11,1,3,7,34,16,7.667,4.133,24.8,1.867,1.933,2,16.933,0.015284810126582279,0.00315,0.03405923344947736,0.04254807692307692,0.002428571428571429,0.0030224719101123597,0.009609120521172639,0.0244746835443038,0.00487,0.1659999999999999,0.09568181818181819,0.004531428571428571,0.004640449438202248,0.09617511520737326
1705784021,1.5915951765303016,3.1096985556219523,0.18411168562564684,0.23780900529723278,4.710601005194927,1.0957567591843893,0.4103174381101503,0.08259476969553588,0.35542626262625804,0.9258187418936452,0.00016722054060919645,0.2849546267755911,0.27788625088636315,39.48546065802887,1.2993566092392177,209317888,79757312,6045696,424472576,109740032,335187968,39579648,4542464,280920064,92581888,4718592,2875392,301342720,77058048,45654016,1991749.9433375224,0,888761.8636368684,33098.989898989894,0,0,0,2023332.8251257811,14,9,8,4,11,21,6,6,3,11,1,3,7,34,16,7.667,4.133,24.8,1.867,1.933,2,16.933,0.015284810126582279,0.00315,0.03405923344947736,0.04254807692307692,0.002428571428571429,0.0030224719101123597,0.009609120521172639,0.0244746835443038,0.00487,0.1659999999999999,0.09568181818181819,0.004531428571428571,0.004640449438202248,0.09617511520737326
1705784022,1.5915951765303016,3.1096985556219523,0.18411168562564684,0.23780900529723278,4.710601005194927,1.0957567591843893,0.4851497684336764,0.08259476969553588,0.35542626262625804,0.9258187418936452,0.00016722054060919645,0.2849546267755911,0.2705483999113534,39.48546065802887,1.2993566092392177,209317888,79757312,6045696,424472576,109740032,335187968,39579648,4542464,280920064,92581888,4718592,2875392,301342720,77058048,45654016,1991749.9433375224,0,1050851.2977709658,33098.989898989894,0,0,0,2023332.8251257811,14,9,8,4,11,21,6,6,3,11,1,3,7,34,16,7.667,4.133,24.8,1.867,1.933,2,16.933,0.015284810126582279,0.00315,0.03405923344947736,0.04254807692307692,0.002428571428571429,0.0030224719101123597,0.009609120521172639,0.0244746835443038,0.00487,0.1659999999999999,0.09568181818181819,0.004531428571428571,0.004640449438202248,0.09617511520737326
1705784023,1.5915951765303016,3.1096985556219523,0.18509877764656882,0.23780900529723278,5.023920289092419,1.1365651113302377,0.4763395825023257,0.08690056653432669,0.352787733234807,0.9258187418936452,0.00022312354656062232,0.2849546267755911,0.12087666666668422,32.48683894892735,1.2993566092392177,209317888,79757312,6045696,424472576,109740032,335187968,39596032,4542464,280920064,92581888,4718592,2875392,301342720,77058048,45654016,1991749.9433375224,0,853219.8732438063,22700.905228154443,0,0,0,2023332.8251257811,14,9,8,4,11,21,6,6,3,11,1,3,7,34,16,7.667,4.133,24.8,1.867,1.933,2,16.933,0.015284810126582279,0.00315,0.03405923344947736,0.04254807692307692,0.002428571428571429,0.0030224719101123597,0.009609120521172639,0.0244746835443038,0.00487,0.1659999999999999,0.09568181818181819,0.004531428571428571,0.004640449438202248,0.09617511520737326
1705784024,1.565439379449593,3.1096985556219523,0.18509877764656882,0.23780900529723278,5.023920289092419,1.1365651113302377,0.4763395825023257,0.08690056653432669,0.352787733234807,0.9258187418936452,0.0002662532439082022,0.2849546267755911,0.12087666666668422,39.362082732949126,1.2993566092392177,209444864,79757312,6045696,424472576,109740032,335187968,39596032,4542464,280920064,92581888,4718592,2875392,301342720,77058048,45654016,1991749.9433375224,0,853219.8732438063,22700.905228154443,0,0,0,2023332.8251257811,15,9,8,4,11,21,6,6,3,11,1,3,7,34,16,7.667,4.133,24.8,1.867,1.933,2,16.933,0.015284810126582279,0.00315,0.03405923344947736,0.04254807692307692,0.002428571428571429,0.0030224719101123597,0.009609120521172639,0.0244746835443038,0.00487,0.1659999999999999,0.09568181818181819,0.004531428571428571,0.004640449438202248,0.09617511520737326
1705784025,1.565439379449593,3.1096985556219523,0.18509877764656882,0.23780900529723278,5.023920289092419,1.1365651113302377,0.4763395825023257,0.08690056653432669,0.352787733234807,0.9258187418936452,0.0002662532439082022,0.2849546267755911,0.12087666666668422,39.362082732949126,1.2993566092392177,209444864,79757312,6045696,424472576,109740032,335187968,39596032,4542464,280920064,92581888,4718592,2875392,301342720,77058048,45654016,1991749.9433375224,0,853219.8732438063,22700.905228154443,0,0,0,2023332.8251257811,15,9,8,4,11,21,6,6,3,11,1,3,7,34,16,7.667,4.133,24.8,1.867,1.933,2,16.933,0.015284810126582279,0.00315,0.03405923344947736,0.04254807692307692,0.002428571428571429,0.0030224719101123597,0.009609120521172639,0.0244746835443038,0.00487,0.1659999999999999,0.09568181818181819,0.004531428571428571,0.004640449438202248,0.09617511520737326
1705784026,1.565439379449593,3.1096985556219523,0.18509877764656882,0.23780900529723278,5.023920289092419,1.1365651113302377,0.4763395825023257,0.08690056653432669,0.352787733234807,0.9258187418936452,0.0002662532439082022,0.2849546267755911,0.37408118306543603,39.362082732949126,1.2759023129712765,209444864,79757312,6045696,424472576,109740032,335187968,39596032,4542464,280920064,92581888,4718592,2875392,301342720,77058048,45674496,1991749.9433375224,0,853219.8732438063,22700.905228154443,0,0,0,1726476.3195797678,15,9,8,4,11,21,6,6,3,11,1,3,8,34,16,7.667,4.067,24.8,1.867,1.933,2,16.933,0.015284810126582279,0.00317283950617284,0.03405923344947736,0.04254807692307692,0.002428571428571429,0.0030224719101123597,0.009609120521172639,0.0244746835443038,0.004911111111111112,0.1659999999999999,0.09568181818181819,0.004531428571428571,0.004640449438202248,0.09617511520737326
1705784027,1.3140663469645386,3.1096985556219523,0.17471524252378248,0.23780900529723278,5.023920289092419,1.1365651113302377,0.4763395825023257,0.08690056653432669,0.352787733234807,0.9168001983899835,0.00017190730062017776,0.2849546267755911,0.37408118306543603,39.362082732949126,1.2759023129712765,209444864,79757312,6033408,424472576,109740032,335187968,39596032,4542464,280920064,92581888,4718592,2875392,301342720,77058048,45674496,1991749.9433375224,0,853219.8732438063,22700.905228154443,0,0,0,1726476.3195797678,15,9,8,4,11,21,6,6,3,11,1,3,8,34,16,7.667,4.067,24.8,1.867,1.933,2,16.667,0.015284810126582279,0.00317283950617284,0.03405923344947736,0.04254807692307692,0.002428571428571429,0.0030224719101123597,0.009808970099667774,0.0244746835443038,0.004911111111111112,0.1659999999999999,0.09568181818181819,0.004531428571428571,0.004640449438202248,0.0978085106382979
1705784028,1.3402928604905602,3.1096985556219523,0.17471524252378248,0.23780900529723278,5.023920289092419,1.1365651113302377,0.4763395825023257,0.08690056653432669,0.352787733234807,0.9168001983899835,0.00017190730062017776,0.2849546267755911,0.37408118306543603,39.362082732949126,1.2759023129712765,209444864,79757312,6033408,424472576,109740032,335187968,39596032,4542464,280920064,92581888,4718592,2875392,301342720,77058048,45674496,1991749.9433375224,0,853219.8732438063,22700.905228154443,0,0,0,1726476.3195797678,15,9,8,4,11,21,6,6,3,11,1,3,8,34,16,7.667,4.067,24.8,1.867,1.933,2,16.667,0.015284810126582279,0.0031728395061728395,0.03405923344947736,0.04254807692307692,0.00247945205479452,0.0030224719101123597,0.009808970099667774,0.0244746835443038,0.004911111111111112,0.1659999999999999,0.09568181818181819,0.00453972602739726,0.004640449438202248,0.0978085106382979
1705784029,1.573590811561283,3.1096985556219523,0.17471524252378248,0.23780900529723278,5.023920289092419,1.1365651113302377,0.4763395825023257,0.08669761917615922,0.26008024702597443,0.9168001983899835,0.00017190730062017776,0.2849546267755911,0.37408118306543603,39.362082732949126,1.2759023129712765,209444864,79757312,6033408,424472576,109740032,335187968,39596032,4665344,280920064,92581888,4718592,2875392,301342720,77058048,45674496,1991749.9433375224,0,853219.8732438063,29922.158637672113,0,0,0,1726476.3195797678,15,9,8,4,11,21,6,6,3,11,1,3,8,34,16,7.667,4.067,24.8,1.867,1.933,1.867,16.667,0.015284810126582279,0.0031728395061728395,0.03405923344947736,0.04254807692307692,0.00247945205479452,0.003021978021978022,0.009808970099667774,0.0244746835443038,0.004911111111111112,0.1659999999999999,0.09568181818181819,0.00453972602739726,0.004639560439560439,0.0978085106382979
1705784030,1.573590811561283,3.0175540586263128,0.17471524252378248,0.23780900529723278,5.023920289092419,1.1365651113302377,0.4763395825023257,0.08669761917615922,0.26625407562514886,0.9168001983899835,0.00017190730062017776,0.2849546267755911,0.37408118306543603,39.362082732949126,1.2759023129712765,209444864,79757312,6033408,424472576,109740032,335187968,39596032,4665344,280920064,92581888,4718592,2875392,301342720,77058048,45674496,1461462.2743071574,0,853219.8732438063,30632.45586654181,0,0,0,1726476.3195797678,15,9,8,4,11,21,6,6,3,11,1,3,8,34,16,7.667,4.067,24.8,1.867,1.933,1.867,16.667,0.01540625,0.0031728395061728395,0.03405923344947736,0.04338235294117646,0.00247945205479452,0.003067415730337079,0.00981023102310231,0.024481250000000003,0.004911111111111112,0.1659999999999999,0.12062499999999987,0.00453972602739726,0.004721348314606741,0.09781779661016952
1705784031,1.573590811561283,3.0175540586263128,0.17471524252378248,0.23780900529723278,5.023920289092419,1.1365651113302377,0.4763395825023257,0.08669761917615922,0.27242790422432334,0.9168001983899835,0.00017190730062017776,0.27949491998571663,0.37408118306543603,39.362082732949126,1.2759023129712765,209444864,79757312,6033408,424472576,109740032,335187968,39596032,4665344,280920064,92581888,4718592,2875392,301342720,77058048,45674496,1461462.2743071574,0,853219.8732438063,31342.753095411506,0,0,0,1726476.3195797678,15,9,8,4,11,21,6,6,3,11,1,3,8,34,16,7.667,4.067,24.8,1.867,1.933,1.867,16.667,0.01540625,0.0031728395061728395,0.03405923344947736,0.04338235294117646,0.00247945205479452,0.003067415730337079,0.00981023102310231,0.024481250000000003,0.004911111111111112,0.1659999999999999,0.12062499999999987,0.00453972602739726,0.004721348314606741,0.09781779661016952
1705784032,1.573590811561283,2.9899046139237857,0.17471524252378248,0.23780900529723278,5.023920289092419,1.1365651113302377,0.4763395825023257,0.08669761917615922,0.27860173282349787,0.9168001983899835,0.00017190730062017776,0.27949491998571663,0.37408118306543603,39.362082732949126,1.2759023129712765,209444864,79757312,6033408,424472576,109740032,335187968,39596032,4665344,280920064,92581888,4718592,2875392,301342720,77058048,45674496,1971185.63597911,0,853219.8732438063,32053.05032428121,0,0,0,1726476.3195797678,15,9,8,4,11,21,6,6,3,11,1,3,8,34,16,7.667,4.067,24.8,1.867,1.933,1.867,16.667,0.01540625,0.0031728395061728395,0.03405923344947736,0.04338235294117646,0.00247945205479452,0.003067415730337079,0.00981023102310231,0.024481250000000003,0.004911111111111112,0.1659999999999999,0.12062499999999987,0.00453972602739726,0.004721348314606741,0.09781779661016952
1705784033,1.573590811561283,2.9899046139237857,0.17471524252378248,0.23780900529723278,5.023920289092419,1.1365651113302377,0.4763395825023257,0.08701450974644487,0.28477556142267235,0.9168001983899835,0.00017190730062017776,0.27949491998571663,0.37408118306543603,39.4973651635721,1.2759023129712765,209444864,79757312,6033408,424472576,109740032,335187968,39596032,4665344,280920064,92581888,4718592,2875392,301342720,519045120,45674496,1971185.63597911,0,853219.8732438063,32763.347553150907,0,0,0,1726476.3195797678,15,9,8,4,11,21,6,6,3,11,1,3,8,34,16,6.867,3.733,23.4,1.867,1.933,1.867,16.4,0.015240174672489082,0.0032208588957055215,0.03426418439716311,0.04399038461538461,0.00247945205479452,0.003067415730337079,0.012250000000000011,0.024253275109170306,0.00499754601226994,0.1784090909090908,0.14625,0.00453972602739726,0.004721348314606741,0.09996000000000003
1705784034,1.573590811561283,2.9899046139237857,0.17471524252378248,0.24081101759754653,5.023920289092419,1.1365651113302377,0.4763395825023257,0.08701450974644487,0.2909493900218468,0.9168001983899835,0.00017190730062017776,0.27949491998571663,0.37408118306543603,39.4973651635721,1.2759023129712765,209444864,79757312,6033408,424472576,109740032,335187968,39596032,4665344,280920064,92581888,4718592,2875392,301342720,519045120,45674496,1971185.63597911,0,853219.8732438063,33473.644782020594,0,0,0,1726476.3195797678,15,9,8,4,11,21,6,6,3,11,1,3,8,34,16,6.867,3.733,22.331,1.867,1.933,1.867,16.4,0.015240174672489082,0.0032208588957055215,0.034489037975311804,0.04399038461538461,0.00247945205479452,0.003067415730337079,0.012250000000000011,0.024253275109170306,0.00499754601226994,0.19136358264638592,0.14625,0.00453972602739726,0.004721348314606741,0.09996000000000003
1705784035,1.573590811561283,2.9899046139237857,0.17471524252378248,0.22896113847838004,5.023920289092419,1.1365651113302377,0.4763395825023257,0.08701450974644487,0.2971232186210213,0.9532765568288875,0.00017190730062017776,0.23185384631198463,0.37408118306543603,39.4973651635721,1.2759023129712765,209444864,79757312,6033408,424349696,109740032,335187968,39596032,4665344,280920064,92581888,4718592,2875392,301342720,519045120,45674496,1971185.63597911,0,853219.8732438063,34183.9420108903,0,0,0,1726476.3195797678,15,9,8,4,11,21,6,6,3,11,1,3,8,34,16,6.867,3.733,22.331,1.867,1.933,1.867,16.4,0.015240174672489082,0.0032208588957055215,0.034489037975311804,0.04399038461538461,0.00247945205479452,0.003067415730337079,0.012250000000000011,0.024253275109170306,0.00499754601226994,0.19136358264638592,0.14625,0.00453972602739726,0.004721348314606741,0.09996000000000003
1705784036,1.573590811561283,2.9899046139237857,0.17471524252378248,0.22896113847838004,5.023920289092419,1.1773615050443684,0.4763395825023257,0.08701450974644487,0.30329704722019585,0.9532765568288875,0.00017190730062017776,0.227195597645556,0.37408118306543603,39.4973651635721,1.2759023129712765,209444864,79757312,6033408,424349696,109740032,335196160,39596032,4665344,280920064,92581888,4718592,2875392,301342720,519045120,45674496,1971185.63597911,0,853219.8732438063,34894.23923976,0,0,0,1726476.3195797678,15,9,8,4,11,20,6,6,3,11,1,3,8,34,16,6.867,3.733,22.331,1.867,1.933,1.867,16.4,0.015240174672489082,0.0032208588957055215,0.034489037975311804,0.04399038461538461,0.00247945205479452,0.003067415730337079,0.012250000000000011,0.024253275109170306,0.00499754601226994,0.19136358264638592,0.14625,0.00453972602739726,0.004721348314606741,0.09996000000000003
1705784037,1.560730975266904,2.9899046139237857,0.17471524252378248,0.22896113847838004,5.023920289092419,1.1773615050443684,0.4763395825023257,0.08701450974644487,0.3094708758193703,0.9532765568288875,0.00017190730062017776,0.22253734897912741,0.37408118306543603,39.4973651635721,1.2759023129712765,209321984,79757312,6033408,424349696,109740032,335196160,39596032,4665344,280920064,92581888,4718592,2875392,301342720,519045120,45674496,1971185.63597911,0,853219.8732438063,35604.536468629696,0,0,0,1726476.3195797678,14,9,8,4,11,20,6,6,3,11,1,3,8,34,16,6.867,3.733,22.331,1.867,1.933,1.867,16.4,0.015240174672489082,0.0032208588957055215,0.034489037975311804,0.04399038461538461,0.00247945205479452,0.003067415730337079,0.012250000000000011,0.024253275109170306,0.00499754601226994,0.19136358264638592,0.14625,0.00453972602739726,0.004721348314606741,0.09996000000000003
1705784038,1.560730975266904,2.9899046139237857,0.17471524252378248,0.22896113847838004,5.023920289092419,1.1773615050443684,0.4794563421914375,0.08701450974644487,0.31564470441854475,0.9532765568288875,0.00017190730062017776,0.21787910031269886,0.37408118306543603,39.4973651635721,1.0157355214346262,209321984,79757312,6033408,424349696,109740032,335196160,39596032,4665344,280920064,92581888,4718592,2875392,301342720,519045120,45674496,1971185.63597911,0,961474.483438143,36314.833697499394,0,0,0,1550819.6593122499,14,9,8,4,11,20,6,6,3,11,1,3,8,34,16,6.867,3.733,22.331,1.867,1.933,1.867,16.4,0.015240174672489082,0.0032208588957055215,0.034489037975311804,0.04399038461538461,0.00247945205479452,0.003067415730337079,0.012250000000000011,0.024253275109170306,0.00499754601226994,0.19136358264638592,0.14625,0.00453972602739726,0.004721348314606741,0.09996000000000003
1705784039,1.560730975266904,2.9899046139237857,0.17471524252378248,0.22896113847838004,4.948544973544971,1.1773615050443684,0.4794563421914375,0.08701450974644487,0.3156261829327473,0.9481853281853189,0.00017190730062017776,0.2782973301893971,0.37408118306543603,39.4973651635721,1.0367956553015378,209321984,79757312,6033408,424349696,98369536,335196160,39596032,4665344,280920064,92585984,4718592,2875392,301342720,519045120,45674496,1971185.63597911,0,961474.483438143,36312.70280581279,0,0,0,1582974.1610888788,14,9,8,4,11,20,6,6,3,11,1,3,8,34,16,6.867,3.733,22.331,1.867,1.933,1.867,16.4,0.015240174672489082,0.0032208588957055215,0.034489037975311804,0.04399038461538461,0.00247945205479452,0.003067415730337079,0.012250000000000011,0.024253275109170306,0.00499754601226994,0.19136358264638592,0.14625,0.00453972602739726,0.004721348314606741,0.09996000000000003
1705784040,1.560730975266904,2.9899046139237857,0.13659251668678535,0.22896113847838004,4.948544973544971,0.7094539309508702,0.4794563421914375,0.08701450974644487,0.3094523543335728,0.9481853281853189,0.00017190730062017776,0.2782973301893971,0.4039968932967057,39.4973651635721,1.05785578916845,209321984,79757312,6033408,424349696,98369536,335196160,39596032,4665344,280920064,92585984,4718592,2875392,301342720,519045120,45674496,1971185.63597911,0,961474.483438143,35602.40557694309,0,0,0,1615128.6628655076,14,9,8,4,11,20,6,6,3,11,1,3,8,34,16,6.867,3.733,22.331,1.867,1.933,1.867,16.4,0.015240174672489082,0.0032208588957055215,0.034489037975311804,0.04399038461538461,0.00247945205479452,0.003067415730337079,0.012250000000000011,0.024253275109170306,0.00499754601226994,0.19136358264638592,0.14625,0.00453972602739726,0.004721348314606741,0.09996000000000003
1705784041,1.560730975266904,2.9899046139237857,0.13939743514639386,0.22896113847838004,4.948544973544971,0.7273141847352713,0.475373730457604,0.08701450974644487,0.3032785257343983,0.9481853281853189,0.0002317939088081764,0.2782973301893971,0.4039968932967057,39.4973651635721,0.8920124999999857,209321984,79757312,6033408,424349696,98369536,335196160,39600128,4665344,280920064,92585984,4718592,2875392,301342720,519045120,45674496,1971185.63597911,0,849146.0306592111,34892.10834807339,0,0,0,1361920,14,9,8,4,11,20,6,6,3,11,1,3,8,34,16,6.867,3.6,22.331,1.867,1.933,1.867,16.4,0.015240174672489082,0.0032222222222222222,0.034489037975311804,0.04399038461538461,0.00247945205479452,0.003067415730337079,0.012250000000000011,0.024253275109170306,0.005000000000000007,0.19136358264638592,0.14625,0.00453972602739726,0.004721348314606741,0.09996000000000003
1705784042,1.560730975266904,2.9899046139237857,0.14220235360600234,0.22896113847838004,4.872351668617181,0.7451744385196724,0.475373730457604,0.08701450974644487,0.29710469713522375,0.9481853281853189,0.0002317939088081764,0.2782973301893971,0.4039968932967057,39.86487035816305,1.0556444751124245,209321984,79757312,6033408,424349696,98369536,335196160,39600128,4665344,280920064,92585984,4718592,2875392,301342720,519045120,45674496,1971185.63597911,0,849146.0306592111,34181.81111920369,0,0,0,1611752.4401789617,14,9,8,4,11,20,6,6,3,11,1,3,8,34,16,6.867,3.6,22.331,1.867,1.933,1.867,16.067,0.015240174672489082,0.0032222222222222222,0.034489037975311804,0.04399038461538461,0.00247945205479452,0.003067415730337079,0.012181818181818176,0.024253275109170306,0.005000000000000007,0.19136358264638592,0.14625,0.00453972602739726,0.004721348314606741,0.09966804979253112
1705784043,1.560730975266904,2.9899046139237857,0.1417928355108995,0.22896113847838004,4.872351668617181,0.7630346923040734,0.475373730457604,0.08366447933612371,0.2909308685360493,0.9481853281853189,0.0002317939088081764,0.278297330189397,0.4039968932967057,39.86487035816305,1.0345843412455125,209321984,79757312,6033408,424349696,98369536,335196160,39600128,4542464,280920064,92585984,4718592,2875392,301342720,519045120,45674496,1971185.63597911,0,849146.0306592111,33471.513890334,0,0,0,1579597.9384023328,14,9,8,4,11,20,6,6,3,11,1,3,8,34,16,6.867,3.6,22.331,1.867,1.667,1.867,16.067,0.015240174672489082,0.0032222222222222222,0.034489037975311804,0.04399038461538461,0.0026056338028169015,0.003067415730337079,0.012181818181818176,0.024253275109170306,0.005000000000000007,0.19136358264638592,0.14625,0.004566197183098591,0.004721348314606741,0.09966804979253112
1705784044,1.4720034883422826,2.9899046139237857,0.13898791705129096,0.22896113847838004,4.872351668617181,0.7808949460884743,0.475373730457604,0.08366447933612371,0.28475703993687485,0.9481853281853189,0.0002317939088081764,0.278297330189397,0.4039968932967057,39.86487035816305,1.262514415068543,209321984,79757312,6033408,424349696,98369536,335196160,39600128,4542464,280920064,92585984,4718592,2875392,301342720,519045120,45850624,1971185.63597911,0,849146.0306592111,32761.216661464296,0,0,0,1592004.44197668,14,9,8,4,11,20,6,6,3,11,1,3,8,34,16,6.867,3.6,22.331,1.867,1.667,1.8,16.067,0.015240174672489082,0.0032222222222222222,0.034489037975311804,0.04399038461538461,0.0026056338028169015,0.0030681818181818184,0.012181818181818176,0.024253275109170306,0.005000000000000007,0.19136358264638592,0.14625,0.004566197183098591,0.004722727272727273,0.09966804979253112
1705784045,1.4720034883422826,2.9899046139237857,0.13618299859168248,0.22896113847838004,4.872351668617181,0.7987551998728754,0.475373730457604,0.08366447933612371,0.2785832113377003,0.9481853281853189,0.00019166458834576084,0.278297330189397,0.38442688347707527,39.86487035816305,1.262514415068543,209321984,79757312,6033408,424349696,98369536,335196160,39600128,4542464,280920064,92585984,4718592,2875392,301346816,519045120,45850624,1971185.63597911,0,849146.0306592111,32050.919432594594,0,0,0,1592004.44197668,14,9,8,4,11,20,6,6,3,11,1,3,7,34,16,6.867,3.6,22.331,1.867,1.667,1.8,16.067,0.015197368421052631,0.0032222222222222222,0.034489037975311804,0.04425,0.0025833333333333333,0.0030681818181818184,0.010899999999999996,0.02425,0.005000000000000007,0.19136358264638592,0.1503571428571429,0.004516666666666666,0.004722727272727273,0.09905737704918034
1705784046,1.4720034883422826,2.3851967636452427,0.13337808013207397,0.22896113847838004,4.872351668617181,0.8166154536572764,0.475373730457604,0.08366447933612371,0.2724093827385258,0.9481853281853189,0.00018780135653229124,0.278297330189397,0.38442688347707527,39.86487035816305,1.262514415068543,209321984,79757312,6033408,424349696,98369536,335196160,39600128,4542464,280920064,92585984,4718592,2875392,301346816,519045120,45850624,1971017.606237817,0,849146.0306592111,31340.622203724895,0,0,0,1592004.44197668,14,9,8,4,11,20,6,6,3,11,1,3,7,34,16,6.867,3.6,22.331,1.867,1.667,1.8,16.067,0.015197368421052631,0.0032222222222222222,0.034489037975311804,0.04425,0.0025833333333333333,0.0030681818181818184,0.010899999999999996,0.02425,0.005000000000000007,0.19136358264638592,0.1503571428571429,0.004516666666666666,0.004722727272727273,0.09905737704918034
1705784047,1.4720034883422826,2.7360055520460778,0.17481405862622185,0.22896113847838004,4.872351668617181,0.8344757074416776,0.475373730457604,0.08366447933612371,0.26623555413935135,0.9481853281853189,0.00018393812471882161,0.22457733504398797,0.38442688347707527,39.86487035816305,1.262514415068543,209321984,79806464,6041600,424349696,98369536,335196160,39600128,4542464,280920064,92585984,4718592,2875392,301346816,519045120,45850624,1765342.8810265923,0,849146.0306592111,30630.324974855204,0,0,0,1592004.44197668,14,9,8,4,11,20,6,6,3,11,1,3,7,34,16,6.867,3.6,22.331,1.867,1.667,1.8,16.067,0.015197368421052631,0.0032222222222222222,0.034489037975311804,0.04425,0.0025833333333333333,0.0030681818181818184,0.010899999999999996,0.02425,0.005000000000000007,0.19136358264638592,0.1503571428571429,0.004516666666666666,0.004722727272727273,0.09905737704918034
1705784048,1.4720034883422826,2.791136017518332,0.17481405862622185,0.22896113847838004,4.872351668617181,0.8523359612260785,0.475373730457604,0.07988318518173793,0.26006172554017687,0.9481853281853189,0.00018007489290535202,0.2722465761707527,0.38442688347707527,39.86487035816305,1.262514415068543,209321984,79806464,6041600,424349696,98369536,335196160,39600128,4542464,280920064,92585984,4718592,2875392,301346816,519045120,45850624,1800914.5101398241,0,849146.0306592111,29920.027745985506,0,0,0,1592004.44197668,14,9,8,4,11,20,6,6,3,11,1,3,7,34,16,9.533,4,24.464,1.933,1.667,1.8,17.6,0.015460251046025107,0.003211180124223603,0.035207621565898725,0.04517045454545455,0.0025833333333333333,0.0030681818181818184,0.01214285714285716,0.02459832635983264,0.0049801242236024845,0.1899998981514171,0.1665625,0.004516666666666666,0.004722727272727273,0.09962962962962965
1705784049,1.4720034883422826,3.3078279283352026,0.17481405862622185,0.15702441045986362,4.872351668617181,0.8701962150104795,0.38266310696922184,0.07988318518173793,0.25388789694100233,0.9481853281853189,0.00017621166109188242,0.2722465761707527,0.38442688347707527,39.86487035816305,1.262514415068543,209321984,79806464,6041600,424349696,98369536,335196160,39600128,4542464,280920064,92585984,4718592,2875392,301346816,519045120,45850624,2134297.7467938806,0,458476.3741562198,29209.730517115804,0,0,0,1592004.44197668,14,9,8,4,11,20,6,6,3,11,1,3,7,34,16,9.533,4,26.136,1.933,1.667,1.8,17.6,0.015460251046025107,0.003211180124223603,0.03595779220779221,0.04517045454545455,0.0025833333333333333,0.0030681818181818184,0.01214285714285716,0.02459832635983264,0.0049801242236024845,0.18771428571428556,0.1665625,0.004516666666666666,0.004722727272727273,0.09962962962962965
1705784050,1.4720034883422826,3.3078279283352026,0.17481405862622185,0.16057615519154192,4.872351668617181,0.8880564687948806,0.4635999276759882,0.07988318518173793,0.2477140683418279,0.9481853281853189,0.00017234842927841282,0.2722465761707527,0.38442688347707527,39.86487035816305,1.262514415068543,209321984,79806464,6041600,424349696,98369536,335196160,39600128,4542464,280920064,92585984,4718592,2875392,301346816,519045120,45850624,2134297.7467938806,0,555448.4088717455,28499.43328824611,0,0,0,1592004.44197668,14,9,8,4,11,20,6,6,3,11,1,3,7,34,16,9.533,4,26.136,1.933,1.667,1.8,17.6,0.015460251046025107,0.003211180124223603,0.03595779220779221,0.04517045454545455,0.0025833333333333333,0.0030681818181818184,0.01214285714285716,0.02459832635983264,0.0049801242236024845,0.18771428571428556,0.1665625,0.004516666666666666,0.004722727272727273,0.09962962962962965
1705784051,1.2668511799517344,3.3078279283352026,0.17481405862622185,0.16412789992322022,4.872351668617181,0.9059167225792817,0.4635999276759882,0.07988318518173793,0.2415402397426534,0.9481853281853189,0.0001684851974649432,0.2722465761707527,0.38442688347707527,39.86487035816305,1.262514415068543,209321984,79806464,6041600,424349696,98369536,335196160,39600128,4542464,280920064,92585984,4718592,2875392,301346816,519045120,45850624,2134297.7467938806,0,555448.4088717455,27789.136059376408,0,0,0,1592004.44197668,14,9,8,4,11,20,6,6,3,11,1,3,7,34,16,9.533,4,26.136,1.933,1.667,1.8,17.6,0.015460251046025107,0.003211180124223603,0.03595779220779221,0.04517045454545455,0.0025833333333333333,0.0030681818181818184,0.01214285714285716,0.02459832635983264,0.0049801242236024845,0.18771428571428556,0.1665625,0.004516666666666666,0.004722727272727273,0.09962962962962965
1705784052,1.242317788479363,3.3078279283352026,0.17481405862622185,0.16767964465489854,4.872351668617181,0.9064882507003824,0.4635999276759882,0.07988318518173793,0.23536641114347887,0.7190040725726826,0.00016462196565147363,0.2722465761707527,0.2132001064384745,39.86487035816305,1.262514415068543,209321984,79806464,6041600,424349696,98369536,335196160,39600128,4542464,280920064,92585984,4718592,2875392,301346816,519045120,45850624,2134297.7467938806,0,555448.4088717455,27078.83883050671,0,0,0,1592004.44197668,14,9,8,4,11,20,6,6,3,11,1,3,7,34,16,9.533,4,26.136,1.933,1.667,1.8,17.6,0.015460251046025107,0.003211180124223603,0.03595779220779221,0.04517045454545455,0.0025833333333333333,0.0030681818181818184,0.01214285714285716,0.02459832635983264,0.0049801242236024845,0.18771428571428556,0.1665625,0.004516666666666666,0.004722727272727273,0.09962962962962965
1705784053,1.217784397006992,3.3078279283352026,0.17481405862622185,0.1712313893865768,4.872351668617181,1.025695620614539,0.4635999276759882,0.07988318518173793,0.22919258254430436,0.7341935239402576,0,0.2722465761707527,0.21903752687048922,39.80521621477277,1.262514415068543,209321984,79806464,6041600,424349696,98369536,335208448,39600128,4542464,280920064,92585984,4718592,2875392,301346816,333705216,45850624,2134297.7467938806,0,555448.4088717455,26368.541601637007,0,0,0,1592004.44197668,14,9,8,4,11,21,6,6,3,11,1,3,7,34,16,9.533,4,26.136,1.933,1.667,1.8,17.6,0.015460251046025107,0.003211180124223603,0.03595779220779221,0.04517045454545455,0.0025833333333333333,0.0030681818181818184,0.01214285714285716,0.02459832635983264,0.0049801242236024845,0.18771428571428556,0.1665625,0.004516666666666666,0.004722727272727273,0.09962962962962965
1705784054,2.440736853340931,3.3078279283352026,0.17481405862622185,0.21310468390069817,4.872351668617181,1.025695620614539,0.4635999276759882,0.07988318518173793,0.22301875394512993,0.6161524999999913,0,0.2722465761707527,0.224874947302504,39.80521621477277,1.262514415068543,213549056,79806464,6041600,424349696,98369536,335208448,39600128,4542464,280920064,92585984,4718592,2875392,301346816,333705216,45850624,2134297.7467938806,0,555448.4088717455,25658.24437276732,0,0,0,1592004.44197668,15,9,8,4,11,21,6,6,3,11,1,3,7,34,16,9.533,4,26.136,1.933,1.667,1.8,17.6,0.015460251046025107,0.003211180124223603,0.03595779220779221,0.04517045454545455,0.0025833333333333333,0.0030681818181818184,0.01214285714285716,0.02459832635983264,0.0049801242236024845,0.18771428571428556,0.1665625,0.004516666666666666,0.004722727272727273,0.09962962962962965
1705784055,2.440736853340931,3.3078279283352026,0.17481405862622185,0.21310468390069817,4.669021763721125,1.025695620614539,0.45939868945136814,0.07988318518173793,0.21063113888073107,0.7709037457829971,0,0.2722465761707527,0.23071236773451873,39.80521621477277,1.2640609924190178,213549056,79806464,6041600,424349696,99237888,335208448,39612416,4542464,280920064,92590080,4718592,2875392,301346816,333705216,45867008,2134297.7467938806,0,552588.9759732751,0,0,0,0,1524355.6168159891,15,9,8,4,14,21,6,6,3,11,1,3,7,34,16,9.533,4,26.136,1.933,1.667,1.8,17.6,0.015460251046025107,0.003211180124223603,0.03595779220779221,0.04517045454545455,0.0025833333333333333,0.0030681818181818184,0.01214285714285716,0.02459832635983264,0.0049801242236024845,0.18771428571428556,0.1665625,0.004516666666666666,0.004722727272727273,0.09962962962962965
1705784056,2.440736853340931,3.3078279283352026,0.17481405862622185,0.16998472698575776,4.669021763721125,1.025695620614539,0.45939868945136814,0.07988318518173793,0.4262814784727907,0.9119164218086794,0,0.2722465761707527,0.23654978816653346,39.80521621477277,1.2640609924190178,213549056,79806464,6041600,424349696,99237888,335208448,39612416,4542464,280920064,92590080,4718592,2875392,301346816,333705216,45867008,2134297.7467938806,0,552588.9759732751,33273.76116978067,0,0,0,1524355.6168159891,15,9,8,4,14,21,6,6,3,11,1,3,7,34,16,9.533,4.2,26.136,1.933,1.667,1.8,17.6,0.015460251046025107,0.0032531645569620253,0.03595779220779221,0.04517045454545455,0.0025833333333333333,0.0030681818181818184,0.01214285714285716,0.02459832635983264,0.005916666666666669,0.18771428571428556,0.1665625,0.004516666666666666,0.004722727272727273,0.09962962962962965
1705784057,2.440736853340931,3.3078279283352026,0.17481405862622185,0.22877600776386817,4.669021763721125,1.025695620614539,0.45939868945136814,0.07988318518173793,0.4262814784727907,0.9119164218086794,0,0.27711011793428,0.24238720859854823,39.722789589246545,1.2508163726820472,213549056,79806464,6041600,424374272,99237888,335208448,39612416,4542464,280920064,92590080,4718592,2875392,301346816,333705216,45867008,2134297.7467938806,0,552588.9759732751,33273.76116978067,0,0,0,1111533.2428765264,15,9,8,4,14,21,6,6,3,11,1,3,7,34,16,9.533,4.2,26.136,1.933,1.667,1.8,19.733,0.015460251046025107,0.0032531645569620253,0.03595779220779221,0.04517045454545455,0.0025833333333333333,0.0030681818181818184,0.013599999999999984,0.02459832635983264,0.005916666666666669,0.18771428571428556,0.1665625,0.004516666666666666,0.004722727272727273,0.16473684210526288
1705784058,2.6945805853938345,3.3078279283352026,0.17481405862622185,0.22877600776386817,4.669021763721125,1.025695620614539,0.45939868945136814,0.07988318518173793,0.4262814784727907,0.9119164218086794,0,0.27711011793428,0.24822462903056294,39.722789589246545,1.2508163726820472,213549056,79806464,6041600,424374272,99237888,335208448,39612416,4542464,280920064,92590080,4718592,2875392,301346816,333705216,45867008,2134297.7467938806,0,552588.9759732751,33273.76116978067,0,0,0,1111533.2428765264,15,9,8,4,14,21,6,6,3,11,1,3,7,34,16,9.533,4.2,26.136,1.933,2.2,1.8,19.733,0.015460251046025107,0.0032531645569620253,0.03595779220779221,0.04517045454545455,0.0025945945945945945,0.0030681818181818184,0.013599999999999984,0.02459832635983264,0.005916666666666669,0.18771428571428556,0.1665625,0.004518918918918919,0.004722727272727273,0.16473684210526288
1705784059,2.6945805853938345,3.3078279283352026,0.17076479565881122,0.22877600776386817,4.669021763721125,1.025695620614539,0.45939868945136814,0.06720483610244965,0.4262814784727907,0.9119164218086794,0,0.27711011793428,0.2540620494625777,39.722789589246545,1.2508163726820472,213549056,79806464,6041600,424374272,99237888,335208448,39612416,4542464,280920064,92590080,4718592,2875392,301346816,333705216,45867008,2134297.7467938806,0,552588.9759732751,33273.76116978067,0,0,0,1111533.2428765264,15,9,8,4,14,21,6,6,3,11,1,3,7,34,16,9.533,4.2,26.136,1.933,2.2,2.133,19.733,0.015460251046025107,0.0032531645569620253,0.03595779220779221,0.04517045454545455,0.0025945945945945945,0.003070588235294118,0.013599999999999984,0.02459832635983264,0.005916666666666669,0.18771428571428556,0.1665625,0.004518918918918919,0.0047270588235294115,0.16473684210526288
1705784060,2.6945805853938345,3.3078279283352026,0.17076479565881122,0.22877600776386817,4.669021763721125,1.025695620614539,0.45939868945136814,0.04841500000000055,0.4262814784727907,0.9119164218086794,0,0.27711011793428,0.25989946989459245,39.722789589246545,1.2508163726820472,213549056,79806464,6041600,424374272,99237888,335208448,39612416,4542464,280920064,92590080,4718592,2875392,301346816,333705216,45867008,2134297.7467938806,0,552588.9759732751,33273.76116978067,0,0,0,1111533.2428765264,15,9,8,4,14,21,6,6,3,11,1,3,7,34,16,9.8,4.2,26.136,2.2,2.467,2.4,20.533,0.015679916317991635,0.0032531645569620253,0.03595779220779221,0.0440625,0.0025588235294117644,0.0030759493670886075,0.013124999999999989,0.024692468619246868,0.005916666666666669,0.18771428571428556,0.167,0.004511764705882353,0.004736708860759494,0.18099999999999972
1705784061,2.6945805853938345,3.3078279283352026,0.17076479565881122,0.22877600776386817,4.669021763721125,1.025695620614539,0.45939868945136814,0.04841500000000055,0.4262814784727907,0.9119164218086794,0,0.27711011793428,0.26573689032660713,39.722789589246545,1.2508163726820472,213549056,79806464,6041600,424374272,99237888,335208448,39612416,4542464,280920064,92590080,4718592,2875392,301346816,333705216,45867008,2134297.7467938806,0,552588.9759732751,33273.76116978067,0,0,0,1111533.2428765264,15,9,8,4,14,21,6,6,3,11,1,3,7,34,16,9.8,4.2,26.136,2.2,2.467,2.4,20.533,0.015679916317991635,0.0032531645569620253,0.03595779220779221,0.0440625,0.0025588235294117644,0.0030759493670886075,0.013124999999999989,0.024692468619246868,0.005916666666666669,0.18771428571428556,0.167,0.004511764705882353,0.004736708860759494,0.18099999999999972
1705784062,2.6945805853938345,2.834303171983106,0.1710451556509127,0.22877600776386817,4.669021763721125,1.025695620614539,0.45939868945136814,0.08543604784382,0.4262814784727907,0.9119164218086794,0,0.27711011793428,0.27157431075862193,39.722789589246545,1.2508163726820472,213549056,79806464,6033408,424374272,99237888,335208448,39612416,4546560,280920064,92590080,4718592,2875392,301346816,333705216,45867008,1828767.0957354843,0,552588.9759732751,33273.76116978067,0,0,0,1111533.2428765264,15,9,8,4,14,21,6,6,3,11,1,3,7,34,16,9.8,4.2,26.136,2.2,2.467,2.4,20.533,0.015679916317991635,0.0032531645569620253,0.03595779220779221,0.0440625,0.0025588235294117644,0.0030759493670886075,0.013124999999999989,0.024692468619246868,0.005916666666666669,0.18771428571428556,0.167,0.004511764705882353,0.004736708860759494,0.18099999999999972
1705784063,2.6945805853938345,2.779172706510853,0.1710451556509127,0.22877600776386817,4.669021763721125,1.025695620614539,0.45939868945136814,0.08543604784382,0.4262814784727907,0.9119164218086794,0,0.27711011793428,0.3437255821788514,39.722789589246545,1.2508163726820472,213549056,79806464,6033408,424374272,99237888,335208448,39612416,4546560,280920064,92590080,4718592,2875392,301342720,333705216,45867008,1793195.466622253,0,552588.9759732751,33273.76116978067,0,0,0,1111533.2428765264,15,9,8,4,14,21,6,6,3,11,1,3,7,34,16,7.733,3.8,23.869,2.4,2.467,2.4,19.933,0.01582618025751073,0.003270967741935484,0.03598360655737704,0.0428125,0.0025588235294117644,0.0030759493670886075,0.013191489361702119,0.025258620689655214,0.006416666666666671,0.19142857142857148,0.16964285714285723,0.004511764705882353,0.004736708860759494,0.18700000000000075
1705784064,2.6945805853938345,2.7240422410386,0.1710451556509127,0.22877600776386817,4.669021763721125,1.025695620614539,0.45939868945136814,0.08543604784382,0.42628147847279063,0.9119164218086793,0,0.27711011793428,0.3510055131798755,39.722789589246545,1.2508163726820472,213549056,79806464,6033408,424374272,99237888,335208448,39612416,4546560,280920064,92590080,4718592,2875392,301342720,333705216,45867008,1757623.8375090219,0,552588.9759732751,33273.761169780664,0,0,0,1111533.2428765264,15,9,8,4,14,21,6,6,3,11,1,3,7,34,16,7.733,3.8,22,2.4,2.467,2.4,19.933,0.01582618025751073,0.003270967741935484,0.03596854304635761,0.0428125,0.0025588235294117644,0.0030759493670886075,0.013191489361702119,0.025258620689655214,0.006416666666666671,0.19499999999999992,0.16964285714285723,0.004511764705882353,0.004736708860759494,0.18700000000000075
1705784065,2.6945805853938345,2.8007386908104044,0.1710451556509127,0.22877600776386817,4.669021763721125,1.025695620614539,0.45939868945136814,0.08543604784382,0.42628147847279063,0.9133777878239848,0,0.27711011793428,0.4367958600614435,39.757080711409756,1.2508163726820472,213549056,79806464,6033408,424374272,99237888,335208448,39612416,4546560,280920064,92590080,4718592,2875392,301342720,322031616,45867008,1895058.8059142807,0,552588.9759732751,33273.761169780664,0,0,0,1111533.2428765264,15,9,8,4,14,21,6,6,3,11,1,3,7,34,16,7.733,3.8,22,2.4,2.467,2.4,19.933,0.01582618025751073,0.003270967741935484,0.03596854304635761,0.0428125,0.0025588235294117644,0.0030759493670886075,0.013191489361702119,0.025258620689655214,0.006416666666666671,0.19499999999999992,0.16964285714285723,0.004511764705882353,0.004736708860759494,0.18700000000000075
1705784066,2.6945805853938345,2.743027199139059,0.1710451556509127,0.22877600776386817,4.669021763721125,1.025695620614539,0.47492597624272875,0.08543604784382,0.4680905847681073,0.9133777878239848,0,0.2809039118875824,0.4367958600614435,39.757080711409756,1.2508163726820472,213549056,79806464,6033408,424374272,99237888,335208448,39636992,4546560,280920064,92590080,4718592,2875392,301342720,322031616,45867008,1856009.5826314806,0,784756.331208416,50826.74111990073,0,0,0,1111533.2428765264,15,9,8,4,14,21,6,6,3,11,1,3,7,34,16,7.733,3.8,22,2.4,2.467,2.4,19.933,0.01582618025751073,0.003270967741935484,0.03596854304635761,0.0428125,0.0025588235294117644,0.0030759493670886075,0.013191489361702119,0.025258620689655214,0.006416666666666671,0.19499999999999992,0.16964285714285723,0.004511764705882353,0.004736708860759494,0.18700000000000075
1705784067,2.6945805853938345,3.28061462307929,0.1710451556509127,0.22877600776386817,4.669021763721125,1.067716005784774,0.47492597624272875,0.08543604784382,0.4680905847681073,0.9133777878239848,0,0.2809039118875824,0.4367958600614435,39.757080711409756,1.2508163726820472,213549056,79847424,6033408,424374272,99237888,335175680,39636992,4546560,280920064,92590080,4718592,2875392,301342720,322031616,45867008,1850106.218418067,0,784756.331208416,50826.74111990073,0,0,0,1111533.2428765264,15,9,8,4,14,15,6,6,3,11,1,3,7,34,16,7.733,3.8,22,2.4,2.467,2.4,19.933,0.01582618025751073,0.003270967741935484,0.03596854304635761,0.0428125,0.0025588235294117644,0.0030759493670886075,0.013191489361702119,0.025258620689655214,0.006416666666666671,0.19499999999999992,0.16964285714285723,0.004511764705882353,0.004736708860759494,0.18700000000000075
1705784068,2.6945805853938345,3.28061462307929,0.1710451556509127,0.22877600776386817,4.669021763721125,1.1369308774834326,0.4806718517292737,0.08543604784382,0.4680905847681073,0.9133777878239848,0,0.2809039118875824,0.4367958600614435,39.757080711409756,1.2605763810597506,213549056,79847424,6033408,424374272,99237888,335175680,39636992,4546560,280920064,92590080,4718592,2875392,301342720,322031616,45953024,1850106.218418067,0,900517.7182572515,50826.74111990073,0,0,0,1067869.2220969563,15,9,8,4,14,15,6,6,3,11,1,3,7,34,16,7.733,3.8,22,2.4,2.467,2.4,19.933,0.01582618025751073,0.003270967741935484,0.03596854304635761,0.0428125,0.0025588235294117644,0.0030759493670886075,0.013191489361702119,0.025258620689655214,0.006416666666666671,0.19499999999999992,0.16964285714285723,0.004511764705882353,0.004736708860759494,0.18700000000000075
1705784069,3.2933987835515004,3.28061462307929,0.1710451556509127,0.23286477888545876,4.669021763721125,1.1369308774834326,0.4806718517292737,0.08543604784382,0.4680905847681073,0.9133777878239848,0,0.2809039118875824,0.4367958600614435,39.757080711409756,1.2605763810597506,213549056,79847424,6033408,424374272,99237888,335175680,39636992,4546560,280920064,92590080,4718592,2875392,301342720,322031616,45953024,1850106.218418067,0,900517.7182572515,50826.74111990073,0,0,0,1067869.2220969563,15,9,8,4,14,15,6,6,3,11,1,3,7,34,16,7.733,3.8,22,2.4,2.467,2.4,19.933,0.01582618025751073,0.003270967741935484,0.03596854304635761,0.0428125,0.0025588235294117644,0.0030759493670886075,0.013191489361702119,0.025258620689655214,0.006416666666666671,0.19499999999999992,0.16964285714285723,0.004511764705882353,0.004736708860759494,0.18700000000000075
1705784070,2.640079005310171,3.28061462307929,0.1710451556509127,0.23286477888545876,4.625230102869533,1.1369308774834326,0.4806718517292737,0.08543604784382,0.4680905847681073,0.9133777878239848,0,0.2809039118875824,0.4367958600614435,39.757080711409756,1.2605763810597506,212492288,79847424,6033408,424374272,105721856,335175680,39636992,4546560,280920064,92590080,4718592,2875392,301342720,322031616,45953024,1850106.218418067,0,900517.7182572515,50826.74111990073,0,0,0,1067869.2220969563,15,9,8,4,11,15,6,6,3,11,1,3,7,34,16,7.733,3.8,22,2.4,2.467,2.4,19.933,0.01582618025751073,0.003270967741935484,0.03596854304635761,0.0428125,0.0025588235294117644,0.0030759493670886075,0.013191489361702119,0.025258620689655214,0.006416666666666671,0.19499999999999992,0.16964285714285723,0.004511764705882353,0.004736708860759494,0.18700000000000075
1705784071,2.640079005310171,3.2806146230792907,0.17875704265838688,0.23286477888545876,2.9685843701670005,1.1369308774834326,0.4806718517292737,0.08543604784382,0.4680905847681073,0.9133777878239848,0,0.2809039118875824,0.4367958600614435,39.757080711409756,1.2735212863922964,212492288,79847424,6033408,424374272,105721856,335175680,39636992,4546560,280920064,92590080,4718592,2875392,301342720,322031616,45953024,1850106.2184180676,0,900517.7182572515,50826.74111990073,0,0,0,1073542.5373662962,15,9,8,4,11,15,6,6,3,11,1,3,7,34,16,7.733,4,22,2.4,2.467,2.4,19.933,0.01582618025751073,0.0032531645569620253,0.03596854304635761,0.0428125,0.0025588235294117644,0.0030759493670886075,0.013191489361702119,0.025258620689655214,0.0059166666666666595,0.19499999999999992,0.16964285714285723,0.004511764705882353,0.004736708860759494,0.18700000000000075
1705784072,2.640079005310171,3.2806146230792907,0.17875704265838688,0.23286477888545876,3.0419139826603963,1.1369308774834326,0.4806718517292737,0.08543604784382,0.4680905847681073,0.7894639556900432,0,0.2809039118875824,0.4367958600614435,39.757080711409756,1.2735212863922964,212492288,79847424,6033408,424374272,105721856,335175680,39636992,4546560,280920064,92590080,4718592,2875392,301342720,322031616,45953024,1850106.2184180676,0,900517.7182572515,50826.74111990073,0,0,0,1073542.5373662962,15,9,8,4,11,15,6,6,3,11,1,3,7,34,16,7.733,4,22,2.4,2.467,2.4,17.6,0.01582618025751073,0.0032531645569620253,0.03596854304635761,0.0428125,0.0025588235294117644,0.0030759493670886075,0.009872549019607841,0.025258620689655214,0.0059166666666666595,0.19499999999999992,0.16964285714285723,0.004511764705882353,0.004736708860759494,0.18749999999999933
1705784073,2.640079005310171,3.2806146230792907,0.17875704265838688,0.23286477888545876,3.115243595153791,1.1369308774834326,0.4806718517292737,0.09035669278395683,0.684758598286436,0.8048112332112339,0,0.2809039118875824,0.4367958600614435,39.757080711409756,1.2735212863922964,212492288,79847424,6033408,424374272,105721856,335175680,39636992,4550656,280940544,92590080,4718592,2875392,301342720,322031616,45953024,1850106.2184180676,0,900517.7182572515,66528.6068136598,0,0,0,1073542.5373662962,15,9,8,4,11,15,6,6,3,11,1,3,7,34,16,7.733,4,22,2.4,2.2,2.4,17.6,0.01582618025751073,0.0032531645569620253,0.03596854304635761,0.0428125,0.002428571428571429,0.0030759493670886075,0.009872549019607841,0.025258620689655214,0.005916666666666669,0.19499999999999992,0.16964285714285723,0.004485714285714286,0.004736708860759494,0.18749999999999933
1705784074,2.640079005310171,3.2806146230792907,0.17875704265838688,0.23286477888545876,3.188573207647187,1.1369308774834326,0.4806718517292737,0.09035669278395683,0.684758598286436,0.9208366512714345,0,0.2809039118875824,0.4367958600614435,39.757080711409756,1.2735212863922964,212492288,79847424,6033408,424374272,105721856,335175680,39636992,4550656,280940544,92590080,4718592,2875392,301342720,322031616,45953024,1850106.2184180676,0,900517.7182572515,66528.6068136598,0,0,0,1073542.5373662962,15,9,8,4,11,15,6,6,3,11,1,3,7,34,16,7.733,4,22,2.4,2.2,2.133,17.6,0.01582618025751073,0.0032531645569620253,0.03596854304635761,0.0428125,0.002428571428571429,0.003075,0.009872549019607841,0.025258620689655214,0.005916666666666669,0.19499999999999992,0.16964285714285723,0.004485714285714286,0.0047350000000000005,0.18749999999999933
1705784075,2.640079005310171,3.2806146230792907,0.17875704265838688,0.20150240805629463,3.2619028201405817,1.1369308774834326,0.4806718517292737,0.09035669278395683,0.684758598286436,0.9208366512714345,0,0.2809039118875824,0.4367958600614435,39.757080711409756,1.2735212863922964,212492288,79847424,6033408,424374272,105721856,335175680,39636992,4550656,280940544,92590080,4718592,2875392,301342720,322031616,45953024,1850106.2184180676,0,900517.7182572515,66528.6068136598,0,0,0,1073542.5373662962,15,9,8,4,11,15,6,6,3,11,1,3,7,34,16,7.467,4,22,2.133,1.933,1.867,16.8,0.01564130434782609,0.0032531645569620253,0.03596854304635761,0.03895348837209302,0.002454545454545454,0.003023529411764706,0.009555555555555555,0.025086206896551774,0.005916666666666669,0.19499999999999992,0.1366666666666667,0.004490909090909091,0.004642352941176471,0.1900000000000004
1705784076,2.640079005310171,3.2806146230792907,0.17875704265838688,0.24404320630140044,3.335232432633977,1.1369308774834326,0.4806718517292737,0.09035669278395683,0.684758598286436,0.9208366512714345,0,0.28133030092160294,0.4367958600614435,39.758966708542815,1.2735212863922964,212492288,79847424,6033408,424374272,105721856,335175680,39636992,4550656,280940544,92590080,4718592,3010560,301342720,322031616,45953024,1850106.2184180676,0,900517.7182572515,66528.6068136598,0,0,0,1073542.5373662962,15,9,8,4,11,15,6,6,3,11,1,3,7,34,16,7.467,4,22,2.133,1.933,1.867,16.8,0.01564130434782609,0.0032531645569620253,0.03596854304635761,0.03895348837209302,0.002454545454545454,0.003023529411764706,0.009555555555555555,0.025086206896551774,0.005916666666666669,0.19499999999999992,0.1366666666666667,0.004490909090909091,0.004642352941176471,0.1900000000000004
1705784077,2.640079005310171,3.2806146230792907,0.17875704265838688,0.24404320630140044,3.4085620451273733,1.1369308774834326,0.4806718517292737,0.09035669278395683,0.684758598286436,0.9208366512714345,0,0.28133030092160294,0.4367958600614435,39.758966708542815,1.2735212863922964,212492288,79847424,6033408,424374272,105721856,335175680,39636992,4550656,280940544,92590080,4718592,3010560,301342720,322031616,45953024,1850106.2184180676,0,900517.7182572515,66528.6068136598,0,0,0,1073542.5373662962,15,9,8,4,11,15,6,6,3,11,1,3,7,34,16,7.467,4,22,2.133,1.933,1.867,16.8,0.01564130434782609,0.0032531645569620253,0.03596854304635761,0.03895348837209302,0.002454545454545454,0.003023529411764706,0.009555555555555555,0.025086206896551774,0.005916666666666669,0.19499999999999992,0.1366666666666667,0.004490909090909091,0.004642352941176471,0.1900000000000004
1705784078,2.640079005310171,3.320278797739693,0.1787570426583869,0.24404320630140044,3.4818916576207686,1.1369308774834326,0.4806718517292737,0.09145576809487026,0.684758598286436,0.9208366512714345,0,0.2293299349722632,0.4367958600614435,39.758966708542815,1.2735212863922964,212492288,79867904,6033408,424374272,105721856,335175680,39636992,4550656,280940544,92590080,4718592,3010560,301342720,322031616,45953024,1305863.9871594731,0,900517.7182572515,66528.6068136598,0,0,0,1073542.5373662962,15,9,8,4,11,15,6,6,3,11,1,3,7,34,16,7.4,4.067,22.667,1.733,1.933,1.867,15.667,0.015657894736842107,0.0032125,0.03616504854368932,0.037239583333333326,0.002454545454545454,0.003023529411764706,0.00945970695970696,0.027187500000000028,0.0049825,0.19911764705882354,0.09625,0.004490909090909091,0.004642352941176471,0.19107142857142945
1705784079,2.640079005310171,3.320278797739693,0.1787570426583869,0.24404320630140044,3.555221270114164,0.9408387632401146,0.4806718517292737,0.09145576809487026,0.684758598286436,0.7948661973775023,0,0.2841025364855374,0.4184203679613348,39.758966708542815,1.2735212863922964,212492288,79867904,6033408,424374272,105721856,335216640,39636992,4550656,280940544,92590080,4718592,3010560,301342720,322031616,45953024,1305863.9871594731,0,900517.7182572515,66528.6068136598,0,0,0,1073542.5373662962,15,9,8,4,11,17,6,6,3,11,1,3,7,34,16,7.4,4.067,23.933,1.733,1.933,1.867,15.667,0.015657894736842107,0.0032125,0.03621496428643378,0.037239583333333326,0.002454545454545454,0.003023529411764706,0.00945970695970696,0.027187500000000028,0.0049825,0.20272726844185465,0.09625,0.004490909090909091,0.004642352941176471,0.19107142857142945
1705784080,2.640079005310171,3.320278797739693,0.1787570426583869,0.24404320630140044,3.628550882607559,1.1185222341467354,0.4806718517292737,0.09145576809487026,0.684758598286436,0.931828124702799,0,0.2841025364855374,0.4184203679613348,39.758966708542815,1.28835636523588,212492288,79867904,6033408,424374272,105721856,335216640,39636992,4550656,280940544,92598272,4718592,3010560,301342720,322031616,45977600,1305863.9871594731,0,900517.7182572515,66528.6068136598,0,0,0,1516425.3509768704,15,9,8,4,11,17,6,6,3,11,1,3,7,34,16,7.4,4.067,23.933,1.733,1.933,1.867,15.667,0.015657894736842107,0.0032125,0.03621496428643378,0.037239583333333326,0.002454545454545454,0.003023529411764706,0.00945970695970696,0.027187500000000028,0.0049825,0.20272726844185465,0.09625,0.004490909090909091,0.004642352941176471,0.19107142857142945
1705784081,2.463993138215957,3.320278797739693,0.1459700217507944,0.24404320630140044,3.7018804951009545,1.1185222341467354,0.4104550405887438,0.09145576809487026,0.684758598286436,0.931828124702799,0,0.2841025364855374,0.4184203679613348,39.758966708542815,1.28835636523588,211476480,79867904,6033408,424374272,105721856,335216640,39636992,4550656,280940544,92598272,4718592,3010560,301342720,322031616,45977600,1305863.9871594731,0,768969.589686611,66528.6068136598,0,0,0,1516425.3509768704,14,9,8,4,11,17,6,6,3,11,1,3,7,34,16,7.4,4.067,23.933,1.733,1.933,1.867,15.667,0.015657894736842107,0.0032125,0.03621496428643378,0.037239583333333326,0.002454545454545454,0.003023529411764706,0.00945970695970696,0.027187500000000028,0.0049825,0.20272726844185465,0.09625,0.004490909090909091,0.004642352941176471,0.19107142857142945
1705784082,2.463993138215957,3.320278797739693,0.14299073770648796,0.24404320630140044,4.3997767496037214,1.1185222341467354,0.40244384305992265,0.09145576809487026,0.684758598286436,0.931828124702799,0,0.2841025364855374,0.4184203679613348,39.758966708542815,1.28835636523588,211476480,79867904,6033408,424374272,105721856,335216640,39636992,4550656,280940544,92598272,4718592,3010560,301342720,322031616,45977600,1305863.9871594731,0,753960.9610489903,66528.6068136598,0,0,0,1516425.3509768704,14,9,8,4,11,17,6,6,3,11,1,3,7,34,16,7.4,4.067,23.933,1.733,1.933,1.867,15.667,0.015657894736842107,0.0032125,0.03621496428643378,0.037239583333333326,0.002454545454545454,0.003023529411764706,0.00945970695970696,0.027187500000000028,0.0049825,0.20272726844185465,0.09625,0.004490909090909091,0.004642352941176471,0.19107142857142945
1705784083,2.463993138215957,3.320278797739693,0.14001145366218154,0.24404320630140044,4.3997767496037214,1.1185222341467354,0.297082500000001,0.09145576809487026,0.6636461532209164,0.931828124702799,0,0.2841025364855374,0.4184203679613348,32.80313548288324,1.28835636523588,211476480,79867904,6033408,424374272,105721856,335216640,39636992,4550656,280940544,92598272,4718592,3010560,301342720,322031616,45977600,1305863.9871594731,0,665600,58338.1365924359,0,0,0,1516425.3509768704,14,9,8,4,11,17,6,6,3,11,1,3,7,34,16,7.4,4.067,23.933,1.733,1.933,1.867,15.667,0.015657894736842107,0.0032125,0.03621496428643378,0.037239583333333326,0.002454545454545454,0.003023529411764706,0.00945970695970696,0.027187500000000028,0.0049825,0.20272726844185465,0.09625,0.004490909090909091,0.004642352941176471,0.19107142857142945
1705784084,2.7423595836829335,3.320278797739693,0.13703216961787507,0.2508415376445114,4.3997767496037214,1.1185222341467354,0.297082500000001,0.09145576809487026,0.681898498638783,0.931828124702799,0,0.2841025364855374,0.4184203679613348,32.14048603774087,1.28835636523588,211476480,79867904,6033408,424378368,105721856,335216640,39636992,4550656,280940544,92598272,4718592,3010560,301342720,322031616,45977600,1305863.9871594731,0,665600,59942.61785847191,0,0,0,1516425.3509768704,14,9,8,4,11,17,6,6,3,11,1,3,7,34,16,7.4,4.067,23.933,1.733,1.933,1.867,15.667,0.015657894736842107,0.0032125,0.03621496428643378,0.037239583333333326,0.002454545454545454,0.003023529411764706,0.00945970695970696,0.027187500000000028,0.0049825,0.20272726844185465,0.09625,0.004490909090909091,0.004642352941176471,0.19107142857142945
1705784085,2.7423595836829335,3.320278797739693,0.183330741182366,0.2508415376445114,4.3997767496037214,1.1185222341467354,0.297082500000001,0.09145576809487026,0.7001508440566495,0.931828124702799,0,0.2841025364855374,0.4184203679613348,31.477836592598486,1.28835636523588,211476480,79867904,6033408,424378368,105721856,335216640,39636992,4550656,280940544,92598272,4718592,3010560,301342720,322031616,45977600,1305863.9871594731,0,665600,61547.099124507906,0,0,0,1516425.3509768704,14,9,8,4,11,17,6,6,3,11,1,3,7,34,16,7.4,4.067,23.933,1.733,1.933,1.867,15.667,0.015657894736842107,0.0032125,0.03621496428643378,0.037239583333333326,0.002454545454545454,0.003023529411764706,0.00945970695970696,0.027187500000000028,0.0049825,0.20272726844185465,0.09625,0.004490909090909091,0.004642352941176471,0.19107142857142945
1705784086,2.7423595836829335,3.320278797739693,0.183330741182366,0.2508415376445114,4.3997767496037214,1.1185222341467354,0.297082500000001,0.09145576809487026,0.718403189474516,0.931828124702799,0,0.2841025364855374,0.45613670476849527,30.815187147456108,1.0494469512551061,211476480,79867904,6033408,424378368,105721856,335216640,39636992,4550656,280940544,92598272,4718592,3010560,301342720,322031616,45977600,1305863.9871594731,0,665600,63151.5803905439,0,0,0,1403571.7187890918,14,9,8,4,11,17,6,6,3,11,1,3,7,34,16,7.4,4,23.933,1.733,1.933,1.867,15.667,0.015657894736842107,0.0032085889570552147,0.03621496428643378,0.037239583333333326,0.002454545454545454,0.003023529411764706,0.00945970695970696,0.027187500000000028,0.004975460122699386,0.20272726844185465,0.09625,0.004490909090909091,0.004642352941176471,0.19107142857142945
1705784087,2.7423595836829335,3.320278797739693,0.18294420781405962,0.2508415376445114,3.65751607954245,1.1185222341467354,0.297082500000001,0.08926513956518828,0.7366555348923824,0.9315333137944581,0,0.2901963685556641,0.45613670476849527,30.15253770231372,1.0711564278069647,211476480,79867904,6033408,424378368,105721856,335216640,39636992,4546560,280940544,92598272,4718592,3010560,301342720,322031616,45977600,1305863.9871594731,0,665600,64756.0616565799,0,0,0,1432606.8284546745,14,9,8,4,11,17,6,6,3,11,1,3,7,34,16,7.4,4,23.933,1.733,1.933,1.867,18.2,0.015657894736842107,0.0032085889570552147,0.03621496428643378,0.037239583333333326,0.002454545454545454,0.003023529411764706,0.009562937062937064,0.027187500000000028,0.004975460122699386,0.20272726844185465,0.09625,0.004490909090909091,0.004642352941176471,0.20285714285714387
1705784088,2.7423595836829335,3.320278797739693,0.18294420781405962,0.2508415376445114,3.5841864670490553,1.1185222341467354,0.3534623746388786,0.08926513956518828,0.7549078803102489,0.9315333137944581,0,0.2901963685556641,0.45613670476849527,29.489888257171348,1.092865904358823,211476480,79867904,6033408,424378368,105721856,335216640,39636992,4546560,280940544,92598272,4718592,3010560,301342720,322031616,45977600,1305863.9871594731,0,791916.5772458384,66360.5429226159,0,0,0,1461641.9381202569,14,9,8,4,11,17,6,6,3,11,1,3,7,34,16,7.4,4,23.933,1.733,1.733,1.867,18.2,0.015657894736842107,0.0032085889570552147,0.03621496428643378,0.037239583333333326,0.0024571428571428574,0.003023529411764706,0.009562937062937064,0.027187500000000028,0.004975460122699386,0.20272726844185465,0.09625,0.0044914285714285716,0.004642352941176471,0.20285714285714387
1705784089,2.7423595836829335,3.320278797739693,0.18294420781405962,0.2508415376445114,3.51085685455566,1.1185222341467354,0.34528841673545313,0.09407447309945477,0.7731602257281154,0.9315333137944581,0,0.2901963685556641,0.45613670476849527,28.82723881202896,1.1145753809106813,211476480,79867904,6033408,424378368,105721856,335216640,39636992,4546560,280940544,92598272,4718592,3010560,301342720,322031616,45977600,1305863.9871594731,0,773603.1916357133,67965.02418865189,0,0,0,1490677.0477858393,14,9,8,4,11,17,6,6,3,11,1,3,7,34,16,7.4,4,23.933,1.733,1.733,1.733,18.2,0.015657894736842107,0.0032085889570552147,0.03621496428643378,0.037239583333333326,0.0024571428571428574,0.0030227272727272724,0.009562937062937064,0.027187500000000028,0.004975460122699386,0.20272726844185465,0.09625,0.0044914285714285716,0.0046409090909090905,0.20285714285714387
1705784090,2.7423595836829335,3.432741641337379,0.18294420781405962,0.2508415376445114,4.568508678710629,1.1185222341467354,0.33711445883202756,0.09407447309945477,0.588394353512755,0.9315333137944581,0,0.2901963685556641,0.45613670476849527,39.8499481537461,1.1362848574625395,211476480,79941632,6033408,424378368,110026752,335216640,39636992,4546560,280940544,92598272,4718592,3010560,301342720,460304384,45977600,1387268.7798523665,0,755289.8060255882,68409.64584711874,0,0,0,1519712.1574514217,14,9,8,4,13,17,6,6,3,11,1,3,7,34,16,7.267,4,23.933,1.6,1.6,1.6,17.8,0.01569868995633188,0.0032085889570552147,0.03621496428643378,0.03723958333333333,0.0024722222222222224,0.0030681818181818184,0.00965277777777778,0.027812500000000028,0.004975460122699386,0.20272726844185465,0.09576923076923083,0.004494444444444444,0.0047227272727272725,0.22857142857142856
1705784091,2.7423595836829335,3.432741641337379,0.18294420781405962,0.2508415376445114,4.568508678710629,1.0956174205703189,0.4854894465004679,0.09407447309945477,0.6019083115284247,0.9315333137944581,0,0.2901963685556641,0.45613670476849527,39.8499481537461,1.3025685931114983,211476480,79941632,6033408,424378368,110026752,335327232,39653376,4546560,280940544,92598272,4718592,3010560,301342720,460304384,45977600,1387268.7798523665,0,916182.0326162104,69980.84563230626,0,0,0,1742106.5799349516,14,9,8,4,13,16,6,6,3,11,1,3,7,34,16,7.267,4,23.933,1.6,1.6,1.6,17.8,0.01569868995633188,0.0032085889570552147,0.03621496428643378,0.03723958333333333,0.0024722222222222224,0.0030681818181818184,0.00965277777777778,0.027812500000000028,0.004975460122699386,0.20272726844185465,0.09576923076923083,0.004494444444444444,0.0047227272727272725,0.22857142857142856
1705784092,2.7423595836829335,3.2491912553022875,0.18294420781405962,0.2508415376445114,4.568508678710629,1.0956174205703189,0.4854894465004679,0.09407447309945477,0.6154222695440945,0.9315333137944581,0,0.2901963685556641,0.45613670476849527,39.8499481537461,1.3025685931114983,211476480,79941632,6033408,424378368,110026752,335327232,39653376,4546560,280940544,92598272,4718592,3010560,301342720,460304384,45977600,1326956.6028061344,0,916182.0326162104,71552.04541749379,0,0,0,1742106.5799349516,14,9,8,4,13,16,6,6,3,11,1,3,7,34,16,7.267,4,23.933,1.6,1.6,1.6,17.8,0.01569868995633188,0.0032085889570552147,0.03621496428643378,0.03723958333333333,0.0024722222222222224,0.0030681818181818184,0.00965277777777778,0.027812500000000028,0.004975460122699386,0.20272726844185465,0.09576923076923083,0.004494444444444444,0.0047227272727272725,0.22857142857142856
1705784093,2.7423595836829335,3.2491912553022875,0.18294420781405962,0.2508415376445114,4.568508678710629,1.0956174205703189,0.4854894465004679,0.09407447309945477,0.6289362275597643,0.9315333137944581,0,0.2901963685556641,0.45613670476849527,39.93223825937091,1.1424286393267153,211476480,79941632,6033408,424378368,110026752,335327232,39653376,4546560,280940544,92598272,4718592,3010560,301342720,460304384,45977600,1326956.6028061344,0,916182.0326162104,73123.24520268134,0,0,0,1527929.0934867817,14,9,8,4,13,16,6,6,3,11,1,3,7,34,16,9.2,4.533,25.467,1.933,1.6,1.6,19.8,0.015592672413793106,0.0032453987730061353,0.036458336449532745,0.03696808510638298,0.0024722222222222224,0.0030681818181818184,0.009599303135888504,0.02492887931034483,0.0055666666666666685,0.20187502517441544,0.08964285714285716,0.004494444444444444,0.0047227272727272725,0.2153846153846154
1705784094,2.7423595836829335,3.2491912553022875,0.18294420781405962,0.2508415376445114,4.568508678710629,1.0956174205703189,0.4854894465004679,0.09407447309945477,0.6424501855754339,0.9173133196055077,0.00008560752178189864,0.2901963685556641,0.45613670476849527,39.932238259370905,1.120719162774857,211476480,79941632,6033408,424378368,110026752,335327232,39653376,4546560,280940544,92626944,4718592,3010560,301342720,460304384,45977600,1326956.6028061344,0,916182.0326162104,74694.44498786886,0,0,0,1498893.9838211993,14,9,8,4,13,16,6,6,3,11,1,3,7,34,16,9.2,4.533,25.933,1.933,1.6,1.6,19.8,0.015592672413793106,0.0032453987730061353,0.03678691275167785,0.03696808510638298,0.0024722222222222224,0.0030681818181818184,0.009599303135888504,0.02492887931034483,0.0055666666666666685,0.2022872340425534,0.08964285714285716,0.004494444444444444,0.0047227272727272725,0.2153846153846154
1705784095,3.1297169490372028,3.2491912553022875,0.18294420781405962,0.1926599542152452,4.568508678710629,1.0956174205703189,0.4854894465004679,0.09407447309945477,0.6559641435911037,0.9173133196055077,0.00008740804173692952,0.29019636855566405,0.45613670476849527,39.932238259370905,1.0990096862229988,210444288,79941632,6033408,424378368,110026752,335327232,39653376,4546560,280940544,92626944,4718592,3010560,301342720,460304384,45977600,1326956.6028061344,0,916182.0326162104,76265.64477305638,0,0,0,1469858.8741556169,14,9,8,4,13,16,6,6,3,11,1,3,7,34,16,9.2,4.533,25.933,1.933,1.6,1.6,19.8,0.015592672413793106,0.0032453987730061353,0.03678691275167785,0.03696808510638298,0.0024722222222222224,0.0030681818181818184,0.009599303135888504,0.02492887931034483,0.0055666666666666685,0.2022872340425534,0.08964285714285716,0.004494444444444444,0.0047227272727272725,0.2153846153846154
1705784096,3.1297169490372028,3.2491912553022875,0.18294420781405962,0.19696448315933826,4.568508678710629,0.9575558323858693,0.4854894465004679,0.09407447309945477,0.6694781016067732,0.9173133196055077,0.00010803119730185333,0.29019636855566405,0.45613670476849527,39.932238259370905,1.0773002096711404,210444288,79941632,6033408,424378368,110026752,335327232,39653376,4546560,280940544,92626944,4718592,3010560,301342720,460304384,45977600,1326956.6028061344,0,916182.0326162104,77836.84455824392,0,0,0,1440823.7644900342,14,9,8,4,13,16,6,6,3,11,1,3,7,34,16,9.2,4.533,25.933,1.933,1.6,1.6,19.8,0.015592672413793106,0.0032453987730061353,0.03678691275167785,0.03696808510638298,0.0024722222222222224,0.0030681818181818184,0.009599303135888504,0.02492887931034483,0.0055666666666666685,0.2022872340425534,0.08964285714285716,0.004494444444444444,0.0047227272727272725,0.2153846153846154
1705784097,2.112283994398047,3.2491912553022875,0.17721131327688702,0.20126901210343134,4.568508678710629,0.9769260912286276,0.4854894465004679,0.09407447309945477,0.8108374809401823,0.9173133196055077,0.00010803119730185333,0.29019636855566405,0.7640421503566567,39.932238259370905,1.0555907331192822,210444288,79941632,6033408,424378368,110026752,335327232,39653376,4546560,280940544,92626944,4718592,3010560,301195264,460304384,45977600,1326956.6028061344,0,916182.0326162104,94271.98711125177,0,0,0,1411788.6548244515,14,9,8,4,13,16,6,6,3,11,1,3,7,34,16,9.2,4.533,25.933,1.933,1.6,1.6,19.8,0.015592672413793106,0.0032453987730061353,0.03678691275167785,0.03696808510638298,0.0024722222222222224,0.0030681818181818184,0.009599303135888504,0.02492887931034483,0.0055666666666666685,0.2022872340425534,0.08964285714285716,0.004494444444444444,0.0047227272727272725,0.2153846153846154
1705784098,2.1540599730328904,3.2491912553022875,0.17721131327688702,0.16946499999999975,4.568508678710629,0.9962963500713861,0.4854894465004679,0.09407447309945477,0.8108374809401823,0.9173133196055077,0.00010803119730185333,0.29019636855566405,0.7640421503566567,39.932238259370905,1.033881256567424,210444288,79941632,6033408,424378368,110026752,335327232,39653376,4546560,280940544,92626944,4718592,3010560,301195264,460304384,45977600,1326956.6028061344,0,916182.0326162104,94271.98711125177,0,0,0,1382753.5451588694,14,9,8,4,13,16,6,6,3,11,1,3,7,34,16,9.2,4.533,25.933,1.933,1.6,1.6,19.8,0.015592672413793106,0.0032453987730061353,0.03678691275167785,0.03696808510638298,0.0024722222222222224,0.0030681818181818184,0.009599303135888504,0.02492887931034483,0.0055666666666666685,0.2022872340425534,0.08964285714285716,0.004494444444444444,0.0047227272727272725,0.2153846153846154
1705784099,2.5065587180905915,3.2491912553022875,0.17721131327688702,0.16946499999999975,4.687000488379423,1.0156666089141446,0.485489446500468,0.09407447309945477,0.8108374809401823,0.7855269177722111,0.00010803119730185333,0.2430121822802242,0.7640421503566567,39.932238259370905,1.0121717800155656,210444288,79941632,6033408,424378368,110026752,335327232,39653376,4546560,280940544,92626944,4718592,3010560,301195264,460304384,45977600,1326956.6028061344,0,916182.0326162105,94271.98711125177,0,0,0,1353718.4354932867,14,9,8,4,13,16,6,6,3,11,1,3,7,34,16,9.2,4.533,25.933,1.933,1.6,1.6,19.8,0.015592672413793106,0.0032453987730061353,0.03678691275167785,0.03696808510638298,0.0024722222222222224,0.0030681818181818184,0.009599303135888504,0.02492887931034483,0.0055666666666666685,0.2022872340425534,0.08964285714285716,0.004494444444444444,0.0047227272727272725,0.2153846153846154
1705784100,2.5065587180905915,3.2491912553022875,0.17721131327688702,0.2067345495750708,4.687000488379423,1.1622155305655073,0.485489446500468,0.09407447309945477,0.8108374809401823,0.9191002707284361,0.00010803119730185333,0.2478887380047271,0.7640421503566567,39.932238259370905,0.9904623034637072,210444288,79941632,6033408,424374272,110026752,335327232,39653376,4546560,280940544,92626944,4718592,3010560,301195264,460304384,45977600,1326956.6028061344,0,916182.0326162105,94271.98711125177,0,0,0,1324683.3258277043,14,9,8,4,13,16,6,6,3,11,1,3,7,34,16,9.2,4.533,25.933,1.933,1.6,1.6,19.8,0.015592672413793106,0.0032453987730061353,0.03678691275167785,0.03696808510638298,0.0024722222222222224,0.0030681818181818184,0.009599303135888504,0.02492887931034483,0.0055666666666666685,0.2022872340425534,0.08964285714285716,0.004494444444444444,0.0047227272727272725,0.2153846153846154
1705784101,2.5065587180905915,3.2491912553022875,0.17721131327688702,0.21084817878501727,4.687000488379423,1.1622155305655073,0.4992849932705253,0.09407447309945477,0.8108374809401823,0.9191002707284361,0.00010803119730185333,0.29259334347017674,0.7640421503566567,39.932238259370905,0.968752826911849,210444288,79941632,6033408,424374272,110026752,335327232,39653376,4546560,280940544,92626944,4718592,3010560,301195264,460304384,45977600,1326956.6028061344,0,1056617.317182593,94271.98711125177,0,0,0,1295648.2161621216,14,9,8,4,13,16,6,6,3,11,1,3,7,34,16,9.2,4.333,25.933,1.933,1.6,1.6,19.8,0.015592672413793106,0.0032048192771084337,0.03678691275167785,0.03696808510638298,0.0024722222222222224,0.0030681818181818184,0.009599303135888504,0.02492887931034483,0.00496867469879518,0.2022872340425534,0.08964285714285716,0.004494444444444444,0.0047227272727272725,0.2153846153846154
1705784102,2.5065587180905915,3.2491912553022875,0.17721131327688702,0.24681775259678937,4.687000488379423,1.1622155305655073,0.4992849932705253,0.09407447309945477,0.8108374809401823,0.9191002707284361,0.00010803119730185333,0.29259334347017674,0.7640421503566567,39.87421954911825,0.9470433503599907,210444288,79941632,6033408,424374272,110026752,335327232,39653376,4546560,280940544,92626944,4718592,3010560,301195264,297324544,45977600,1326956.6028061344,0,1056617.317182593,94271.98711125177,0,0,0,1266613.1064965392,14,9,8,4,13,16,6,6,3,11,1,3,7,36,16,9.2,4.333,25.933,1.933,1.6,1.6,18.867,0.015592672413793106,0.0032048192771084337,0.03678691275167785,0.03696808510638298,0.0024722222222222224,0.0030681818181818184,0.009672413793103449,0.02492887931034483,0.00496867469879518,0.2022872340425534,0.08964285714285716,0.004494444444444444,0.0047227272727272725,0.2124999999999995
1705784103,2.506558718090591,3.2491912553022875,0.17721131327688702,0.24681775259678937,4.687000488379423,1.1622155305655073,0.4992849932705253,0.059982500000000945,0.8108374809401823,0.9191002707284361,0.00010803119730185333,0.2465574382919378,0.7640421503566567,39.87421954911825,0.9253338738081324,210444288,79941632,6033408,424374272,110026752,335327232,39653376,4546560,280940544,92626944,4718592,3010560,301195264,297324544,45977600,1326956.6028061344,0,1056617.317182593,94271.98711125177,0,0,0,1237577.9968309565,14,9,8,4,13,16,6,6,3,11,1,3,7,36,16,9.2,4.333,25.933,1.933,2.133,1.6,18.867,0.015592672413793106,0.0032048192771084337,0.03678691275167785,0.03696808510638298,0.0024722222222222224,0.0030681818181818184,0.009672413793103449,0.02492887931034483,0.00496867469879518,0.2022872340425534,0.08964285714285716,0.004494444444444444,0.0047227272727272725,0.2124999999999995
1705784104,2.506558718090591,3.2491912553022875,0.17721131327688702,0.24681775259678937,4.687000488379423,1.1622155305655073,0.4992849932705253,0.059982500000000945,0.8108374809401823,0.9191002707284361,0.00010803119730185333,0.24168088256743486,0.7640421503566567,39.87421954911825,0.9179586427662589,210444288,79941632,6033408,424374272,110026752,335327232,39653376,4546560,280940544,92626944,4718592,3010560,301195264,297324544,45977600,1326956.6028061344,0,1056617.317182593,94271.98711125177,0,0,0,1372091.9649420413,14,9,8,4,13,16,6,6,3,11,1,3,7,36,16,9.2,4.333,25.933,1.933,2.133,2.133,18.867,0.015592672413793106,0.0032048192771084337,0.03678691275167785,0.03696808510638298,0.0024722222222222224,0.0030909090909090908,0.009672413793103449,0.02492887931034483,0.00496867469879518,0.2022872340425534,0.08964285714285716,0.004494444444444444,0.004763636363636364,0.2124999999999995
1705784105,2.506558718090591,3.2491912553022875,0.17721131327688702,0.24681775259678937,4.687000488379423,0.9995118130392839,0.4992849932705253,0.059982500000000945,0.8108374809401823,0.9191002707284361,0.00010803119730185333,0.23680432684293193,0.8866125229237396,39.87421954911825,0.896007231158359,210444288,79941632,6033408,424374272,110026752,335327232,39653376,4546560,280940544,92626944,4718592,3010560,301195264,297324544,45977600,1326956.6028061344,0,1056617.317182593,94271.98711125177,0,0,0,1339280.7313165583,14,9,8,4,13,16,6,6,3,11,1,3,7,36,16,9.733,4.333,25.933,2.467,2.667,2.667,20.467,0.015617021276595746,0.0032048192771084337,0.03678691275167785,0.03984375,0.0024864864864864865,0.0032380952380952383,0.009775862068965515,0.02485957446808511,0.00496867469879518,0.2022872340425534,0.1407142857142859,0.004497297297297298,0.005299999999999997,0.20363636363636345
1705784106,2.506558718090591,2.732732305271989,0.17721131327688702,0.24681775259678937,4.772407533912312,0.9801415541965255,0.4992849932705253,0.059982500000000945,0.8108374809401823,0.9191002707284361,0.00010803119730185333,0.288771264983317,0.8866125229237396,39.87421954911825,1.3197221620983441,210444288,79941632,6033408,424374272,98447360,335327232,39653376,4546560,280940544,92626944,4718592,2875392,301195264,297324544,46026752,1116036.8507900992,0,1056617.317182593,94271.98711125177,0,0,0,1571633.7734401133,14,9,8,4,11,16,6,6,3,11,1,3,7,36,16,9.733,4.333,25.933,2.467,2.667,2.667,20.467,0.015617021276595746,0.0032048192771084337,0.03678691275167785,0.03984375,0.0024864864864864865,0.0032380952380952383,0.009775862068965515,0.02485957446808511,0.00496867469879518,0.2022872340425534,0.1407142857142859,0.004497297297297298,0.005299999999999997,0.20363636363636345
1705784107,2.506558718090591,2.59156495278834,0.1795623357330609,0.24681775259678937,4.772407533912312,0.960771295353767,0.4992849932705253,0.059982500000000945,2.780139433382894,0.9191002707284361,0.00010803119730185333,0.288771264983317,0.8013898540653085,39.87421954911825,1.3197221620983441,210444288,80281600,6033408,424374272,98447360,335327232,39653376,4546560,281739264,92626944,4718592,2875392,301195264,297324544,46026752,1662557.1707826606,0,1056617.317182593,63281.89876595663,0,0,0,1571633.7734401133,14,9,8,4,11,16,6,6,3,11,1,3,7,36,16,9.733,4.333,25.933,2.467,2.667,2.667,20.467,0.015617021276595746,0.0032048192771084337,0.03678691275167785,0.03984375,0.0024864864864864865,0.0032380952380952383,0.009775862068965515,0.02485957446808511,0.00496867469879518,0.2022872340425534,0.1407142857142859,0.004497297297297298,0.005299999999999997,0.20363636363636345
1705784108,2.506558718090591,2.6463473812662097,0.1795623357330609,0.24681775259678937,4.772407533912312,0.9414010365110087,0.4992849932705253,0.07114775178358429,2.780139433382894,0.9191002707284361,0.00010803119730185333,0.288771264983317,0.8013898540653085,39.87421954911825,1.3197221620983441,210444288,80281600,6033408,424374272,98447360,335327232,39653376,4546560,281739264,92626944,4718592,2875392,301195264,297324544,46026752,1697701.541445945,0,1056617.317182593,63281.89876595663,0,0,0,1571633.7734401133,14,9,8,4,11,16,6,6,3,11,1,3,7,36,16,6.8,3.8,24.067,2.533,2.667,2.667,19.067,0.015818385650224212,0.003160919540229885,0.036710963455149494,0.043055555555555555,0.0024864864864864865,0.0032380952380952383,0.009798657718120805,0.028618421052631546,0.004889655172413793,0.20595744680851039,0.18250000000000005,0.004497297297297298,0.005299999999999997,0.23615384615384588
1705784109,2.506558718090591,2.7011298097440792,0.1795623357330609,0.24681775259678937,4.772407533912312,0.9220307776682501,0.4957626960592347,0.06957446094149694,2.780139433382894,0.787625530057041,0.00010803119730185333,0.288771264983317,0.8013898540653085,39.87421954911825,1.3197221620983441,210444288,80281600,6033408,424374272,98447360,335327232,39669760,4546560,281739264,92626944,4718592,2875392,301195264,297324544,46026752,1732845.9121092292,0,970163.5614241221,63281.89876595663,0,0,0,1571633.7734401133,14,9,8,4,11,16,6,6,3,11,1,3,7,36,16,6.8,3.8,22.867,2.533,2.667,2.667,19.067,0.015818385650224212,0.003160919540229885,0.03687080536912752,0.043055555555555555,0.0024864864864864865,0.0032380952380952383,0.009798657718120805,0.028618421052631546,0.004889655172413793,0.21026595744680868,0.18250000000000005,0.004497297297297298,0.005299999999999997,0.23615384615384588
1705784110,2.506558718090591,2.755912238221949,0.1795623357330609,0.24681775259678937,4.772407533912312,0.9026605188254917,0.4957626960592347,0.06800117009940959,2.780139433382894,0.7723071922115671,0.00010803119730185333,0.288771264983317,0.8013898540653085,39.87421954911825,1.3197221620983441,210444288,80281600,6033408,424374272,98447360,335327232,39669760,4546560,281739264,92626944,4718592,2875392,301195264,297324544,46026752,1767990.2827725138,0,970163.5614241221,63281.89876595663,0,0,0,1571633.7734401133,14,9,8,4,11,16,6,6,3,11,1,3,7,36,16,6.8,3.8,22.867,2.533,2.667,2.667,19.067,0.015818385650224212,0.003160919540229885,0.03687080536912752,0.043055555555555555,0.0024864864864864865,0.0032380952380952383,0.009798657718120805,0.028618421052631546,0.004889655172413793,0.21026595744680868,0.18250000000000005,0.004497297297297298,0.005299999999999997,0.23615384615384588
1705784111,2.124524356138056,2.8106946666998187,0.1795623357330609,0.24681775259678937,4.772407533912312,2.548115886482834,0.4957626960592347,0.06642787925732224,2.780139433382894,0.7569888543660931,0.00010803119730185333,0.288771264983317,0.8013898540653085,39.87421954911825,1.3197221620983441,210444288,80281600,6033408,424374272,98447360,334540800,39669760,4546560,281739264,92626944,4718592,2875392,301195264,297324544,46026752,1803134.6534357981,0,970163.5614241221,63281.89876595663,0,0,0,1571633.7734401133,14,9,8,4,11,20,6,6,3,11,1,3,7,36,16,6.8,3.8,22.867,2.533,2.667,2.667,19.067,0.015818385650224212,0.003160919540229885,0.03687080536912752,0.043055555555555555,0.0024864864864864865,0.0032380952380952383,0.009798657718120805,0.028618421052631546,0.004889655172413793,0.21026595744680868,0.18250000000000005,0.004497297297297298,0.005299999999999997,0.23615384615384588
1705784112,2.0827483775032127,3.286945708672178,0.1795623357330609,0.24681775259678937,4.772407533912312,2.548115886482834,0.4957626960592347,0.0648545884152349,2.780139433382894,0.7416705165206191,0.00010803119730185333,0.288771264983317,0.8013898540653085,39.87421954911825,1.3197221620983441,210444288,80281600,6033408,424374272,98447360,334540800,39669760,4546560,281739264,92626944,4718592,2875392,301195264,297324544,46026752,2108662.2397970604,0,970163.5614241221,63281.89876595663,0,0,0,1571633.7734401133,14,9,8,4,11,20,6,6,3,11,1,3,7,36,16,6.8,3.8,22.867,2.533,2.667,2.667,19.067,0.015818385650224212,0.003160919540229885,0.03687080536912752,0.043055555555555555,0.0024864864864864865,0.0032380952380952383,0.009798657718120805,0.028618421052631546,0.004889655172413793,0.21026595744680868,0.18250000000000005,0.004497297297297298,0.005299999999999997,0.23615384615384588
1705784113,2.0409723988683695,3.286945708672178,0.1795623357330609,0.24681775259678937,4.772407533912312,2.98176874510352,0.4957626960592347,0.06328129757314759,2.780139433382894,0.7263521786751453,0.00010803119730185333,0.288771264983317,0.8013898540653085,39.87786170357277,1.3197221620983441,210444288,80281600,6033408,424374272,98447360,334540800,39669760,4546560,281739264,92626944,4718592,2875392,301195264,297324544,46026752,2108662.2397970604,0,970163.5614241221,63281.89876595663,0,0,0,1571633.7734401133,14,9,8,4,11,20,6,6,3,11,1,3,7,36,16,6.8,3.8,22.867,2.533,2.667,2.667,19.067,0.015818385650224212,0.003160919540229885,0.03687080536912752,0.043055555555555555,0.0024864864864864865,0.0032380952380952383,0.009798657718120805,0.028618421052631546,0.004889655172413793,0.21026595744680868,0.18250000000000005,0.004497297297297298,0.005299999999999997,0.23615384615384588
1705784114,2.3858235967926875,3.286945708672178,0.1795623357330609,0.24681775259678937,4.772407533912312,2.98176874510352,0.4957626960592347,0.09367584335013587,2.780139433382894,0.7110338408296714,0.00007087049713060806,0.288771264983317,0.8013898540653085,39.87786170357277,1.3197221620983441,210477056,80281600,6033408,424374272,98447360,334540800,39669760,4546560,281739264,92626944,4718592,2875392,301195264,297324544,46026752,2108662.2397970604,0,970163.5614241221,63281.89876595663,0,0,0,1571633.7734401133,14,9,8,4,11,20,6,6,3,11,1,3,7,36,16,6.8,3.8,22.867,2.533,2.667,2.667,19.067,0.015818385650224212,0.003160919540229885,0.03687080536912752,0.043055555555555555,0.0024864864864864865,0.0032380952380952383,0.009798657718120805,0.028618421052631546,0.004889655172413793,0.21026595744680868,0.18250000000000005,0.004497297297297298,0.005299999999999997,0.23615384615384588
1705784115,2.3858235967926875,3.286945708672178,0.17319437068507665,0.2343661874957013,4.886048495857694,2.98176874510352,0.48406638230426924,0.09367584335013587,2.780139433382894,0.706971128383988,0.00007087049713060806,0.288771264983317,0.8013898540653085,39.87786170357277,1.3278368562694371,210477056,80281600,6053888,424251392,98447360,334540800,39669760,4546560,281739264,92626944,4718592,2875392,301195264,297324544,46026752,2108662.2397970604,0,763769.4333729577,63281.89876595663,0,0,0,1787244.2714184935,14,9,8,4,11,20,6,6,3,11,1,3,7,36,16,6.8,3.8,22.867,2.533,2.667,2.667,19.067,0.015818385650224212,0.003160919540229885,0.03687080536912752,0.043055555555555555,0.0024864864864864865,0.0032380952380952383,0.009798657718120805,0.028618421052631546,0.004889655172413793,0.21026595744680868,0.18250000000000005,0.004497297297297298,0.005299999999999997,0.23615384615384588
1705784116,2.3858235967926875,3.286945708672178,0.17319437068507665,0.2343661874957013,4.886048495857694,2.98176874510352,0.48406638230426924,0.09367584335013587,3.605091766871856,0.6916552138406629,0.00008809058290183135,0.288771264983317,0.8013898540653085,39.87786170357277,1.3278368562694371,210477056,80281600,6053888,424251392,98447360,334540800,39669760,4546560,281739264,92626944,4718592,2875392,301195264,297324544,46026752,2108662.2397970604,0,763769.4333729577,47131.92566595708,0,0,0,1787244.2714184935,14,9,8,4,11,20,6,6,3,11,1,3,7,36,16,6.8,3.467,22.867,2.533,2.667,2.667,19.067,0.015818385650224212,0.003170731707317073,0.03687080536912752,0.043055555555555555,0.0024864864864864865,0.0032380952380952383,0.009798657718120805,0.028618421052631546,0.00490731707317073,0.21026595744680868,0.18250000000000005,0.004497297297297298,0.005299999999999997,0.23615384615384588
1705784117,2.3858235967926875,3.286945708672178,0.17319437068507665,0.2310212361878462,4.886048495857694,2.98176874510352,0.48406638230426924,0.09367584335013587,3.605091766871856,0.6763392992973375,0.00008809058290183135,0.23595298832818717,0.8013898540653085,39.83324071394114,1.3278368562694371,210477056,80281600,6053888,424251392,98447360,334540800,39669760,4546560,281739264,92626944,4718592,2875392,301195264,680001536,46026752,2108662.2397970604,0,763769.4333729577,47131.92566595708,0,0,0,1787244.2714184935,14,9,8,4,11,20,6,6,3,11,1,3,7,34,16,6.8,3.467,22.867,2.533,2.667,2.667,17.333,0.015818385650224212,0.003170731707317073,0.03687080536912752,0.043055555555555555,0.0024864864864864865,0.0032380952380952383,0.009840604026845638,0.028618421052631546,0.00490731707317073,0.21026595744680868,0.18250000000000005,0.004497297297297298,0.005299999999999997,0.10681818181818291
1705784118,2.3858235967926875,3.286945708672178,0.17319437068507665,0.2310212361878462,4.886048495857694,2.98176874510352,0.48406638230426924,0.09367584335013587,3.605091766871856,0.6610233847540122,0.00008809058290183135,0.24083890204829253,0.8013898540653085,39.83324071394114,1.3278368562694371,210477056,80281600,6053888,424251392,98447360,334540800,39669760,4546560,281739264,92626944,4718592,2875392,301195264,680001536,46026752,2108662.2397970604,0,763769.4333729577,47131.92566595708,0,0,0,1787244.2714184935,14,9,8,4,11,20,6,6,3,11,1,3,7,34,16,6.8,3.467,22.867,2.533,2.333,2.667,17.333,0.015818385650224212,0.003170731707317073,0.03687080536912752,0.043055555555555555,0.0025641025641025637,0.0032380952380952383,0.009840604026845638,0.028618421052631546,0.004907317073170731,0.21026595744680868,0.18250000000000005,0.0045128205128205125,0.005299999999999997,0.10681818181818291
1705784119,2.3858235967926875,3.286945708672178,0.17319437068507665,0.2310212361878462,4.886048495857694,2.98176874510352,0.48406638230426924,0.09367584335013587,3.605091766871856,0.645707470210687,0.00008809058290183135,0.24572481576839786,0.7897404246314426,39.83324071394114,1.3278368562694371,210477056,80281600,6053888,424251392,98447360,334540800,39669760,4546560,281739264,92626944,4718592,2875392,301195264,680001536,46026752,2108662.2397970604,0,763769.4333729577,47131.92566595708,0,0,0,1787244.2714184935,14,9,8,4,11,20,6,6,3,11,1,3,7,34,16,6.8,3.467,22.867,2.533,2.333,2.333,17.333,0.015818385650224212,0.003170731707317073,0.03687080536912752,0.043055555555555555,0.0025641025641025637,0.003235294117647059,0.009840604026845638,0.028618421052631546,0.004907317073170731,0.21026595744680868,0.18250000000000005,0.0045128205128205125,0.0052499999999999995,0.10681818181818291
1705784120,2.3858235967926875,3.1407776954216455,0.17319437068507665,0.2310212361878462,4.886048495857694,2.98176874510352,0.48406638230426924,0.09367584335013587,3.605091766871856,0.9104746761107986,0.00008809058290183135,0.2931548232063204,0.7897404246314426,39.83324071394114,1.3278368562694371,210477056,80297984,6053888,424251392,98447360,334540800,39669760,4546560,281739264,92614656,4718592,2875392,301195264,680001536,46026752,1915000.8552369007,0,763769.4333729577,47131.92566595708,0,0,0,1787244.2714184935,14,9,8,4,11,20,6,6,3,11,1,3,7,34,16,6.467,3.467,22.867,2.2,2,2,16.333,0.01579241071428571,0.003170731707317073,0.03687080536912752,0.04565217391304348,0.002569620253164557,0.003258823529411765,0.01195652173913045,0.02848684210526313,0.004907317073170731,0.21026595744680868,0.18062499999999995,0.004513924050632912,0.00563636363636364,0.0998
1705784121,2.3858235967926875,3.1407776954216455,0.17319437068507665,0.2310212361878462,4.886048495857694,2.98176874510352,0.48406638230426924,0.09367584335013587,3.605091766871856,0.9104746761107986,0.00008809058290183135,0.2931548232063204,0.7897404246314426,39.83324071394114,1.3233803083325553,210477056,80297984,6053888,424251392,98447360,334540800,39669760,4546560,281739264,92614656,4718592,2875392,301195264,680001536,46084096,1915000.8552369007,0,763769.4333729577,47131.92566595708,0,0,0,1642583.9402251018,14,9,8,4,11,20,6,6,3,11,1,3,7,34,16,6.467,3.467,22.867,2.2,2,2,16.333,0.01579241071428571,0.003170731707317073,0.03687080536912752,0.04565217391304348,0.002569620253164557,0.003258823529411765,0.01195652173913045,0.02848684210526313,0.004907317073170731,0.21026595744680868,0.18062499999999995,0.004513924050632912,0.00563636363636364,0.0998
1705784122,2.3858235967926875,3.1407776954216455,0.12004322793332134,0.2310212361878462,4.886048495857694,2.98176874510352,0.48406638230426924,0.08928068398033095,3.605091766871856,0.9104746761107986,0.00008809058290183135,0.2800758260409558,0.7897404246314426,39.83324071394114,1.3233803083325553,210477056,80297984,6053888,424251392,98447360,334540800,39669760,4546560,281739264,92614656,4718592,2875392,301195264,680001536,46084096,1915000.8552369007,0,763769.4333729577,47131.92566595708,0,0,0,1642583.9402251018,14,9,8,4,11,20,6,6,3,11,1,3,7,34,16,6.467,3.467,22.867,2.2,2,2,16.333,0.01579241071428571,0.003170731707317073,0.03687080536912752,0.04565217391304348,0.002569620253164557,0.003258823529411765,0.01195652173913045,0.02848684210526313,0.004907317073170731,0.21026595744680868,0.18062499999999995,0.004513924050632912,0.00563636363636364,0.0998
1705784123,2.3858235967926875,3.1407776954216455,0.1227088264041146,0.2310212361878462,4.886048495857694,2.98176874510352,0.4800220750551877,0.08928068398033095,3.605091766871856,0.9104746761107986,0.00008809058290183135,0.2800758260409558,0.814342528611113,39.83324071394114,1.3233803083325553,210477056,80297984,6053888,424251392,98447360,334540800,39669760,4546560,281739264,92614656,4718592,2875392,301195264,680001536,46084096,1915000.8552369007,0,703262.202599951,47131.92566595708,0,0,0,1642583.9402251018,14,9,8,4,11,20,6,6,3,11,1,3,7,34,16,7.2,3.333,22.8,1.733,2,2,15.533,0.015944700460829492,0.003149068322981366,0.036564625850340135,0.04619565217391304,0.002569620253164557,0.003258823529411765,0.009957191780821918,0.03,0.004868322981366459,0.19473684210526324,0.17125,0.004513924050632912,0.00563636363636364,0.09773092369477915
1705784124,2.3858235967926875,3.1407776954216455,0.12537442487490785,0.2310212361878462,4.7385399725902175,2.98176874510352,0.4800220750551877,0.08928068398033095,3.605091766871856,0.9104746761107986,0.00008809058290183135,0.2800758260409558,0.8303739452777799,39.83324071394114,1.3233803083325553,210477056,80297984,6053888,424251392,98791424,334540800,39669760,4546560,281739264,92614656,4718592,2875392,301195264,680001536,46084096,1915000.8552369007,0,703262.202599951,47131.92566595708,0,0,0,1642583.9402251018,14,9,8,4,11,20,6,6,3,11,1,3,7,34,16,7.2,3.333,23.067,1.733,2,2,15.533,0.015944700460829492,0.003149068322981366,0.03625856164383562,0.04619565217391304,0.002569620253164557,0.003258823529411765,0.009957191780821918,0.03,0.004868322981366459,0.17932989690721654,0.17125,0.004513924050632912,0.00563636363636364,0.09773092369477915
1705784125,2.3858235967926875,3.1407776954216455,0.12804002334570114,0.2310212361878462,4.7385399725902175,2.98176874510352,0.4800220750551877,0.08928068398033095,3.605091766871856,0.8923696963702823,0.00008809058290183135,0.2800758260409558,0.9618850000000024,27.85579221120087,1.3233803083325553,210477056,80297984,6053888,424251392,98791424,334540800,39669760,4546560,281739264,92614656,4718592,2875392,301195264,680001536,46084096,1915000.8552369007,0,703262.202599951,47131.92566595708,0,0,0,1642583.9402251018,14,9,8,4,11,20,6,6,3,11,1,3,7,34,16,7.2,3.333,23.067,1.733,2,2,15.533,0.015944700460829492,0.003149068322981366,0.03625856164383562,0.04619565217391304,0.002569620253164557,0.003258823529411765,0.009957191780821918,0.03,0.004868322981366459,0.17932989690721654,0.17125,0.004513924050632912,0.00563636363636364,0.09773092369477915
1705784126,2.3858235967926875,3.1407776954216455,0.1307056218164944,0.2310212361878462,4.7385399725902175,2.98176874510352,0.3508362053636275,0.08928068398033095,2.4670873676675544,0.8923696963702823,0.00008809058290183135,0.2800758260409558,0.9618850000000024,28.51761504614072,1.3233803083325553,210477056,80297984,6053888,424251392,98791424,334540800,39669760,4546560,281743360,92614656,4718592,2875392,301195264,680001536,46084096,1915000.8552369007,0,494348.7216516235,61726.25550992729,0,0,0,1642583.9402251018,14,9,8,4,11,20,6,6,3,11,1,3,7,34,16,7.2,3.333,23.067,1.733,2,2,15.533,0.015944700460829492,0.003149068322981366,0.03625856164383562,0.04619565217391304,0.002569620253164557,0.003258823529411765,0.009957191780821918,0.03,0.004868322981366459,0.17932989690721654,0.17125,0.004513924050632912,0.00563636363636364,0.09773092369477915
1705784127,2.3858235967926875,3.179087907355141,0.13337122028728765,0.2310212361878462,4.7385399725902175,3.6172042671380655,0.35882800949268656,0.08928068398033095,2.4670873676675544,0.8923696963702823,0.00008809058290183135,0.2800758260409558,0.9618850000000024,29.179437881080577,1.3233803083325553,210477056,80297984,6053888,424251392,98791424,334540800,39669760,4546560,281743360,92614656,4718592,2875392,301195264,680001536,46084096,2087495.8127960952,0,505609.6408341114,61726.25550992729,0,0,0,1642583.9402251018,14,9,8,4,11,20,6,6,3,11,1,3,7,34,16,7.2,3.333,23.067,1.733,2,2,15.533,0.015944700460829492,0.003149068322981366,0.03625856164383562,0.04619565217391304,0.002569620253164557,0.003258823529411765,0.009957191780821918,0.03,0.004868322981366459,0.17932989690721654,0.17125,0.004513924050632912,0.00563636363636364,0.09773092369477915
1705784128,2.2982393880926044,3.179087907355141,0.1360368187580809,0.2310212361878462,4.7385399725902175,2.5843454323001986,0.36681981362174565,0.08928068398033095,2.4670873676675544,0.8923696963702823,0,0.2800758260409558,0.9618850000000024,29.84126071602042,1.3184459093816252,210518016,80297984,6053888,424251392,98791424,334520320,39669760,4546560,281743360,92614656,4718592,2875392,301195264,680001536,46084096,2087495.8127960952,0,516870.5600165992,61726.25550992729,0,0,0,1219107.5908889654,14,9,8,4,11,16,6,6,3,11,1,3,7,34,16,7.2,3.333,23.067,1.733,2,2,15.533,0.015944700460829492,0.003149068322981366,0.03625856164383562,0.04619565217391304,0.002569620253164557,0.003258823529411765,0.009957191780821918,0.03,0.004868322981366459,0.17932989690721654,0.17125,0.004513924050632912,0.00563636363636364,0.09773092369477915
1705784129,2.2982393880926044,3.179087907355141,0.15993590824759557,0.2147038545910377,4.7385399725902175,2.5843454323001986,0.3748116177508047,0.08928068398033095,2.4670873676675544,0.8923696963702823,0,0.2800758260409558,0.9618850000000024,30.50308355096028,1.3184459093816252,210518016,80297984,6053888,424251392,98791424,334520320,39669760,4546560,281743360,92614656,4718592,2875392,301195264,680001536,46084096,2087495.8127960952,0,528131.479199087,61726.25550992729,0,0,0,1219107.5908889654,14,9,8,4,11,16,6,6,3,11,1,3,7,34,16,7.2,3.333,23.067,1.733,2,2,15.533,0.015944700460829492,0.003149068322981366,0.03625856164383562,0.04619565217391304,0.002569620253164557,0.003258823529411765,0.009957191780821918,0.03,0.004868322981366459,0.17932989690721654,0.17125,0.004513924050632912,0.00563636363636364,0.09773092369477915
1705784130,2.4329996190153103,3.179087907355141,0.15993590824759557,0.23184482277421192,4.685975644781435,2.5843454323001986,0.3828034218798637,0.08928068398033095,2.4670873676675544,0.8923696963702823,0,0.2800758260409558,0.9618850000000024,31.16490638590013,1.3184459093816252,210518016,80297984,6053888,424251392,98791424,334520320,39669760,4546560,281743360,92614656,4718592,2875392,301195264,680001536,46084096,2087495.8127960952,0,539392.3983815749,61726.25550992729,0,0,0,1219107.5908889654,14,9,8,4,11,16,6,6,3,11,1,3,7,34,16,7.2,3.333,23.067,1.733,2,2,15.533,0.015944700460829492,0.003149068322981366,0.03625856164383562,0.04619565217391304,0.002569620253164557,0.003258823529411765,0.009957191780821918,0.03,0.004868322981366459,0.17932989690721654,0.17125,0.004513924050632912,0.00563636363636364,0.09773092369477915
1705784131,2.4329996190153103,3.179087907355141,0.13443479407713416,0.23184482277421192,4.685975644781435,2.5843454323001986,0.3907952260089227,0.08928068398033095,2.4670873676675544,0.8923696963702823,0,0.2800758260409558,0.9618850000000024,31.826729220839983,1.3184459093816252,210518016,80297984,6053888,424251392,98791424,334520320,39669760,4546560,281743360,92614656,4718592,2875392,301195264,680001536,46084096,2087495.8127960952,0,550653.3175640627,61726.25550992729,0,0,0,1219107.5908889654,14,9,8,4,11,16,6,6,3,11,1,3,7,34,16,7.2,4.2,23.067,1.733,2,2,15.533,0.015944700460829492,0.0031463414634146343,0.03625856164383562,0.04619565217391304,0.002569620253164557,0.003258823529411765,0.009957191780821918,0.03,0.004863414634146341,0.17932989690721654,0.17125,0.004513924050632912,0.00563636363636364,0.09773092369477915
1705784132,2.4329996190153103,3.179087907355141,0.1317691956063409,0.23184482277421192,4.685975644781435,2.5843454323001986,0.3987870301379818,0.08928068398033095,2.4670873676675544,0.890802067381308,0,0.2800758260409558,0.9618850000000024,33.09564539421611,1.3184459093816252,210518016,80297984,6053888,424251392,98791424,334520320,39669760,4546560,281743360,92614656,4718592,2875392,301195264,838852608,46084096,2087495.8127960952,0,561914.2367465504,61726.25550992729,0,0,0,1219107.5908889654,14,9,8,4,11,16,6,6,3,11,1,3,7,35,16,7.2,4.2,23.067,1.733,2,2,16.533,0.015944700460829492,0.0031463414634146343,0.03625856164383562,0.04619565217391304,0.002569620253164557,0.003258823529411765,0.009661921708185053,0.03,0.004863414634146341,0.17932989690721654,0.17125,0.004513924050632912,0.00563636363636364,0.09673913043478259
1705784133,2.4329996190153103,3.179087907355141,0.16884613781316415,0.23184482277421192,4.685975644781435,2.5843454323001986,0.4795082477435426,0.0788219780219773,3.4352430260849944,0.890802067381308,0,0.2800758260409558,0.9618850000000024,33.76485717188893,1.3184459093816252,210518016,80297984,6037504,424251392,98791424,334520320,39669760,4550656,281743360,92614656,4718592,2875392,301195264,838852608,46084096,2087495.8127960952,0,675655.1509492686,46353.194137950544,0,0,0,1219107.5908889654,14,9,8,4,11,16,6,6,3,11,1,3,7,35,16,7.2,4.2,23.067,1.733,1.467,2,16.533,0.015944700460829492,0.0031463414634146343,0.03625856164383562,0.04619565217391304,0.002492957746478873,0.003258823529411765,0.009661921708185053,0.03,0.004863414634146341,0.17932989690721654,0.17125,0.004498591549295774,0.00563636363636364,0.09673913043478259
1705784134,2.4329996190153103,3.179087907355141,0.16884613781316415,0.23184482277421192,4.685975644781435,2.5843454323001986,0.4795082477435426,0.0788219780219773,3.4352430260849944,0.890802067381308,0.00015484515484515373,0.2800758260409558,0.8262057769444464,34.43406894956173,1.3184459093816252,210518016,80297984,6037504,424251392,98791424,334520320,39669760,4550656,281743360,92614656,4718592,2875392,301195264,838852608,46084096,2087495.8127960952,0,675655.1509492686,46353.194137950544,0,0,0,1219107.5908889654,14,9,8,4,11,16,6,6,3,11,1,3,7,35,16,7.2,4.2,23.067,1.733,1.467,1.6,16.533,0.015944700460829492,0.0031463414634146343,0.03625856164383562,0.04619565217391304,0.002492957746478873,0.003282051282051282,0.009661921708185053,0.03,0.004863414634146341,0.17932989690721654,0.17125,0.004498591549295774,0.005954545454545455,0.09673913043478259
1705784135,2.4329996190153103,2.7010413940863542,0.16884613781316415,0.23184482277421192,4.685975644781435,2.5843454323001986,0.4795082477435426,0.0788219780219773,3.4352430260849944,0.890802067381308,0.00015484515484515373,0.2800758260409558,0.8101743602777798,40.15270666036842,1.3184459093816252,210518016,80297984,6037504,424251392,98791424,334520320,39669760,4550656,281743360,92614656,4718592,2875392,301195264,838852608,46084096,1773594.4285463626,0,675655.1509492686,46353.194137950544,0,0,0,1219107.5908889654,14,9,8,4,11,16,6,6,3,11,1,3,7,35,16,6.8,4.2,23.067,1.333,1.067,1.2,15.333,0.016034883720930232,0.0031463414634146343,0.03625856164383562,0.04547872340425532,0.0024375,0.003277777777777777,0.009592391304347825,0.02979729729729729,0.004863414634146341,0.17932989690721654,0.16300000000000003,0.004487500000000001,0.005899999999999996,0.09636986301369863
1705784136,2.4329996190153103,2.648056595630435,0.16884613781316415,0.23184482277421192,4.685975644781435,2.5843454323001986,0.4795082477435426,0.0788219780219773,3.4352430260849944,0.890802067381308,0.00015484515484515373,0.27072110467098603,0.7847747684039305,40.15270666036842,1.3184459093816252,210518016,80297984,6037504,424251392,98791424,334520320,39669760,4550656,281743360,92614656,4718592,2875392,301195264,838852608,46084096,1738802.8316664277,0,675655.1509492686,46353.194137950544,0,0,0,1219107.5908889654,14,9,8,4,11,16,6,6,3,11,1,3,7,35,16,6.8,4.2,23.067,1.333,1.067,1.2,15.333,0.016034883720930232,0.0031463414634146343,0.03625856164383562,0.04547872340425532,0.0024375,0.003277777777777777,0.009592391304347825,0.02979729729729729,0.004863414634146341,0.17932989690721654,0.16300000000000003,0.004487500000000001,0.005899999999999996,0.09636986301369863
1705784137,2.4329996190153103,2.595071797174516,0.16884613781316413,0.23184482277421192,4.801329002399011,2.5843454323001986,0.4795082477435426,0.0788219780219773,3.4352430260849944,0.890802067381308,0.00015484515484515373,0.2837054847165016,0.7847747684039305,40.15270666036842,1.3184459093816252,210518016,80297984,6037504,424251392,99520512,334520320,39669760,4550656,281743360,92614656,4718592,2883584,301195264,838852608,46084096,1704011.2347864923,0,675655.1509492686,46353.194137950544,0,0,0,1219107.5908889654,14,9,8,4,14,16,6,6,3,11,1,3,7,35,16,6.8,4.2,23.067,1.333,1.067,1.2,15.333,0.016034883720930232,0.0031463414634146343,0.03625856164383562,0.04547872340425532,0.0024375,0.003277777777777777,0.009592391304347825,0.02979729729729729,0.004863414634146341,0.17932989690721654,0.16300000000000003,0.004487500000000001,0.005899999999999996,0.09636986301369863
1705784138,2.4329996190153103,2.344011034287323,0.16884613781316413,0.23184482277421192,4.801329002399011,2.5843454323001986,0.4795082477435426,0.0788219780219773,3.4352430260849944,0.890802067381308,0.00015484515484515373,0.2837054847165016,0.7847747684039305,40.15270666036842,1.3184459093816252,210518016,80297984,6037504,424251392,99520512,334520320,39669760,4550656,281743360,92614656,4718592,2883584,301195264,838852608,46084096,1814751.1883277218,0,675655.1509492686,46353.194137950544,0,0,0,1219107.5908889654,14,9,8,4,14,16,6,6,3,11,1,3,7,35,16,10.067,4.733,25.133,1.467,1.067,1.2,17.2,0.016513157894736844,0.0030930232558139532,0.03491100323624595,0.0449468085106383,0.0024375,0.003277777777777777,0.009418402777777776,0.03333333333333331,0.004767441860465116,0.16805263157894743,0.17031249999999998,0.004487500000000001,0.005899999999999996,0.09581775700934579
1705784139,2.4329996190153103,2.2956180488776705,0.16884613781316413,0.23184482277421192,4.801329002399011,3.0829120893878543,0.4795082477435426,0.0788219780219773,3.4352430260849944,0.890802067381308,0.00015484515484515373,0.2837054847165016,0.4244934865147367,40.15270666036842,1.3184459093816252,210518016,80297984,6037504,424251392,99520512,334520320,39669760,4550656,281743360,92614656,4718592,2883584,301195264,838852608,46084096,1777284.970594837,0,675655.1509492685,46353.194137950544,0,0,0,1219107.5908889654,14,9,8,4,14,16,6,6,3,11,1,3,7,35,16,10.067,4.733,26.4,1.467,1.067,1.2,17.2,0.016513157894736844,0.0030930232558139532,0.033665644171779134,0.0449468085106383,0.0024375,0.003277777777777777,0.009418402777777776,0.03333333333333331,0.004767441860465116,0.15478260869565214,0.17031249999999998,0.004487500000000001,0.005899999999999996,0.09581775700934579
1705784140,2.295818821193567,2.2472250634680186,0.16884613781316413,0.23184482277421192,4.801329002399011,3.0829120893878543,0.40195178457308917,0.0788219780219773,3.4352430260849944,0.8960895774945721,0.00015484515484515373,0.2837054847165016,0.43316166058567057,40.15270666036842,0.6380066666666787,210522112,80297984,6037504,424251392,99520512,334520320,39669760,4550656,281743360,92614656,4718592,2883584,301195264,838852608,46084096,1739818.7528619529,0,566373.5607428156,46353.194137950544,0,0,0,614400,14,9,8,4,14,16,6,6,3,11,1,3,7,35,16,10.067,4.733,26.4,1.467,1.067,1.2,17.2,0.016513157894736844,0.0030930232558139532,0.033665644171779134,0.0449468085106383,0.0024375,0.003277777777777777,0.009418402777777776,0.03333333333333331,0.004767441860465116,0.15478260869565214,0.17031249999999998,0.004487500000000001,0.005899999999999996,0.09581775700934579
1705784141,1.640334331560346,2.198832078058367,0.16884613781316413,0.23184482277421192,4.801329002399011,3.0829120893878543,0.4903555520203615,0.0788219780219773,3.4352430260849944,0.8960895774945721,0.00015484515484515373,0.2837054847165016,0.4418298346566044,40.15270666036842,0.6380066666666787,210522112,80297984,6037504,424251392,99520512,334520320,39698432,4550656,281743360,92614656,4718592,2883584,301195264,838852608,46084096,1702352.5351290687,0,920394.5275214763,46353.194137950544,0,0,0,614400,14,9,8,4,14,16,6,6,3,11,1,3,7,35,16,10.067,4.733,26.4,1.467,1.067,1.2,17.2,0.016513157894736844,0.0030930232558139532,0.033665644171779134,0.0449468085106383,0.0024375,0.003277777777777777,0.009418402777777776,0.03333333333333331,0.004767441860465116,0.15478260869565214,0.17031249999999998,0.004487500000000001,0.005899999999999996,0.09581775700934579
1705784142,1.640334331560346,2.150439092648714,0.16884613781316413,0.23184482277421192,4.801329002399011,3.0829120893878543,0.4903555520203615,0.0788219780219773,3.435243026084995,0.8960895774945721,0.00015484515484515373,0.2837054847165016,0.4504980087275382,40.15270666036842,0.6380066666666787,210522112,80297984,6037504,424251392,99520512,334520320,39698432,4550656,281743360,92614656,4718592,2883584,301195264,838852608,46084096,1664886.317396184,0,920394.5275214763,46353.19413795056,0,0,0,614400,14,9,8,4,14,16,6,6,3,11,1,3,7,35,16,10.067,4.733,26.4,1.467,1.067,1.2,17.2,0.016513157894736844,0.0030930232558139532,0.033665644171779134,0.0449468085106383,0.0024375,0.003277777777777777,0.009418402777777776,0.03333333333333331,0.004767441860465116,0.15478260869565214,0.17031249999999998,0.004487500000000001,0.005899999999999996,0.09581775700934579
1705784143,1.640334331560346,2.102046107239062,0.16884613781316413,0.23184482277421192,4.801329002399011,3.0829120893878543,0.4903555520203616,0.0788219780219773,3.435243026084995,0.90539168128806,0.00015484515484515373,0.2837054847165016,0.5200904442560306,40.15270666036842,0.6380066666666787,210522112,80297984,6037504,424251392,99520512,334520320,39698432,4550656,281743360,92614656,4718592,2883584,301195264,838852608,46084096,1627420.0996632997,0,920394.5275214765,46353.19413795056,0,0,0,614400,14,9,8,4,14,16,6,6,3,11,1,3,7,35,16,10.067,4.733,26.4,1.467,1.067,1.2,17.2,0.016513157894736844,0.0030930232558139532,0.033665644171779134,0.0449468085106383,0.0024375,0.003277777777777777,0.009418402777777776,0.03333333333333331,0.004767441860465116,0.15478260869565214,0.17031249999999998,0.004487500000000001,0.005899999999999996,0.09581775700934579
1705784144,1.640334331560346,3.3826047577678735,0.16884613781316413,0.2337928770720502,4.801329002399011,2.5565608385807086,0.4903555520203616,0.0788219780219773,2.3950069683173885,0.90539168128806,0.00015484515484515373,0.2837054847165016,0.5200904442560306,40.15270666036842,0.6380066666666787,210522112,80371712,6037504,424251392,99520512,334524416,39698432,4550656,281739264,92614656,4718592,2883584,301195264,838852608,46084096,1938182.2886822796,0,920394.5275214765,30445.04320356778,0,0,0,614400,14,9,8,4,14,17,6,6,3,11,1,3,7,35,16,10.067,4.733,26.4,1.467,1.067,1.2,17.2,0.016513157894736844,0.0030930232558139532,0.033665644171779134,0.0449468085106383,0.0024375,0.003277777777777777,0.009418402777777776,0.03333333333333331,0.004767441860465116,0.15478260869565214,0.17031249999999998,0.004487500000000001,0.005899999999999996,0.09581775700934579
1705784145,1.640334331560346,3.3826047577678735,0.17212714614595004,0.2337928770720502,4.801329002399011,2.5565608385807086,0.4903555520203616,0.0788219780219773,2.3950069683173885,0.90539168128806,0.00015484515484515373,0.2837054847165016,0.5200904442560306,40.15270666036842,0.6380066666666787,210522112,80371712,6037504,424251392,99520512,334524416,39698432,4550656,281739264,92614656,4718592,2883584,301195264,838852608,46084096,1938182.2886822796,0,920394.5275214765,30445.04320356778,0,0,0,614400,14,9,8,4,14,17,6,6,3,11,1,3,7,35,16,10.067,4.733,26.4,1.467,1.067,1.2,17.2,0.016513157894736844,0.0030930232558139532,0.033665644171779134,0.0449468085106383,0.0024375,0.003277777777777777,0.009418402777777776,0.03333333333333331,0.004767441860465116,0.15478260869565214,0.17031249999999998,0.004487500000000001,0.005899999999999996,0.09581775700934579
1705784146,1.640334331560346,3.3826047577678735,0.17212714614595004,0.2337928770720502,4.801329002399011,2.5565608385807086,0.4903555520203616,0.08624124750532726,2.3950069683173885,0.90539168128806,0.00015484515484515373,0.2837054847165016,0.5200904442560306,40.15270666036842,0.6380066666666787,210522112,80371712,6037504,424251392,99520512,334524416,39698432,4550656,281739264,92614656,4718592,2883584,301195264,838852608,46084096,1938182.2886822796,0,920394.5275214765,30445.04320356778,0,0,0,614400,14,9,8,4,14,17,6,6,3,11,1,3,7,35,16,10.067,4.133,26.4,1.467,1.067,1.2,17.2,0.016513157894736844,0.0030941176470588236,0.033665644171779134,0.0449468085106383,0.0024375,0.003277777777777777,0.009418402777777776,0.03333333333333331,0.004769411764705882,0.15478260869565214,0.17031249999999998,0.004487500000000001,0.005899999999999996,0.09581775700934579
1705784147,1.6403343315603458,3.3826047577678735,0.17212714614595004,0.23468305412913415,4.817274104515285,2.5565608385807086,0.4903555520203616,0.05691053572692631,2.3950069683173885,0.90539168128806,0.00015484515484515373,0.2360422051790299,0.5200904442560306,40.15270666036842,0.6380066666666787,210522112,80371712,6037504,424255488,102961152,334524416,39698432,4550656,281739264,92614656,4718592,2883584,301195264,838852608,46084096,1938182.2886822796,0,920394.5275214765,30445.04320356778,0,0,0,614400,14,9,8,4,13,17,6,6,3,11,1,3,7,35,16,10.067,4.133,26.4,1.467,1.067,1.2,19.8,0.016513157894736844,0.0030941176470588236,0.033665644171779134,0.0449468085106383,0.0024375,0.003277777777777777,0.009426523297491038,0.03333333333333331,0.004769411764705882,0.15478260869565214,0.17031249999999998,0.004487500000000001,0.005899999999999996,0.09638888888888889
1705784148,1.6403343315603458,3.3826047577678735,0.18396016610576318,0.23468305412913415,4.817274104515285,2.5565608385807086,0.4903555520203616,0.05825881511088207,2.3950069683173885,0.90539168128806,0.00015484515484515373,0.2842426530740644,0.5200904442560306,34.128908378942924,0.6380066666666787,210522112,80371712,6057984,424255488,102961152,334524416,39698432,4550656,281739264,92614656,4718592,2883584,301195264,838852608,46084096,1938182.2886822796,0,920394.5275214765,30445.04320356778,0,0,0,614400,14,9,8,4,13,17,6,6,3,11,1,3,7,35,16,10.067,4.133,26.4,1.467,2.067,1.2,19.8,0.016513157894736844,0.0030941176470588236,0.033665644171779134,0.0449468085106383,0.002258064516129032,0.003277777777777777,0.009426523297491038,0.03333333333333331,0.004769411764705882,0.15478260869565214,0.17031249999999998,0.004451612903225806,0.005899999999999996,0.09638888888888889
1705784149,1.6403343315603458,3.3826047577678735,0.18396016610576318,0.23468305412913415,4.817274104515285,2.5565608385807086,0.4903555520203616,0.05960709449483782,2.3950069683173885,0.90539168128806,0.00011411533010620008,0.2842426530740644,0.5200904442560306,40.11031557342007,0.6380066666666787,210522112,80371712,6057984,424255488,102961152,334524416,39698432,4550656,281739264,92614656,4718592,2883584,301195264,838864896,46084096,1938182.2886822796,0,920394.5275214765,30445.04320356778,0,0,0,614400,14,9,8,4,13,17,6,6,3,11,1,3,7,34,16,10.067,4.133,26.4,1.467,2.067,1.933,19.8,0.016513157894736844,0.0030941176470588236,0.033665644171779134,0.0449468085106383,0.002258064516129032,0.0032368421052631578,0.009426523297491038,0.03333333333333331,0.004769411764705882,0.15478260869565214,0.17031249999999998,0.004451612903225806,0.005277777777777777,0.09638888888888889
1705784150,1.6403343315603458,3.527927952402961,0.18396016610576318,0.23468305412913415,4.0760719033072625,2.5565608385807086,0.4903555520203616,0.060955373878793566,0.35639387927052407,0.90539168128806,0.00011411533010620008,0.2842426530740644,0.45005593184992054,40.21579229007478,1.3604586596844503,210522112,80371712,6057984,424255488,102961152,334524416,39698432,4550656,281739264,92614656,4718592,2883584,301195264,838864896,46235648,1468858.1596892066,0,920394.5275214765,44530.20955072976,0,0,0,1904557.2534591337,14,9,8,4,13,17,6,6,3,11,1,3,7,34,16,10.867,4.133,26.4,2.267,2.867,2.733,22.2,0.01625,0.0030941176470588236,0.033665644171779134,0.043478260869565216,0.002292307692307692,0.003070588235294118,0.009372727272727276,0.03372222222222223,0.004769411764705882,0.15478260869565214,0.16499999999999995,0.004458461538461538,0.0047270588235294115,0.0971198156682028
1705784151,1.6403343315603458,3.527927952402961,0.18396016610576318,0.23468305412913415,4.762739933172393,0.812593589762868,0.4912380540005522,0.06230365326274932,0.35639387927052407,0.90539168128806,0.00011411533010620008,0.2867249253469155,0.4413877577789867,40.21579229007478,1.3604586596844503,210522112,80371712,6057984,424255488,102961152,334524416,39698432,4550656,281739264,92614656,4718592,2883584,301195264,838864896,46235648,1468858.1596892066,0,988117.4032721986,44530.20955072976,0,0,0,1904557.2534591337,14,9,8,4,13,17,6,6,3,11,1,3,7,34,16,10.867,4.133,26.4,2.267,2.867,2.733,22.2,0.01625,0.0030941176470588236,0.033665644171779134,0.043478260869565216,0.002292307692307692,0.003070588235294118,0.009372727272727276,0.03372222222222223,0.004769411764705882,0.15478260869565214,0.16499999999999995,0.004458461538461538,0.0047270588235294115,0.0971198156682028
1705784152,1.6403343315603458,3.527927952402961,0.18396016610576318,0.23468305412913415,4.762739933172393,0.9935779539903525,0.4912380540005522,0.06365193264670509,0.35639387927052407,0.90539168128806,0.00011411533010620008,0.2867249253469155,0.523533451404204,40.21579229007478,1.3604586596844503,210522112,80371712,6057984,424255488,102961152,334524416,39698432,4550656,281739264,92614656,4718592,2883584,301195264,838864896,46235648,1468858.1596892066,0,988117.4032721986,44530.20955072976,0,0,0,1904557.2534591337,14,9,8,4,13,17,6,6,3,11,1,3,7,34,16,10.867,4.133,26.4,2.267,2.867,2.733,22.2,0.01625,0.0030941176470588236,0.033665644171779134,0.043478260869565216,0.002292307692307692,0.003070588235294118,0.009372727272727276,0.03372222222222223,0.004769411764705882,0.15478260869565214,0.16499999999999995,0.004458461538461538,0.0047270588235294115,0.0971198156682028
1705784153,1.6403343315603458,3.527927952402961,0.18396016610576318,0.23468305412913415,4.762739933172393,0.9935779539903525,0.4912380540005522,0.06500021203066082,0.35639387927052407,0.90539168128806,0.00011411533010620008,0.2867249253469155,0.523533451404204,40.21579229007478,1.3604586596844503,210522112,80371712,6057984,424255488,102961152,334524416,39698432,4550656,281739264,92614656,4718592,2883584,301195264,838864896,46235648,1468858.1596892066,0,988117.4032721986,44530.20955072976,0,0,0,1904557.2534591337,14,9,8,4,13,17,6,6,3,11,1,3,7,34,16,7.933,4.133,25.933,2.8,2.867,2.733,22.267,0.016282894736842104,0.0031204819277108435,0.034032012195121954,0.0422872340425532,0.002292307692307692,0.003070588235294118,0.009402573529411765,0.035986842105263143,0.004816867469879519,0.15948275862068956,0.158125,0.004458461538461538,0.0047270588235294115,0.09770833333333334
1705784154,1.6403343315603458,3.527927952402961,0.18396016610576318,0.23468305412913415,4.762739933172393,0.9935779539903525,0.4912380540005522,0.06634849141461657,0.35639387927052407,0.6032404858416281,0.00014649843164589942,0.2867249253469155,0.5235334514042039,40.21579229007478,1.3604586596844503,210522112,80371712,6057984,424255488,102961152,334524416,39698432,4550656,281739264,92614656,4718592,2883584,301195264,838864896,46235648,1468858.1596892066,0,988117.4032721986,44530.20955072976,0,0,0,1904557.2534591337,14,9,8,4,13,17,6,6,3,11,1,3,7,34,16,7.933,4.133,24.933,2.8,2.867,2.733,22.267,0.016282894736842104,0.0031204819277108435,0.03426204819277108,0.0422872340425532,0.002292307692307692,0.003070588235294118,0.009402573529411765,0.035986842105263143,0.004816867469879519,0.16074074074074104,0.158125,0.004458461538461538,0.0047270588235294115,0.09770833333333334
1705784155,1.2691224999999664,3.4497826986755165,0.18396016610576318,0.23468305412913415,4.762739933172393,0.9935779539903525,0.4912380540005522,0.08089676303734514,0.35639387927052407,0.5103575000000049,0.000180070285498532,0.2867249253469155,0.5235334514042039,40.21579229007478,1.3604586596844503,210522112,80691200,6057984,424255488,102961152,334524416,39698432,4550656,281739264,92614656,4718592,2883584,301195264,838864896,46235648,2212450.331125828,0,988117.4032721986,44530.20955072976,0,0,0,1904557.2534591337,14,9,8,4,13,17,6,6,3,11,1,3,7,34,16,7.933,4.133,24.933,2.8,2.867,2.733,22.267,0.016282894736842104,0.0031204819277108435,0.03426204819277108,0.0422872340425532,0.002292307692307692,0.003070588235294118,0.009402573529411765,0.035986842105263143,0.004816867469879519,0.16074074074074104,0.158125,0.004458461538461538,0.0047270588235294115,0.09770833333333334
1705784156,1.5065967991739704,3.4497826986755165,0.18396016610576318,0.23468305412913415,4.762739933172393,0.9935779539903525,0.4912380540005522,0.08089676303734514,0.35639387927052407,0.5103575000000049,0.000180070285498532,0.2867249253469155,0.5235334514042039,40.21579229007478,1.3604586596844503,210636800,80691200,6057984,424255488,102961152,334524416,39698432,4550656,281739264,92614656,4718592,2883584,301195264,838864896,46235648,2212450.331125828,0,988117.4032721986,44530.20955072976,0,0,0,1904557.2534591337,13,9,8,4,13,17,6,6,3,11,1,3,7,34,16,7.933,4.133,24.933,2.8,2.867,2.733,22.267,0.016282894736842104,0.0031204819277108435,0.03426204819277108,0.0422872340425532,0.002292307692307692,0.003070588235294118,0.009402573529411765,0.035986842105263143,0.004816867469879519,0.16074074074074104,0.158125,0.004458461538461538,0.0047270588235294115,0.09770833333333334
1705784157,1.5367207021166647,3.4497826986755165,0.1964612734580404,0.23468305412913415,4.762739933172393,1.3268993795753299,0.4912380540005522,0.08089676303734514,0.35639387927052407,0.5103575000000049,0.000180070285498532,0.2867249253469155,0.5252628776786925,40.21579229007478,1.3604586596844503,210636800,80691200,6057984,424255488,102961152,334741504,39698432,4550656,281739264,92614656,4718592,2883584,301195264,838864896,46235648,2212450.331125828,0,988117.4032721986,44530.20955072976,0,0,0,1904557.2534591337,13,9,8,4,13,17,6,6,3,11,1,3,7,34,16,7.933,4.133,24.933,2.8,2.867,2.733,22.267,0.016282894736842104,0.0031204819277108435,0.03426204819277108,0.0422872340425532,0.002292307692307692,0.003070588235294118,0.009402573529411765,0.035986842105263143,0.004816867469879519,0.16074074074074104,0.158125,0.004458461538461538,0.0047270588235294115,0.09770833333333334
1705784158,1.8074341765616815,3.4497826986755165,0.1964612734580404,0.23468305412913415,4.762739933172393,1.3268993795753299,0.4912380540005522,0.08089676303734514,0.35639387927052407,0.5103575000000049,0.000180070285498532,0.2867249253469155,0.5252628776786925,40.21579229007478,1.3604586596844503,210636800,80691200,6057984,424255488,102961152,334741504,39698432,4550656,281739264,92614656,4718592,2883584,301195264,838864896,46235648,2212450.331125828,0,988117.4032721986,44530.20955072976,0,0,0,1904557.2534591337,13,9,8,4,13,17,6,6,3,11,1,3,7,34,16,7.933,4.133,24.933,2.8,2.867,2.733,22.267,0.016282894736842104,0.0031204819277108435,0.03426204819277108,0.0422872340425532,0.002292307692307692,0.003070588235294118,0.009402573529411765,0.035986842105263143,0.004816867469879519,0.16074074074074104,0.158125,0.004458461538461538,0.0047270588235294115,0.09770833333333334
1705784159,1.8074341765616815,3.4497826986755165,0.1964612734580404,0.23468305412913415,4.762739933172393,1.3268993795753299,0.40530619057928063,0.08089676303734514,0.35639387927052407,0.5103575000000049,0.000180070285498532,0.2867249253469155,0.5252628776786925,40.21579229007478,1.3604586596844503,210636800,80691200,6057984,424255488,102961152,334741504,39698432,4550656,281739264,92614656,4718592,2883584,301195264,838864896,46235648,2212450.331125828,0,815266.8493489624,44530.20955072976,0,0,0,1904557.2534591337,13,9,8,4,13,17,6,6,3,11,1,3,7,34,16,7.933,4.133,24.933,2.8,2.867,2.733,22.267,0.016282894736842104,0.0031204819277108435,0.03426204819277108,0.0422872340425532,0.002292307692307692,0.003070588235294118,0.009402573529411765,0.035986842105263143,0.004816867469879519,0.16074074074074104,0.158125,0.004458461538461538,0.0047270588235294115,0.09770833333333334
1705784160,1.8074341765616815,3.4497826986755165,0.1964612734580404,0.2514691046658239,4.762739933172393,1.3268993795753299,0.39711888967927145,0.08089676303734514,0.35639387927052407,0.5103575000000049,0.000180070285498532,0.2867249253469155,0.5252628776786925,40.21579229007478,1.3604586596844503,210636800,80691200,6057984,424255488,102961152,334741504,39698432,4550656,281739264,92614656,4718592,2883584,301195264,838864896,46235648,2212450.331125828,0,798798.2259610924,44530.20955072976,0,0,0,1904557.2534591337,13,9,8,4,13,17,6,6,3,11,1,3,7,34,16,7.933,4.133,24.933,2.8,2.867,2.733,22.267,0.016282894736842104,0.0031204819277108435,0.03426204819277108,0.0422872340425532,0.002292307692307692,0.003070588235294118,0.009402573529411765,0.035986842105263143,0.004816867469879519,0.16074074074074104,0.158125,0.004458461538461538,0.0047270588235294115,0.09770833333333334
1705784161,1.8074341765616815,3.4497826986755165,0.1964612734580404,0.2514691046658239,4.762739933172393,1.3268993795753299,0.3889315887792622,0.08624299771311097,0.35639387927052407,0.5103575000000049,0.000180070285498532,0.2867249253469155,0.5252628776786925,40.21579229007478,1.3604586596844503,210636800,80691200,6057984,424255488,102961152,334741504,39698432,4550656,281739264,92614656,4718592,2883584,301195264,838864896,46235648,2212450.331125828,0,782329.6025732225,44530.20955072976,0,0,0,1904557.2534591337,13,9,8,4,13,17,6,6,3,11,1,3,7,34,16,7.933,4.4,24.933,2.8,2.867,2.733,22.267,0.016282894736842104,0.0030888888888888884,0.03426204819277108,0.0422872340425532,0.002292307692307692,0.003070588235294118,0.009402573529411765,0.035986842105263143,0.0047599999999999995,0.16074074074074104,0.158125,0.004458461538461538,0.0047270588235294115,0.09770833333333334
1705784162,1.8074341765616815,3.4497826986755165,0.1964612734580404,0.2514691046658239,4.0736111543417906,1.3268993795753299,0.380744287879253,0.08624299771311097,0.35639387927052407,0.5103575000000049,0.000180070285498532,0.2867249253469155,0.5252628776786925,40.4488658948232,1.3604586596844503,210636800,80691200,6057984,424255488,102961152,334741504,39698432,4550656,281739264,92614656,4718592,2883584,301195264,838864896,46235648,2212450.331125828,0,765860.9791853526,44530.20955072976,0,0,0,1904557.2534591337,13,9,8,4,13,17,6,6,3,11,1,3,7,34,16,7.933,4.4,24.933,2.8,2.867,2.733,21,0.016282894736842104,0.0030888888888888884,0.03426204819277108,0.0422872340425532,0.002292307692307692,0.003070588235294118,0.009341637010676156,0.035986842105263143,0.0047599999999999995,0.16074074074074104,0.158125,0.004458461538461538,0.0047270588235294115,0.09900473933649291
1705784163,1.8074341765616815,3.4497826986755165,0.1964612734580404,0.2514691046658239,3.994232155455584,1.3268993795753299,0.3725569869792438,0.08624299771311097,0.35639387927052407,0.5103575000000049,0.000180070285498532,0.2867249253469155,0.5789708215247003,40.4488658948232,1.3604586596844503,210636800,80691200,6057984,424255488,102961152,334741504,39698432,4550656,281739264,92614656,4718592,2883584,301195264,838864896,46235648,2212450.331125828,0,749392.3557974824,44530.20955072976,0,0,0,1904557.2534591337,13,9,8,4,13,17,6,6,3,11,1,3,7,34,16,7.933,4.4,24.933,2.8,2.533,2.733,21,0.016282894736842104,0.003088888888888889,0.03426204819277108,0.0422872340425532,0.0021384615384615387,0.003070588235294118,0.009341637010676156,0.035986842105263143,0.0047599999999999995,0.16074074074074104,0.158125,0.004427692307692308,0.0047270588235294115,0.09900473933649291
1705784164,1.8074341765616815,3.4497826986755165,0.1866846997091676,0.2466000163559031,3.914853156569378,1.3268993795753299,0.36436968607923464,0.08624299771311097,0.2905931743357066,0.8736007292616225,0.000180070285498532,0.28583460949463985,0.5789708215247003,40.4488658948232,1.3604586596844503,210636800,80691200,6041600,424259584,102961152,334741504,39698432,4550656,281739264,92614656,4718592,2883584,301195264,838864896,46235648,2212450.331125828,0,732923.7324096126,36308.63406988648,0,0,0,1904557.2534591337,13,9,8,4,13,17,6,6,3,11,1,3,7,34,16,7.933,4.4,24.933,2.8,2.533,2.533,21,0.016282894736842104,0.003088888888888889,0.03426204819277108,0.0422872340425532,0.0021384615384615387,0.0030930232558139532,0.009341637010676156,0.035986842105263143,0.0047599999999999995,0.16074074074074104,0.158125,0.004427692307692308,0.004767441860465116,0.09900473933649291
1705784165,1.8074341765616815,3.4497826986755165,0.1866846997091676,0.2466000163559031,3.8354741576831706,1.3268993795753299,0.35618238517922535,0.08624299771311097,0.28465327634786447,0.8736007292616225,0.000180070285498532,0.28583460949463985,0.5789708215247003,40.4488658948232,1.3604586596844503,210636800,80691200,6041600,424259584,102961152,334741504,39698432,4550656,281739264,92614656,4718592,2883584,301195264,838864896,46235648,2212450.331125828,0,716455.1090217425,35566.46391070765,0,0,0,1904557.2534591337,13,9,8,4,13,17,6,6,3,11,1,3,7,34,16,7.6,4.4,24.933,2.467,2.2,2.2,20,0.016400862068965516,0.003088888888888889,0.03426204819277108,0.04090909090909091,0.0021764705882352945,0.0030898876404494386,0.009203020134228187,0.03644736842105262,0.0047599999999999995,0.16074074074074104,0.1790909090909092,0.004435294117647059,0.0047617977528089895,0.09873762376237619
1705784166,1.8074341765616815,3.4497826986755165,0.1866846997091676,0.2466000163559031,4.15881917594895,1.3268993795753299,0.4880480596022992,0.08624299771311097,0.2787133783600224,0.8736007292616225,0.000180070285498532,0.29699057202642776,0.5789708215247003,33.70182652662546,1.3844098145467953,210636800,80691200,6041600,424259584,106016768,334741504,39837696,4550656,281739264,92614656,4718592,2883584,301195264,838864896,46235648,2212450.331125828,0,823798.9471659175,34824.29375152882,0,0,0,2219568.509979469,13,9,8,4,11,17,6,6,3,11,1,3,7,34,16,7.6,4.4,24.933,2.467,2.2,2.2,20,0.016400862068965516,0.003088888888888889,0.03426204819277108,0.04090909090909091,0.0021764705882352945,0.0030898876404494386,0.009203020134228187,0.03644736842105262,0.0047599999999999995,0.16074074074074104,0.1790909090909092,0.004435294117647059,0.0047617977528089895,0.09873762376237619
1705784167,1.8074341765616815,3.720204945422139,0.1866846997091676,0.2466000163559031,4.243655235581201,1.3268993795753299,0.4880480596022992,0.08624299771311097,0.30960834750121985,0.8736007292616225,0.000180070285498532,0.29699057202642776,0.5328288337423817,39.89736926403456,1.3844098145467953,210636800,80691200,6041600,424259584,106016768,334741504,39837696,4550656,281739264,92614656,4718592,2883584,301195264,376590336,46235648,2532056.1372243264,0,823798.9471659175,0,0,0,0,2219568.509979469,13,9,8,4,11,17,6,6,3,11,1,3,7,34,16,7.6,4.4,24.933,2.467,2.2,2.2,20,0.016400862068965516,0.003088888888888889,0.03426204819277108,0.04090909090909091,0.0021764705882352945,0.0030898876404494386,0.009203020134228187,0.03644736842105262,0.0047599999999999995,0.16074074074074104,0.1790909090909092,0.004435294117647059,0.0047617977528089895,0.09873762376237619
1705784168,1.8074341765616815,3.6857946291454002,0.1866846997091676,0.2466000163559031,4.328491295213452,1.3268993795753299,0.4880480596022992,0.08624299771311097,0.30287165358167895,0.8736007292616225,0.00014655545390297395,0.29699057202642776,0.5328288337423817,39.89736926403456,1.3844098145467953,210636800,80723968,6041600,424259584,106016768,334741504,39837696,4550656,281739264,92614656,4718592,2883584,301195264,376590336,46235648,2252604.490930976,0,823798.9471659175,0,0,0,0,2219568.509979469,13,9,8,4,11,17,6,6,3,11,1,3,7,34,16,8.933,4.333,24.733,2.067,2.2,2.2,19.467,0.01638671875,0.003096774193548387,0.0345610119047619,0.040625,0.0021764705882352945,0.0030898876404494386,0.009324324324324323,0.03487804878048785,0.004774193548387097,0.16767857142857132,0.1837500000000001,0.004435294117647059,0.0047617977528089895,0.09955882352941174
1705784169,1.8074341765616815,3.6857946291454002,0.1866846997091676,0.2466000163559031,5.090163577935076,1.3268993795753299,0.4947283973583837,0.08624299771311097,0.29613495966213804,0.8736007292616225,0.00014355428247799843,0.29699057202642776,0.5328288337423817,39.89736926403456,1.3844098145467953,210636800,80723968,6041600,424259584,106016768,334741504,39837696,4550656,281739264,92614656,4718592,2883584,301195264,376590336,46235648,2252604.490930976,0,923895.451585899,0,0,0,0,2219568.509979469,13,9,8,4,11,17,6,6,3,11,1,3,7,34,16,8.933,4.333,25.867,2.067,2.2,2.2,19.467,0.01638671875,0.003096774193548387,0.035029940119760475,0.040625,0.0021764705882352945,0.0030898876404494386,0.009324324324324323,0.03487804878048785,0.004774193548387097,0.1784883720930231,0.1837500000000001,0.004435294117647059,0.0047617977528089895,0.09955882352941174
1705784170,1.8074341765616815,3.6857946291454002,0.1866846997091676,0.2466000163559031,5.090163577935076,1.3268993795753299,0.4947283973583837,0.08624299771311097,0.28939826574259714,0.8736007292616225,0.0001405531110530229,0.29699057202642776,0.5328288337423817,39.89736926403456,1.3844098145467953,210636800,80723968,6041600,424259584,106016768,334741504,39837696,4550656,281739264,92614656,4718592,2883584,301195264,376590336,46235648,2252604.490930976,0,923895.451585899,0,0,0,0,2219568.509979469,13,9,8,4,11,17,6,6,3,11,1,3,7,34,16,8.933,4.333,25.867,2.067,2.2,2.2,19.467,0.01638671875,0.003096774193548387,0.035029940119760475,0.040625,0.0021764705882352945,0.0030898876404494386,0.009324324324324323,0.03487804878048785,0.004774193548387097,0.1784883720930231,0.1837500000000001,0.004435294117647059,0.0047617977528089895,0.09955882352941174
1705784171,1.8074341765616815,3.6857946291454002,0.1866846997091676,0.2466000163559031,5.090163577935076,1.437241959153098,0.4947283973583837,0.08624299771311097,0.2826615718230563,0.8736007292616225,0.00013755193962804735,0.29699057202642776,0.5328288337423817,39.89736926403456,1.3844098145467953,210636800,80723968,6041600,424259584,106016768,334741504,39837696,4550656,281739264,92614656,4718592,2883584,301195264,376590336,46235648,2252604.490930976,0,923895.451585899,0,0,0,0,2219568.509979469,13,9,8,4,11,17,6,6,3,11,1,3,7,34,16,8.933,4.333,25.867,2.067,2.2,2.2,19.467,0.01638671875,0.003096774193548387,0.035029940119760475,0.040625,0.0021764705882352945,0.0030898876404494386,0.009324324324324323,0.03487804878048785,0.004774193548387097,0.1784883720930231,0.1837500000000001,0.004435294117647059,0.0047617977528089895,0.09955882352941174
1705784172,1.9232386001755777,3.6857946291454002,0.1866846997091676,0.2466000163559031,5.090163577935076,1.5521464617891385,0.4947283973583837,0.08624299771311097,0.27592487790351544,0.8736007292616224,0.00013455076820307184,0.29699057202642776,0.5328288337423817,39.89736926403456,1.3844098145467953,210636800,80723968,6041600,424259584,106016768,334770176,39837696,4550656,281739264,92614656,4718592,2883584,301195264,376590336,46235648,2252604.490930976,0,923895.451585899,0,0,0,0,2219568.509979469,13,9,8,4,11,25,6,6,3,11,1,3,7,34,16,8.933,4.333,25.867,2.067,2.2,2.2,19.467,0.01638671875,0.003096774193548387,0.035029940119760475,0.040625,0.0021764705882352945,0.0030898876404494386,0.009324324324324323,0.03487804878048785,0.004774193548387097,0.1784883720930231,0.1837500000000001,0.004435294117647059,0.0047617977528089895,0.09955882352941174
1705784173,1.9232386001755777,3.6857946291454002,0.1866846997091676,0.2466000163559031,5.090163577935076,1.5521464617891385,0.4947283973583837,0.08624299771311097,0.26918818398397454,0.8736007292616224,0.0001315495967780963,0.29699057202642776,0.5328288337423817,39.89736926403456,1.3844098145467953,210636800,80723968,6041600,424259584,106016768,334770176,39837696,4550656,281739264,92614656,4718592,2883584,301195264,376590336,46235648,2252604.490930976,0,923895.451585899,0,0,0,0,2219568.509979469,13,9,8,4,11,25,6,6,3,11,1,3,7,34,16,8.933,4.333,25.867,2.067,2.2,2.2,19.467,0.01638671875,0.003096774193548387,0.035029940119760475,0.040625,0.0021764705882352945,0.0030898876404494386,0.009324324324324323,0.03487804878048785,0.004774193548387097,0.1784883720930231,0.1837500000000001,0.004435294117647059,0.0047617977528089895,0.09955882352941174
1705784174,1.887165579585791,3.6857946291454002,0.1866846997091676,0.2466000163559031,5.090163577935076,1.5521464617891385,0.4947283973583837,0.0847461728035495,0.26245149006443363,0.8736007292616224,0,0.29699057202642776,0.5328288337423817,39.89736926403456,1.3844098145467953,210636800,80723968,6041600,424259584,106016768,334770176,39837696,4550656,281739264,92614656,4718592,2883584,301195264,376590336,46235648,2252604.490930976,0,923895.451585899,0,0,0,0,2219568.509979469,13,9,8,4,11,25,6,6,3,11,1,3,7,34,16,8.933,4.333,25.867,2.067,2.2,2.2,19.467,0.01638671875,0.003096774193548387,0.035029940119760475,0.040625,0.0021764705882352945,0.0030898876404494386,0.009324324324324323,0.03487804878048785,0.004774193548387097,0.1784883720930231,0.1837500000000001,0.004435294117647059,0.0047617977528089895,0.09955882352941174
1705784175,1.887165579585791,3.6857946291454002,0.15838365492714265,0.2369476973396001,5.090163577935076,1.5521464617891385,0.4947283973583837,0.08648585836922532,0.25571479614489273,0.8736007292616224,0,0.29699057202642776,0.5328288337423817,39.89736926403456,1.3844098145467953,210636800,80723968,6041600,424259584,106016768,334770176,39837696,4550656,281739264,92614656,4718592,2883584,301195264,376590336,46235648,2252604.490930976,0,923895.451585899,0,0,0,0,2219568.509979469,13,9,8,4,11,25,6,6,3,11,1,3,7,34,16,8.933,4.333,25.867,2.067,2.2,2.2,19.467,0.01638671875,0.003096774193548387,0.035029940119760475,0.040625,0.0021764705882352945,0.0030898876404494386,0.009324324324324323,0.03487804878048785,0.004774193548387097,0.1784883720930231,0.1837500000000001,0.004435294117647059,0.0047617977528089895,0.09955882352941174
1705784176,1.887165579585791,3.6857946291454002,0.18872421844597367,0.2369476973396001,5.090163577935076,1.5521464617891385,0.4947283973583837,0.08822554393490116,0.5504494606472176,0.8736007292616224,0,0.29699057202642776,0.5328288337423817,39.89736926403456,1.3844098145467953,210636800,80723968,6041600,424259584,106016768,334770176,39837696,4550656,281755648,92614656,4718592,2883584,301195264,376590336,46235648,2252604.490930976,0,923895.451585899,32728.725529364765,0,0,0,2219568.509979469,13,9,8,4,11,25,6,6,3,11,1,3,7,34,16,8.933,4.667,25.867,2.067,2.2,2.2,19.467,0.01638671875,0.0031069518716577544,0.035029940119760475,0.040625,0.0021764705882352945,0.0030898876404494386,0.009324324324324323,0.03487804878048785,0.004792513368983958,0.1784883720930231,0.1837500000000001,0.004435294117647059,0.0047617977528089895,0.09955882352941174
1705784177,1.887165579585791,3.6857946291454002,0.18872421844597367,0.2369476973396001,5.090163577935076,1.5521464617891385,0.4947283973583837,0.08833340443997305,0.5504494606472176,0.8736007292616224,0,0.29699057202642776,0.5328288337423817,39.43646942456516,1.3844098145467953,210636800,80723968,6041600,424259584,106016768,334770176,39837696,4550656,281755648,92614656,4718592,2883584,301195264,376590336,46235648,2252604.490930976,0,923895.451585899,32728.725529364765,0,0,0,2219568.509979469,13,9,8,4,11,25,6,6,3,11,1,3,7,34,16,8.933,4.667,25.867,2.067,2.2,2.2,19.4,0.01638671875,0.0031069518716577544,0.035029940119760475,0.040625,0.0021764705882352945,0.0030898876404494386,0.009472843450479232,0.03487804878048785,0.004792513368983958,0.1784883720930231,0.1837500000000001,0.004435294117647059,0.0047617977528089895,0.09914798206278028
1705784178,1.887165579585791,3.6857946291454002,0.18872421844597367,0.2369476973396001,5.090163577935076,1.5521464617891385,0.4947283973583837,0.08659371887429723,0.5504494606472176,0.8736007292616224,0,0.29945075521158415,0.5712231565660854,39.43646942456516,1.3844098145467953,210636800,80723968,6041600,424259584,106016768,334770176,39837696,4550656,281755648,92614656,4718592,3014656,301195264,376590336,46235648,2252604.490930976,0,923895.451585899,32728.725529364765,0,0,0,2219568.509979469,13,9,8,4,11,25,6,6,3,11,1,3,7,34,16,8.933,4.667,25.867,2.067,2,2.2,19.4,0.01638671875,0.003106951871657754,0.035029940119760475,0.040625,0.0021944444444444446,0.0030898876404494386,0.009472843450479232,0.03487804878048785,0.004792513368983958,0.1784883720930231,0.1837500000000001,0.004438888888888889,0.0047617977528089895,0.09914798206278028
1705784179,1.887165579585791,3.6857946291454002,0.18872421844597367,0.2369476973396001,5.068240787847946,1.5521464617891385,0.4947283973583837,0.0848540333086214,0.5504494606472176,0.8736007292616224,0,0.29945075521158415,0.5525924205952987,39.43646942456516,1.3488340968754788,210636800,80723968,6041600,424259584,106729472,334770176,39837696,4550656,281755648,92614656,4718592,3014656,301195264,376590336,46268416,2252604.490930976,0,923895.451585899,32728.725529364765,0,0,0,1841341.0888625795,13,9,8,4,11,25,6,6,3,11,1,3,7,34,16,8.933,4.667,25.867,2.067,2,2,19.4,0.01638671875,0.003106951871657754,0.035029940119760475,0.040625,0.0021944444444444446,0.0030833333333333333,0.009472843450479232,0.03487804878048785,0.004792513368983958,0.1784883720930231,0.1837500000000001,0.004438888888888889,0.00475,0.09914798206278028
1705784180,1.887165579585791,2.4092846356422326,0.18872421844597367,0.2369476973396001,5.068240787847946,1.5521464617891385,0.4947283973583837,0.08311434774294557,0.5504494606472176,0.8692525869592368,0,0.29945075521158415,0.563518293690418,39.43646942456516,1.3488340968754784,210636800,80723968,6041600,424259584,106729472,334770176,39837696,4550656,281755648,92614656,4718592,3014656,301195264,376590336,46268416,2099725.6691191923,0,923895.451585899,32728.725529364765,0,0,0,1841341.0888625793,13,9,8,4,11,25,6,6,3,11,1,3,7,34,16,8.8,4.667,25.867,1.933,1.867,1.867,19,0.01638358778625954,0.003106951871657754,0.035029940119760475,0.04147727272727273,0.002265822784810127,0.003118811881188119,0.00951086956521739,0.03445121951219515,0.004792513368983958,0.1784883720930231,0.19230769230769248,0.004453164556962026,0.004813861386138613,0.09893939393939395
1705784181,1.887165579585791,2.0209425000000185,0.1569556416742348,0.23912721749459387,5.068240787847946,1.5521464617891385,0.4947283973583837,0.09266070314125296,0.5504494606472176,0.8692525869592368,0,0.29945075521158415,0.6555523857071549,39.43646942456516,1.3118375918795917,210636800,80723968,6041600,424251392,106729472,334770176,39837696,4550656,281755648,92614656,4718592,3014656,301195264,376590336,46268416,1761280,0,923895.451585899,32728.725529364765,0,0,0,1448008.400420021,13,9,8,4,11,25,6,6,3,11,1,3,7,34,16,8.8,4.667,25.867,1.933,1.867,1.867,19,0.01638358778625954,0.003106951871657754,0.035029940119760475,0.04147727272727273,0.002265822784810127,0.003118811881188119,0.00951086956521739,0.03445121951219515,0.004792513368983958,0.1784883720930231,0.19230769230769248,0.004453164556962026,0.004813861386138613,0.09893939393939395
1705784182,1.887165579585791,2.6669781659032417,0.15381023803346855,0.23912721749459387,5.068240787847946,1.5521464617891385,0.48270448257718473,0.09266070314125296,0.5504494606472176,0.7208566828221791,0,0.25426666392534886,0.6555523857071549,39.43646942456516,1.3118375918795917,210636800,80760832,6041600,424251392,106729472,334770176,39936000,4550656,281755648,92614656,4718592,3014656,301195264,376590336,46268416,1792084.645922182,0,785593.292258601,32728.725529364765,0,0,0,1448008.400420021,13,9,8,4,11,25,6,6,3,11,1,3,7,34,16,8.8,4.667,25.867,1.933,1.867,1.867,19,0.01638358778625954,0.003106951871657754,0.035029940119760475,0.04147727272727273,0.002265822784810127,0.003118811881188119,0.00951086956521739,0.03445121951219515,0.004792513368983958,0.1784883720930231,0.19230769230769248,0.004453164556962026,0.004813861386138613,0.09893939393939395
1705784183,1.887165579585791,2.726352540672894,0.19493298070565715,0.23912721749459387,5.068240787847946,1.5521464617891385,0.4707451115091165,0.09266070314125296,0.5504494606472176,0.7063691397061919,0,0.29421444784367967,0.6555523857071549,39.43646942456516,1.3118375918795917,210636800,80760832,6037504,424251392,106729472,334770176,39936000,4550656,281755648,92614656,4718592,3014656,301195264,376590336,46268416,1831981.4500078978,0,532613.655879683,32728.725529364765,0,0,0,1448008.400420021,13,9,8,4,11,25,6,6,3,11,1,3,7,34,16,9.067,4.667,26.267,1.867,1.867,1.867,19.133,0.01609375,0.003118918918918919,0.0361404833836858,0.04232954545454545,0.002265822784810127,0.003118811881188119,0.009552469135802467,0.034451219512195146,0.0048140540540540545,0.18437500000000012,0.198076923076923,0.004453164556962026,0.004813861386138613,0.09889830508474576
1705784184,1.879251022949671,2.7857269154425457,0.19493298070565715,0.23912721749459387,5.050992959228999,1.5521464617891385,0.4707451115091165,0.09266070314125296,0.5504494606472176,0.6918815965902045,0,0.29421444784367967,0.6555523857071549,39.43646942456516,1.3118375918795917,210681856,80760832,6037504,424251392,106729472,334770176,39936000,4550656,281755648,92614656,4718592,3014656,301195264,376590336,46268416,1871878.2540936128,0,532613.655879683,32728.725529364765,0,0,0,1448008.400420021,13,9,8,4,11,25,6,6,3,11,1,3,7,34,16,9.067,4.667,26.267,1.867,1.867,1.867,19.133,0.01609375,0.003118918918918919,0.03719788519637462,0.04232954545454545,0.002265822784810127,0.003118811881188119,0.009552469135802467,0.034451219512195146,0.0048140540540540545,0.18983695652173918,0.198076923076923,0.004453164556962026,0.004813861386138613,0.09889830508474576
1705784185,1.879251022949671,2.8451012902121984,0.19493298070565715,0.23912721749459387,5.050992959228999,1.5521464617891385,0.4707451115091165,0.09266070314125296,0.5504494606472176,0.6773940534742173,0,0.29421444784367967,0.6555523857071549,39.43646942456516,1.3118375918795917,210681856,80760832,6037504,424251392,106729472,334770176,39936000,4550656,281755648,92614656,4718592,3014656,301195264,376590336,46268416,1911775.0581793291,0,532613.655879683,32728.725529364765,0,0,0,1448008.400420021,13,9,8,4,11,25,6,6,3,11,1,3,7,34,16,9.067,4.667,26.267,1.867,1.867,1.867,19.133,0.01609375,0.003118918918918919,0.03719788519637462,0.04232954545454545,0.002265822784810127,0.003118811881188119,0.009552469135802467,0.034451219512195146,0.0048140540540540545,0.18983695652173918,0.198076923076923,0.004453164556962026,0.004813861386138613,0.09889830508474576
1705784186,1.879251022949671,2.90447566498185,0.19493298070565715,0.23912721749459387,5.050992959228999,1.5521464617891385,0.4707451115091165,0.09266070314125296,0.6359501123737671,0.66290651035823,0,0.29421444784367967,0.6555523857071549,32.1469666886795,1.3118375918795917,210681856,80760832,6037504,424251392,106729472,334770176,39936000,4550656,281755648,92614656,4718592,3014656,301195264,376590336,46268416,1951671.8622650448,0,532613.655879683,51862.87233705803,0,0,0,1448008.400420021,13,9,8,4,11,25,6,6,3,11,1,3,7,34,16,9.067,4.667,26.267,1.867,1.867,1.867,19.133,0.01609375,0.003118918918918919,0.03719788519637462,0.04232954545454545,0.002265822784810127,0.003118811881188119,0.009552469135802467,0.034451219512195146,0.0048140540540540545,0.18983695652173918,0.198076923076923,0.004453164556962026,0.004813861386138613,0.09889830508474576
1705784187,1.879251022949671,2.963850039751503,0.19493298070565715,0.23912721749459387,5.050992959228999,1.5521464617891385,0.4707451115091165,0.09266070314125296,0.6359501123737671,0.6484189672422427,0,0.29421444784367967,0.6555523857071549,31.489692198270074,1.3118375918795917,210681856,80760832,6037504,424251392,106729472,334770176,39936000,4550656,281755648,92614656,4718592,3014656,301195264,376590336,46268416,1991568.6663507607,0,532613.655879683,51862.87233705803,0,0,0,1448008.400420021,13,9,8,4,11,25,6,6,3,11,1,3,7,34,16,9.067,4.667,26.267,1.867,1.867,1.867,19.133,0.01609375,0.003118918918918919,0.03719788519637462,0.04232954545454545,0.002265822784810127,0.003118811881188119,0.009552469135802467,0.034451219512195146,0.0048140540540540545,0.18983695652173918,0.198076923076923,0.004453164556962026,0.004813861386138613,0.09889830508474576
1705784188,1.9111555323353944,3.0232244145211546,0.19493298070565715,0.23912721749459387,5.050992959228999,1.4267094916837435,0.4707451115091165,0.09266070314125296,0.6359501123737671,0.6339314241262554,0,0.29421444784367967,0.6555523857071549,30.83241770786066,1.3118375918795917,210681856,80760832,6037504,424251392,106729472,334770176,39936000,4550656,281755648,92614656,4718592,3014656,301195264,376590336,46268416,2031465.4704364762,0,532613.655879683,51862.87233705803,0,0,0,1448008.400420021,13,9,8,4,11,25,6,6,3,11,1,3,7,34,16,9.067,4.667,26.267,1.867,1.867,1.867,19.133,0.01609375,0.003118918918918919,0.03719788519637462,0.04232954545454545,0.002265822784810127,0.003118811881188119,0.009552469135802467,0.034451219512195146,0.0048140540540540545,0.18983695652173918,0.198076923076923,0.004453164556962026,0.004813861386138613,0.09889830508474576
1705784189,1.9111555323353944,3.0825987892908073,0.1949329807056571,0.23912721749459387,5.050992959228999,1.3986580668710942,0.4707451115091165,0.09266070314125296,0.6359501123737671,0.6194438810102681,0.00012398577810192107,0.29421444784367967,0.6555523857071549,30.17514321745124,1.3118375918795917,210681856,80760832,6037504,424251392,106729472,334770176,39936000,4550656,281755648,92614656,4718592,3014656,301195264,376590336,46268416,2071362.274522192,0,532613.655879683,51862.87233705803,0,0,0,1448008.400420021,13,9,8,4,11,25,6,6,3,11,1,3,7,34,16,9.067,4.667,26.267,1.867,1.867,1.867,19.133,0.01609375,0.003118918918918919,0.03719788519637462,0.04232954545454545,0.002265822784810127,0.003118811881188119,0.009552469135802467,0.034451219512195146,0.0048140540540540545,0.18983695652173918,0.198076923076923,0.004453164556962026,0.004813861386138613,0.09889830508474576
1705784190,1.9111555323353944,3.5624624861791374,0.1949329807056571,0.24054574077313123,5.050992959228999,1.3706066420584453,0.4707451115091165,0.09266070314125296,0.5347152190117025,0.6049563378942808,0.00012398577810192107,0.29421444784367967,0.6555523857071549,29.51786872704182,1.3118375918795917,210681856,80760832,6037504,424251392,106729472,334770176,39936000,4550656,281751552,92614656,4718592,3014656,301195264,376590336,46268416,2393808.2451429474,0,532613.655879683,89796.99215153241,0,0,0,1448008.400420021,13,9,8,4,11,25,6,6,3,11,1,3,7,34,16,9.067,4.667,26.267,1.867,1.867,1.867,19.133,0.01609375,0.003118918918918919,0.03719788519637462,0.04232954545454545,0.002265822784810127,0.003118811881188119,0.009552469135802467,0.034451219512195146,0.0048140540540540545,0.18983695652173918,0.198076923076923,0.004453164556962026,0.004813861386138613,0.09889830508474576
1705784191,1.9111555323353944,3.5624624861791374,0.1949329807056571,0.24054574077313123,5.050992959228999,1.5249564700386546,0.4707451115091165,0.09266070314125296,0.5347152190117025,0.5904687947782937,0.00012398577810192107,0.29421444784367967,0.6555523857071549,28.860594236632398,1.3118375918795917,210681856,80760832,6037504,424251392,106729472,334802944,39936000,4550656,281751552,92614656,4718592,3014656,301195264,376590336,46268416,2393808.2451429474,0,532613.655879683,89796.99215153241,0,0,0,1448008.400420021,13,9,8,4,11,18,6,6,3,11,1,3,7,34,16,9.067,3.933,26.267,1.867,1.867,1.867,19.133,0.01609375,0.0031304347826086962,0.03719788519637462,0.04232954545454545,0.002265822784810127,0.003118811881188119,0.009552469135802467,0.034451219512195146,0.004834782608695653,0.18983695652173918,0.198076923076923,0.004453164556962026,0.004813861386138613,0.09889830508474576
1705784192,1.9111555323353944,3.5624624861791374,0.1949329807056571,0.24054574077313123,5.050992959228999,1.5249564700386546,0.4707451115091165,0.09266070314125296,0.5347152190117025,0.5909711829597808,0.00012398577810192107,0.29421444784367967,0.6555523857071549,28.1924536418433,1.3118375918795917,210681856,80760832,6037504,424251392,106729472,334802944,39936000,4550656,281751552,92614656,4718592,3014656,301195264,376590336,46268416,2393808.2451429474,0,532613.655879683,89796.99215153241,0,0,0,1448008.400420021,13,9,8,4,11,18,6,6,3,11,1,3,7,34,16,9.067,3.933,26.267,1.867,1.867,1.867,17,0.01609375,0.0031304347826086962,0.03719788519637462,0.04232954545454545,0.002265822784810127,0.003118811881188119,0.00932601880877743,0.034451219512195146,0.004834782608695653,0.18983695652173918,0.198076923076923,0.004453164556962026,0.004813861386138613,0.09812206572769953
1705784193,1.9111555323353944,3.3706299929214216,0.17619929453262811,0.24054574077313123,5.050992959228999,1.5249564700386546,0.4707451115091165,0.08539948902566541,0.5347152190117025,0.8536801503313259,0.00012398577810192107,0.28738646193771783,0.5627644084468547,39.66395237352002,1.3118375918795917,210681856,80769024,6037504,424251392,106729472,334802944,39936000,4550656,281751552,92631040,4718592,3010560,301195264,838881280,46268416,2128975.629487309,0,532613.655879683,89796.99215153241,0,0,0,1448008.400420021,13,9,8,4,11,18,6,6,3,11,1,3,7,34,16,9.067,3.933,26.267,1.867,1.867,1.867,17,0.01609375,0.003130434782608696,0.03719788519637462,0.04232954545454545,0.002154929577464789,0.003118811881188119,0.00932601880877743,0.034451219512195146,0.004834782608695653,0.18983695652173918,0.198076923076923,0.004430985915492958,0.004813861386138613,0.09812206572769953
1705784194,1.9111555323353944,3.3706299929214216,0.17619929453262811,0.24054574077313123,5.050992959228999,1.5249564700386546,0.4707451115091165,0.08539948902566541,0.5347152190117025,0.8536801503313259,0.0001676776643487661,0.28738646193771783,0.5518385353517354,39.66395237352002,1.3118375918795917,210681856,80769024,6037504,424251392,106729472,334802944,39936000,4550656,281751552,92631040,4718592,3010560,301195264,838881280,46268416,2128975.629487309,0,532613.655879683,89796.99215153241,0,0,0,1448008.400420021,13,9,8,4,11,18,6,6,3,11,1,3,7,34,16,9.067,3.933,26.267,1.867,1.867,1.933,17,0.01609375,0.003130434782608696,0.03719788519637462,0.04232954545454545,0.002154929577464789,0.003125,0.00932601880877743,0.034451219512195146,0.004834782608695653,0.18983695652173918,0.198076923076923,0.004430985915492958,0.004825,0.09812206572769953
1705784195,1.9111555323353944,3.3706299929214216,0.17619929453262811,0.24054574077313123,4.296472824872172,1.5249564700386546,0.4707451115091165,0.08539948902566541,0.5347152190117025,0.8536801503313259,0.0001676776643487661,0.28738646193771783,0.5409126622566162,39.66395237352002,1.3118375918795917,210681856,80769024,6037504,424251392,106729472,334802944,39936000,4550656,281751552,92631040,4718592,3010560,301195264,838881280,46268416,2128975.629487309,0,532613.655879683,89796.99215153241,0,0,0,1448008.400420021,13,9,8,4,11,18,6,6,3,11,1,3,7,34,16,9.333,3.933,26.267,2.133,2.133,2.2,17.8,0.01621875,0.003130434782608696,0.03719788519637462,0.04273255813953488,0.0020769230769230765,0.0031333333333333335,0.009234375,0.03420731707317073,0.004834782608695653,0.18983695652173918,0.17625000000000007,0.004415384615384614,0.00484,0.09752427184466024
1705784196,1.9111555323353944,3.3706299929214216,0.17619929453262811,0.24054574077313123,4.212289608885021,1.5249564700386546,0.4707451115091165,0.08539948902566541,0.5347152190117025,0.8536801503313259,0.0001676776643487661,0.28738646193771783,0.6626756386861505,39.66395237352002,1.3118375918795917,210681856,80769024,6037504,424251392,106729472,334802944,39936000,4550656,281751552,92631040,4718592,3010560,301195264,838881280,46268416,2128975.629487309,0,532613.655879683,89796.99215153241,0,0,0,1448008.400420021,13,9,8,4,11,18,6,6,3,11,1,3,7,34,16,9.333,3.933,26.267,2.133,2.133,2.2,17.8,0.01621875,0.003130434782608696,0.03719788519637462,0.04273255813953488,0.0020769230769230765,0.0031333333333333335,0.009234375,0.03420731707317073,0.004834782608695653,0.18983695652173918,0.17625000000000007,0.004415384615384614,0.00484,0.09752427184466024
1705784197,1.7782788624788048,3.3706299929214216,0.17619929453262811,0.24054574077313123,4.2534627496633535,1.5249564700386546,0.48162882142477814,0.08539948902566541,0.5347152190117025,0.8536801503313259,0.0001676776643487661,0.2857139433446791,0.6626756386861505,39.66395237352002,1.3118375918795917,210661376,80769024,6037504,424251392,106729472,334802944,40042496,4550656,281751552,92631040,4718592,3010560,301195264,838881280,46268416,2128975.629487309,0,841574.267597152,89796.99215153241,0,0,0,1448008.400420021,13,9,8,4,11,18,6,6,3,11,1,3,7,34,16,9.333,3.933,26.267,2.133,2.133,2.2,17.8,0.01621875,0.003130434782608696,0.03719788519637462,0.04273255813953488,0.0020769230769230765,0.0031333333333333335,0.009234375,0.03420731707317073,0.004834782608695653,0.18983695652173918,0.17625000000000007,0.004415384615384614,0.00484,0.09752427184466024
1705784198,1.7782788624788048,3.3706299929214216,0.17619929453262811,0.24054574077313123,4.916283722104623,1.5249564700386546,0.48162882142477814,0.08539948902566541,0.5347152190117025,0.8536801503313259,0.0001676776643487661,0.2857139433446791,0.6626756386861505,39.66395237352002,1.313531639410153,210661376,80769024,6037504,424251392,98877440,334802944,40042496,4550656,281751552,92631040,4718592,3010560,301195264,838881280,46387200,2128975.629487309,0,841574.267597152,89796.99215153241,0,0,0,1845786.701081093,13,9,8,4,11,18,6,6,3,11,1,3,7,34,16,6.667,3.467,23.867,2.267,2.133,2.2,17.067,0.01616883116883117,0.0031222222222222224,0.03635646687697161,0.04289772727272727,0.0020769230769230765,0.0031333333333333335,0.00921875,0.03195652173913044,0.0048200000000000005,0.18750000000000006,0.13449999999999987,0.004415384615384614,0.00484,0.09751243781094528
1705784199,1.7782788624788048,3.3706299929214216,0.17619929453262811,0.22514501939994597,4.916283722104623,1.5249564700386546,0.48162882142477814,0.08539948902566541,0.5347152190117025,0.8536801503313259,0.0001676776643487661,0.2857139433446791,0.6626756386861505,39.66395237352002,1.313531639410153,210661376,80769024,6037504,424013824,98877440,334802944,40042496,4550656,281751552,92631040,4718592,3010560,301195264,838881280,46387200,2128975.629487309,0,841574.267597152,89796.99215153241,0,0,0,1845786.701081093,13,9,8,4,11,18,6,6,3,11,1,3,7,34,16,6.667,3.467,20.933,2.267,2.133,2.2,17.067,0.01616883116883117,0.0031222222222222224,0.03545751633986928,0.04289772727272727,0.0020769230769230765,0.0031333333333333335,0.00921875,0.03195652173913044,0.0048200000000000005,0.18567010309278345,0.13449999999999987,0.004415384615384614,0.00484,0.09751243781094528
1705784200,1.560190237381231,3.3706299929214216,0.17619929453262811,0.22514501939994597,4.916283722104623,1.5249564700386546,0.48162882142477814,0.06981265895366437,0.5347152190117025,0.8536801503313259,0.0001676776643487661,0.2857139433446791,0.6626756386861505,39.66395237352002,1.313531639410153,210661376,80769024,6037504,424013824,98877440,334802944,40042496,4550656,281751552,92631040,4718592,3010560,301195264,838881280,46387200,2128975.629487309,0,841574.267597152,89796.99215153241,0,0,0,1845786.701081093,13,9,8,4,11,18,6,6,3,11,1,3,7,34,16,6.667,3.467,20.933,2.267,2.133,2.2,17.067,0.01616883116883117,0.0031222222222222224,0.03545751633986928,0.04289772727272727,0.0020769230769230765,0.0031333333333333335,0.00921875,0.03195652173913044,0.0048200000000000005,0.18567010309278345,0.13449999999999987,0.004415384615384614,0.00484,0.09751243781094528
1705784201,1.833738121683344,3.3706299929214216,0.17619929453262811,0.22514501939994597,4.916283722104623,1.5249564700386546,0.34897619068708335,0.06838933413656995,0.5347152190117025,0.8536801503313259,0.0001676776643487661,0.2857139433446791,0.6626756386861505,39.66395237352002,1.313531639410153,210661376,80769024,6037504,424013824,98877440,334802944,40042496,4550656,281751552,92631040,4718592,3010560,301195264,838881280,46387200,2128975.629487309,0,744438.3685520267,89796.99215153241,0,0,0,1845786.701081093,13,9,8,4,11,18,6,6,3,11,1,3,7,34,16,6.667,3.467,20.933,2.267,2.133,2.2,17.067,0.01616883116883117,0.0031222222222222224,0.03545751633986928,0.04289772727272727,0.0020769230769230765,0.0031333333333333335,0.00921875,0.03195652173913044,0.0048200000000000005,0.18567010309278345,0.13449999999999987,0.004415384615384614,0.00484,0.09751243781094528
1705784202,1.833738121683344,3.3706299929214216,0.17619929453262811,0.22514501939994597,4.916283722104623,1.5249564700386546,0.35697362836897634,0.06696600931947552,0.5347152190117025,0.8536801503313259,0.0001676776643487661,0.2857139433446791,0.6626756386861505,39.66395237352002,1.313531639410153,210661376,80769024,6037504,424013824,98877440,334802944,40042496,4550656,281751552,92631040,4718592,3010560,301195264,838881280,46387200,2128975.629487309,0,761498.5566662449,89796.99215153241,0,0,0,1845786.701081093,13,9,8,4,11,18,6,6,3,11,1,3,7,34,16,6.667,3.467,20.933,2.267,2.133,2.2,17.067,0.01616883116883117,0.0031222222222222224,0.03545751633986928,0.04289772727272727,0.0020769230769230765,0.0031333333333333335,0.00921875,0.03195652173913044,0.0048200000000000005,0.18567010309278345,0.13449999999999987,0.004415384615384614,0.00484,0.09751243781094528
1705784203,1.833738121683344,3.3706299929214216,0.17619929453262811,0.22514501939994597,4.916283722104623,1.5249564700386546,0.3649710660508694,0.09398424529301602,0.4993187734541365,0.8674812676153292,0.00012611977669380457,0.2857139433446791,0.6626756386861505,39.66395237352002,1.313531639410153,210661376,80769024,6037504,424013824,98877440,334802944,40042496,4550656,281755648,92631040,4718592,3010560,301195264,838881280,46387200,2128975.629487309,0,778558.7447804632,110781.29754217519,0,0,0,1845786.701081093,13,9,8,4,11,18,6,6,3,11,1,3,7,34,16,6.667,3.467,20.933,2.267,2.133,2.2,17.067,0.01616883116883117,0.0031222222222222224,0.03545751633986928,0.04289772727272727,0.0020769230769230765,0.0031333333333333335,0.00921875,0.03195652173913044,0.0048200000000000005,0.18567010309278345,0.13449999999999987,0.004415384615384614,0.00484,0.09751243781094528
1705784204,1.833738121683344,3.4224389729530054,0.17619929453262811,0.22514501939994597,4.916283722104623,1.275593824228028,0.3729685037327624,0.09398424529301602,0.20322811374711602,0.8607809295112394,0.00012611977669380457,0.2857139433446791,0.6626756386861505,39.66395237352002,1.313531639410153,210661376,80769024,6037504,424013824,98877440,334802944,40042496,4550656,281755648,92631040,4718592,3010560,301195264,838881280,46387200,1382105.7626403756,0,795618.9328946816,105722.32596945623,0,0,0,1845786.701081093,13,9,8,4,11,18,6,6,3,11,1,3,7,34,16,6.667,3.467,20.933,2.267,2.133,2.2,17.067,0.01616883116883117,0.0031222222222222224,0.03545751633986928,0.04289772727272727,0.0020769230769230765,0.0031333333333333335,0.00921875,0.03195652173913044,0.0048200000000000005,0.18567010309278345,0.13449999999999987,0.004415384615384614,0.00484,0.09751243781094528
1705784205,1.833738121683344,3.4224389729530054,0.17619929453262811,0.22514501939994597,4.916283722104623,1.275593824228028,0.38096594141465545,0.09398424529301602,0.20894049932891073,0.8607809295112394,0.00012611977669380457,0.2857139433446791,0.6626756386861505,39.66395237352002,1.313531639410153,210661376,80769024,6037504,424013824,98877440,334802944,40042496,4550656,281755648,92631040,4718592,3010560,301195264,838881280,46387200,1382105.7626403756,0,812679.1210088998,108693.99499401459,0,0,0,1845786.701081093,13,9,8,4,11,18,6,6,3,11,1,3,7,34,16,6.667,3.467,20.933,2.267,2.133,2.2,17.067,0.01616883116883117,0.0031222222222222224,0.03545751633986928,0.04289772727272727,0.0020769230769230765,0.0031333333333333335,0.00921875,0.03195652173913044,0.0048200000000000005,0.18567010309278345,0.13449999999999987,0.004415384615384614,0.00484,0.09751243781094528
1705784206,1.833738121683344,3.4224389729530054,0.17619929453262811,0.22514501939994597,4.916283722104623,1.275593824228028,0.3889633790965484,0.09249487093849851,0.21465288491070547,0.8607809295112394,0.00012611977669380457,0.2857139433446791,0.6626756386861505,39.66395237352002,1.313531639410153,210661376,80769024,6037504,424013824,98877440,334802944,40042496,4550656,281755648,92631040,4718592,3010560,301195264,838881280,46387200,1382105.7626403756,0,829739.309123118,111665.66401857295,0,0,0,1845786.701081093,13,9,8,4,11,18,6,6,3,11,1,3,7,34,16,6.667,3.667,20.933,2.267,2.133,2.2,17.067,0.01616883116883117,0.003125714285714286,0.03545751633986928,0.04289772727272727,0.0020769230769230765,0.0031333333333333335,0.00921875,0.03195652173913044,0.004826285714285714,0.18567010309278345,0.13449999999999987,0.004415384615384614,0.00484,0.09751243781094528
1705784207,1.833738121683344,2.97640010702798,0.17619929453262811,0.218996271866934,3.966185582688786,1.275593824228028,0.3969608167784414,0.09249487093849851,0.22036527049250024,0.8607809295112394,0.00012611977669380457,0.2857139433446791,0.6626756386861505,39.66395237352002,1.313531639410153,210661376,80769024,6037504,424013824,98877440,334802944,40042496,4550656,281755648,92631040,4718592,3010560,301195264,838881280,46387200,1201978.9899415944,0,846799.4972373361,114637.3330431313,0,0,0,1845786.701081093,13,9,8,4,11,18,6,6,3,11,1,3,7,34,16,6.667,3.667,20.933,2.267,2.133,2.2,18.133,0.01616883116883117,0.003125714285714286,0.03545751633986928,0.04289772727272727,0.0020769230769230765,0.0031333333333333335,0.00944794952681388,0.03195652173913044,0.004826285714285714,0.18567010309278345,0.13449999999999987,0.004415384615384614,0.00484,0.09889423076923079
1705784208,1.833738121683344,2.9193594574787634,0.18149033535960535,0.218996271866934,4.767599131737474,1.275593824228028,0.47984626091358057,0.09249487093849851,0.22607765607429495,0.8607809295112394,0.00012611977669380457,0.24449653241783864,0.6626756386861505,39.66395237352002,1.313531639410153,210661376,80769024,6037504,424013824,98877440,334802944,40042496,4550656,281755648,92631040,4718592,3010560,301195264,838881280,46387200,1178943.8938975881,0,1023611.2868530938,117609.00206768962,0,0,0,1845786.701081093,13,9,8,4,11,18,6,6,3,11,1,3,7,34,16,6.667,3.667,20.933,2.267,2.267,2.2,18.133,0.01616883116883117,0.003125714285714286,0.03545751633986928,0.04289772727272727,0.0022424242424242424,0.0031333333333333335,0.00944794952681388,0.03195652173913044,0.004826285714285714,0.18567010309278345,0.13449999999999987,0.004448484848484848,0.00484,0.09889423076923079
1705784209,1.833738121683344,2.8623188079295465,0.15364215581813523,0.218996271866934,4.0205015625955385,1.275593824228028,0.47984626091358057,0.09249487093849851,0.2317900416560897,0.8607809295112394,0.00016865229266485777,0.23973463336209397,0.6626756386861505,40.457459867799855,1.313531639410153,210661376,80769024,6037504,424013824,99475456,334802944,40042496,4550656,281755648,92631040,4718592,3010560,301195264,838860800,46387200,1155908.7978535818,0,1023611.2868530938,120580.67109224798,0,0,0,1845786.701081093,13,9,8,4,14,18,6,6,3,11,1,3,7,34,16,6.667,3.667,20.933,2.267,2.267,2.2,18.133,0.01616883116883117,0.003125714285714286,0.03545751633986928,0.04289772727272727,0.0022424242424242424,0.0031136363636363636,0.00944794952681388,0.03195652173913044,0.004826285714285714,0.18567010309278345,0.13449999999999987,0.004448484848484848,0.004804545454545455,0.09889423076923079
1705784210,1.833738121683344,2.80527815838033,0.15061731689547517,0.218996271866934,4.72953815813611,1.039651486539984,0.47984626091358057,0.09249487093849851,0.23750242723788445,0.8607809295112394,0.00017258720459227016,0.23497273430634932,0.6626756386861504,40.457459867799855,0.8946436961811969,210661376,80769024,6037504,424013824,99475456,334802944,40042496,4550656,281755648,92631040,4718592,3010560,301195264,838860800,46387200,1132873.7018095758,0,1023611.2868530938,123552.34011680634,0,0,0,1667863.8013228504,13,9,8,4,14,18,6,6,3,11,1,3,7,34,16,6.2,3.667,20.933,1.8,1.8,1.733,16.733,0.016079295154185023,0.003125714285714286,0.03545751633986928,0.043206521739130435,0.002193548387096774,0.0030697674418604646,0.009524590163934426,0.031630434782608685,0.004826285714285714,0.18567010309278345,0.09750000000000002,0.004438709677419355,0.004725581395348837,0.09918269230769233
1705784211,1.833738121683344,2.7482375088311133,0.14759247797281505,0.218996271866934,4.72953815813611,1.0183915894695166,0.47984626091358057,0.09249487093849851,0.24321481281967922,0.8607809295112394,0.00017652211651968252,0.2887497604293093,0.6626756386861504,40.457459867799855,0.9165790334010717,210661376,80769024,6037504,424013824,99475456,334802944,40042496,4550656,281755648,92631040,4718592,2883584,301195264,838860800,46387200,1109838.6057655695,0,1023611.2868530938,126524.00914136469,0,0,0,1708757.3493073757,13,9,8,4,14,18,6,6,3,11,1,3,7,34,16,6.2,3.667,20.933,1.8,1.8,1.733,16.733,0.016079295154185023,0.003125714285714286,0.03545751633986928,0.043206521739130435,0.002193548387096774,0.0030697674418604646,0.009524590163934426,0.031630434782608685,0.004826285714285714,0.18567010309278345,0.09750000000000002,0.004438709677419355,0.004725581395348837,0.09918269230769233
1705784212,1.5577758155210149,3.4622930793336066,0.1915451834240548,0.22521144540290153,4.72953815813611,0.9971316923990496,0.47984626091358057,0.09249487093849851,0.24892719840147395,0.8607809295112394,0.0001804570284470949,0.2887497604293093,0.617019655645305,40.457459867799855,0.9385143706209461,210661376,80814080,6037504,423878656,99475456,334802944,40042496,4550656,281755648,92631040,4718592,2883584,301195264,838860800,46387200,1979724.8729706288,0,1023611.2868530938,129495.67816592305,0,0,0,1749650.8972919008,13,9,8,4,14,18,6,6,3,11,1,3,7,34,16,6.2,3.667,20.933,1.8,1.8,1.733,16.733,0.016079295154185023,0.003125714285714286,0.03545751633986928,0.043206521739130435,0.002193548387096774,0.0030697674418604646,0.009524590163934426,0.031630434782608685,0.004826285714285714,0.18567010309278345,0.09750000000000002,0.004438709677419355,0.004725581395348837,0.09918269230769233
1705784213,1.5272135134929592,3.4622930793336066,0.1915451834240548,0.22521144540290153,4.72953815813611,0.9758717953285825,0.47984626091358057,0.09249487093849851,0.25463958398326864,0.8607809295112394,0.0001843919403745073,0.2887497604293092,0.617019655645305,40.457459867799855,0.9604497078408207,210661376,80814080,6037504,423878656,99475456,334802944,40042496,4550656,281755648,92631040,4718592,2883584,301195264,838860800,46387200,1979724.8729706288,0,1023611.2868530938,132467.34719048135,0,0,0,1790544.445276426,13,9,8,4,14,18,6,6,3,11,1,3,7,34,16,8.333,4,22.733,1.6,1.8,1.733,16.667,0.016328125,0.003125714285714286,0.03558006535947712,0.043604651162790706,0.002193548387096774,0.0030697674418604646,0.009401294498381878,0.03238888888888891,0.004826285714285714,0.1844736842105264,0.09481481481481481,0.004438709677419355,0.004725581395348837,0.09890000000000003
1705784214,1.4966512114649035,3.4622930793336066,0.1915451834240548,0.22521144540290153,4.72953815813611,0.9546118982581154,0.47984626091358057,0.09249487093849851,0.24137875568363715,0.8607809295112394,0.00018832685230191963,0.2887497604293092,0.5130801237366215,40.457459867799855,0.9823850450606953,210661376,80814080,6037504,423878656,99475456,334802944,40042496,4550656,281751552,92631040,4718592,2883584,301195264,838860800,46387200,1979724.8729706288,0,1023611.2868530938,129402.99177463735,0,0,0,1831437.9932609508,13,9,8,4,14,18,6,6,3,11,1,3,7,34,16,8.333,4,24.6,1.6,1.8,1.733,16.667,0.016328125,0.003125714285714286,0.035558252427184474,0.043604651162790706,0.002193548387096774,0.0030697674418604646,0.009401294498381878,0.03238888888888891,0.004826285714285714,0.18068421052631606,0.09481481481481481,0.004438709677419355,0.004725581395348837,0.09890000000000003
1705784215,1.8809687987787136,3.428193354294367,0.1915451834240548,0.22521144540290153,4.72953815813611,0.9333520011876482,0.3981284426799978,0.09249487093849851,0.24674056345050838,0.8607809295112394,0.00019226176422933202,0.2887497604293092,0.5027964628091998,40.457459867799855,1.0043203822805702,210685952,80814080,6037504,423878656,99475456,334802944,40042496,4550656,281751552,92631040,4718592,2883584,301195264,838860800,46387200,2130968.8072564406,0,849290.284702012,132277.45338327615,0,0,0,1872331.5412454766,15,9,8,4,14,18,6,6,3,11,1,3,7,34,16,8.333,4,24.6,1.6,1.8,1.733,16.667,0.016328125,0.003125714285714286,0.035558252427184474,0.043604651162790706,0.002193548387096774,0.0030697674418604646,0.009401294498381878,0.03238888888888891,0.004826285714285714,0.18068421052631606,0.09481481481481481,0.004438709677419355,0.004725581395348837,0.09890000000000003
1705784216,1.750441382531524,3.428193354294367,0.1915451834240548,0.22521144540290153,4.72953815813611,0.9120921041171811,0.3901310049981047,0.09249487093849851,0.2521023712173796,0.8607809295112394,0.00019619667615674438,0.2887497604293092,0.49251280188177815,40.457459867799855,1.0262557195004447,210685952,80814080,6037504,423878656,99475456,334802944,40042496,4550656,281751552,92631040,4718592,2883584,301195264,838860800,46387200,2130968.8072564406,0,832230.0965877936,135151.914991915,0,0,0,1913225.0892300014,15,9,8,4,14,18,6,6,3,11,1,3,7,34,16,8.333,4,24.6,1.6,1.8,1.733,16.667,0.016328125,0.003125714285714286,0.035558252427184474,0.043604651162790706,0.002193548387096774,0.0030697674418604646,0.009401294498381878,0.03238888888888891,0.004826285714285714,0.18068421052631606,0.09481481481481481,0.004438709677419355,0.004725581395348837,0.09890000000000003
1705784217,1.750441382531524,3.428193354294367,0.1915451834240548,0.22521144540290153,4.72953815813611,0.917628863004874,0.48093603499342974,0.09249487093849851,0.25746417898425084,0.8607809295112394,0.00020013158808415677,0.2887497604293092,0.4822291409543563,40.457459867799855,1.066867777733842,210685952,80814080,6037504,423878656,99475456,334802944,40321024,4550656,281751552,92631040,4718592,2883584,301195264,838860800,46661632,2130968.8072564406,0,843608.4031305781,138026.3766005538,0,0,0,1526389.8942928696,15,9,8,4,14,18,6,6,3,11,1,3,7,34,16,8.333,4,24.6,1.6,1.8,1.733,16.667,0.016328125,0.003125714285714286,0.035558252427184474,0.043604651162790706,0.002193548387096774,0.0030697674418604646,0.009401294498381878,0.03238888888888891,0.004826285714285714,0.18068421052631606,0.09481481481481481,0.004438709677419355,0.004725581395348837,0.09890000000000003
1705784218,1.750441382531524,3.428193354294367,0.1915451834240548,0.22521144540290153,4.72953815813611,0.8962089549048539,0.48093603499342974,0.09249487093849851,0.2628259867511221,0.8820230793609376,0.00020202821563316948,0.2887497604293092,0.4719454800269346,40.457459867799855,1.3357901673915897,210685952,80814080,6037504,423878656,99475456,334802944,40321024,4550656,281751552,92631040,4718592,2883584,301195264,838860800,46661632,2130968.8072564406,0,843608.4031305781,140900.83820919265,0,0,0,1911142.744167655,15,9,8,4,14,18,6,6,3,11,1,3,7,34,16,8.333,4,24.6,1.6,1.8,1.733,16.667,0.016328125,0.003125714285714286,0.035558252427184474,0.043604651162790706,0.002193548387096774,0.0030697674418604646,0.009401294498381878,0.03238888888888891,0.004826285714285714,0.18068421052631606,0.09481481481481481,0.004438709677419355,0.004725581395348837,0.09890000000000003
1705784219,1.750441382531524,3.428193354294367,0.1915451834240548,0.22521144540290153,4.72953815813611,0.8747890468048334,0.48093603499342974,0.09249487093849851,0.2681877945179933,0.8820230793609376,0.00019809330370575715,0.2887497604293092,0.4616618190995128,40.457459867799855,1.3357901673915897,210685952,80814080,6037504,423878656,99475456,334802944,40321024,4550656,281751552,92631040,4718592,2883584,301195264,838860800,46661632,2130968.8072564406,0,843608.4031305781,143775.29981783146,0,0,0,1911142.744167655,15,9,8,4,14,18,6,6,3,11,1,3,7,34,16,8.333,4,24.6,1.6,1.8,1.733,16.667,0.016328125,0.003125714285714286,0.035558252427184474,0.043604651162790706,0.002193548387096774,0.0030697674418604646,0.009401294498381878,0.03238888888888891,0.004826285714285714,0.18068421052631606,0.09481481481481481,0.004438709677419355,0.004725581395348837,0.09890000000000003
1705784220,1.750441382531524,3.428193354294367,0.1915451834240548,0.22521144540290153,4.72953815813611,1.1007368508447979,0.48093603499342974,0.09249487093849851,0.2735496022848646,0.8820230793609376,0.00019415839177834476,0.2887497604293092,0.451378158172091,40.457459867799855,1.3357901673915897,210685952,80814080,6037504,423878656,99475456,334757888,40321024,4550656,281751552,92631040,4718592,2883584,301195264,838860800,46661632,2130968.8072564406,0,843608.4031305781,146649.7614264703,0,0,0,1911142.744167655,15,9,8,4,14,19,6,6,3,11,1,3,7,34,16,8.333,4,24.6,1.6,1.8,1.733,16.667,0.016328125,0.003125714285714286,0.035558252427184474,0.043604651162790706,0.002193548387096774,0.0030697674418604646,0.009401294498381878,0.03238888888888891,0.004826285714285714,0.18068421052631606,0.09481481481481481,0.004438709677419355,0.004725581395348837,0.09890000000000003
1705784221,1.750441382531524,3.428193354294367,0.1915451834240548,0.22521144540290153,4.839681200524136,1.1007368508447979,0.48093603499342974,0.1073193830612412,0.27891141005173575,0.8820230793609376,0.00019022347985093237,0.2887497604293092,0.49665484034465385,39.884320493180006,1.3357901673915897,210685952,80814080,6037504,423878656,103043072,334757888,40321024,4550656,281751552,92631040,4718592,2883584,301199360,791097344,46661632,2130968.8072564406,0,843608.4031305781,149524.22303510908,0,0,0,1911142.744167655,15,9,8,4,13,19,6,6,3,11,1,3,6,34,16,8.333,4.2,24.6,1.6,1.8,1.733,16.667,0.016328125,0.003143712574850299,0.035558252427184474,0.043604651162790706,0.002193548387096774,0.0030697674418604646,0.009401294498381878,0.03238888888888891,0.0048586826347305385,0.18068421052631606,0.09481481481481481,0.004438709677419355,0.004725581395348837,0.09890000000000003
1705784222,1.750441382531524,3.428193354294367,0.1915451834240548,0.22521144540290153,4.839681200524136,1.1007368508447979,0.48093603499342974,0.1073193830612412,0.3217084660122742,0.8820230793609376,0.00018628856792352,0.2887497604293092,0.49665484034465385,39.884320493180006,1.3357901673915897,210685952,80814080,6037504,423878656,103043072,334757888,40321024,4550656,281751552,92631040,4718592,2883584,301199360,791097344,46661632,2130968.8072564406,0,843608.4031305781,172467.6965183294,0,0,0,1911142.744167655,15,9,8,4,13,19,6,6,3,11,1,3,6,34,16,8.333,4.2,24.6,1.6,1.8,1.733,17.867,0.016328125,0.003143712574850299,0.035558252427184474,0.043604651162790706,0.002193548387096774,0.0030697674418604646,0.009516129032258064,0.03238888888888891,0.0048586826347305385,0.18068421052631606,0.09481481481481481,0.004438709677419355,0.004725581395348837,0.0987192118226601
1705784223,1.750441382531524,3.428193354294367,0.1915451834240548,0.22521144540290153,4.839681200524136,1.1007368508447979,0.48093603499342974,0.09320868980101889,0.3217084660122742,0.8820230793609376,0.00018235365599610765,0.29324294211419477,0.43138939756773087,39.884320493180006,1.3357901673915897,210685952,80814080,6037504,423878656,103043072,334757888,40321024,4554752,281751552,92631040,4718592,2879488,301199360,791097344,46661632,2130968.8072564406,0,843608.4031305781,172467.6965183294,0,0,0,1911142.744167655,15,9,8,4,13,19,6,6,3,11,1,3,6,34,16,8.333,4.2,24.6,1.6,1.667,1.733,17.867,0.016328125,0.003143712574850299,0.035558252427184474,0.043604651162790706,0.0021000000000000003,0.0030697674418604646,0.009516129032258064,0.03238888888888891,0.0048586826347305385,0.18068421052631606,0.09481481481481481,0.00442,0.004725581395348837,0.0987192118226601
1705784224,1.750441382531524,3.428193354294367,0.1490411538061923,0.18134083859302985,4.839681200524136,1.1007368508447979,0.48093603499342974,0.09320868980101889,0.3217084660122742,0.5591402412888119,0.0001784187440686953,0.2890300256725093,0.43138939756773087,39.884320493180006,1.3357901673915897,210685952,80814080,6037504,423878656,103043072,334757888,40321024,4554752,281751552,92631040,4718592,2879488,301199360,791097344,46661632,2130968.8072564406,0,843608.4031305781,172467.6965183294,0,0,0,1911142.744167655,15,9,8,4,13,19,6,6,3,11,1,3,6,34,16,8.333,4.2,24.6,1.6,1.667,1.667,17.867,0.016328125,0.003143712574850299,0.035558252427184474,0.043604651162790706,0.0021000000000000003,0.0030714285714285717,0.009516129032258064,0.03238888888888891,0.0048586826347305385,0.18068421052631606,0.09481481481481481,0.00442,0.004728571428571428,0.0987192118226601
1705784225,1.750441382531524,3.428193354294367,0.1520857614116505,0.2149309664694267,4.839681200524136,1.1007368508447979,0.48093603499342974,0.09320868980101893,0.3217084660122742,0.5741278840421691,0.00017448383214128293,0.2890300256725093,0.43138939756773087,39.884320493180006,1.3357901673915897,210685952,80814080,6037504,423878656,103043072,334757888,40321024,4554752,281751552,92631040,4718592,2879488,301199360,791097344,46661632,2130968.8072564406,0,843608.4031305781,172467.6965183294,0,0,0,1911142.744167655,15,9,8,4,13,19,6,6,3,11,1,3,6,34,16,8.667,4.2,24.6,1.933,2,2,18.867,0.016317567567567567,0.003143712574850299,0.035558252427184474,0.04464285714285714,0.0020689655172413794,0.003023809523809524,0.009552980132450331,0.032500000000000015,0.0048586826347305385,0.18068421052631606,0.09535714285714286,0.004413793103448277,0.004642857142857143,0.0986341463414634
1705784226,1.750441382531524,3.428193354294367,0.15513036901710872,0.2149309664694267,4.78708273894433,1.1007368508447979,0.49487852172921104,0.09320868980101893,0.3217084660122742,0.5891155267955264,0.00017054892021387054,0.2890300256725093,0.43138939756773087,39.884320493180006,1.3357901673915897,210685952,80814080,6037504,423878656,103043072,334757888,40321024,4554752,281751552,92631040,4718592,2879488,301199360,791097344,46661632,2130968.8072564406,0,1039534.6184555722,172467.6965183294,0,0,0,1911142.744167655,15,9,8,4,13,19,6,6,3,11,1,3,6,34,16,8.667,4.2,24.6,1.933,2,2,18.867,0.016317567567567567,0.003143712574850299,0.035558252427184474,0.04464285714285714,0.0020689655172413794,0.003023809523809524,0.009552980132450331,0.032500000000000015,0.0048586826347305385,0.18068421052631606,0.09535714285714286,0.004413793103448277,0.004642857142857143,0.0986341463414634
1705784227,1.750441382531524,3.428193354294367,0.18267645632749172,0.2149309664694267,4.78708273894433,1.1007368508447979,0.49487852172921104,0.09320868980101893,0.3217084660122742,0.6041031695488838,0.00016661400828645818,0.2890300256725093,0.43138939756773087,27.05788175453542,1.3357901673915897,210685952,80814080,6037504,423878656,103043072,334757888,40321024,4554752,281751552,92631040,4718592,2879488,301199360,791097344,46661632,2130968.8072564406,0,1039534.6184555722,172467.6965183294,0,0,0,1911142.744167655,15,9,8,4,13,19,6,6,3,11,1,3,6,34,16,8.667,4.2,24.6,1.933,2,2,18.867,0.016317567567567567,0.003143712574850299,0.035558252427184474,0.04464285714285714,0.0020689655172413794,0.003023809523809524,0.009552980132450331,0.032500000000000015,0.0048586826347305385,0.18068421052631606,0.09535714285714286,0.004413793103448277,0.004642857142857143,0.0986341463414634
1705784228,1.750441382531524,2.7447056001732784,0.15332187209946654,0.2149309664694267,4.78708273894433,1.1007368508447979,0.49487852172921104,0.09320868980101893,0.2769221793702265,0.6190908123022411,0.00016267909635904582,0.2890300256725093,0.43138939756773087,27.71817231377735,1.3357901673915897,210685952,80814080,6037504,423878656,103043072,334757888,40321024,4554752,281751552,92631040,4718592,2879488,301199360,791097344,46661632,2084676.726206345,0,1039534.6184555722,148457.79777830408,0,0,0,1911142.744167655,15,9,8,4,13,19,6,6,3,11,1,3,6,34,16,8.867,4.267,24.467,2.067,2,2,19.6,0.01676282051282051,0.003168674698795181,0.03553685897435898,0.046875,0.0020689655172413794,0.003023809523809524,0.009754237288135592,0.03286458333333332,0.004903614457831325,0.1873711340206186,0.1366666666666667,0.004413793103448277,0.004642857142857143,0.09931924882629108
1705784229,1.750441382531524,2.690791643894953,0.15027726449400836,0.17913421400394372,4.78708273894433,1.1007368508447979,0.49487852172921104,0.09320868980101893,0.27156037160335533,0.6340784550555982,0.00015874418443163343,0.2890300256725093,0.43138939756773087,28.378462873019284,1.3357901673915897,210685952,80814080,6037504,423878656,103043072,334757888,40321024,4554752,281751552,92631040,4718592,2879488,301199360,791097344,46661632,2043727.645961077,0,1039534.6184555722,145583.33616966527,0,0,0,1911142.744167655,15,9,8,4,13,19,6,6,3,11,1,3,6,34,16,8.867,4.267,24.667,2.067,2,2,19.6,0.01676282051282051,0.003168674698795181,0.03563915857605179,0.046875,0.0020689655172413794,0.003023809523809524,0.009754237288135592,0.03286458333333332,0.004903614457831325,0.19448453608247446,0.1366666666666667,0.004413793103448277,0.004642857142857143,0.09931924882629108
1705784230,1.4919206396803129,2.6368776876166273,0.17762262799856712,0.17555203122945326,4.78708273894433,1.1007368508447979,0.49487852172921104,0.09320868980101893,0.26619856383648405,0.6490660978089555,0.00015480927250422107,0.2890300256725093,0.43138939756773087,29.03875343226122,1.3357901673915897,210685952,80814080,6037504,423878656,103043072,334757888,40321024,4554752,281751552,92631040,4718592,2879488,301199360,791097344,46661632,2002778.5657158094,0,1039534.6184555722,142708.87456102643,0,0,0,1911142.744167655,15,9,8,4,13,19,6,6,3,11,1,3,6,34,16,8.867,4.267,24.667,2.067,2,2,19.6,0.01676282051282051,0.003168674698795181,0.03563915857605179,0.046875,0.0020689655172413794,0.003023809523809524,0.009754237288135592,0.03286458333333332,0.004903614457831325,0.19448453608247446,0.1366666666666667,0.004413793103448277,0.004642857142857143,0.09931924882629108
1705784231,1.4627466166381209,3.45537267714926,0.17762262799856712,0.1719698484549628,4.78708273894433,1.1007368508447979,0.49487852172921104,0.09320868980101889,0.2608367560696128,0.5518524999999919,0.00015087436057680873,0.2890300256725093,0.43138939756773087,29.699043991503153,1.3357901673915897,210685952,80863232,6037504,423878656,103043072,334757888,40321024,4554752,281751552,92631040,4718592,2879488,301199360,791097344,46661632,2199812.129875434,0,1039534.6184555722,139834.41295238762,0,0,0,1911142.744167655,15,9,8,4,13,19,6,6,3,11,1,3,6,34,16,8.867,4.267,24.667,2.067,2,2,19.6,0.01676282051282051,0.003168674698795181,0.03563915857605179,0.046875,0.0020689655172413794,0.003023809523809524,0.009754237288135592,0.03286458333333332,0.004903614457831325,0.19448453608247446,0.1366666666666667,0.004413793103448277,0.004642857142857143,0.09931924882629108
1705784232,1.4118717513199135,3.45537267714926,0.17762262799856712,0.16838766568047236,4.78708273894433,0.9835584821126114,0.49487852172921104,0.09320868980101889,0.2554749483027416,0.5518524999999919,0.00014693944864939634,0.2890300256725093,0.43138939756773087,30.35933455074509,1.3357901673915897,210685952,80863232,6037504,423878656,103043072,334757888,40321024,4554752,281751552,92631040,4718592,2879488,301199360,791097344,46661632,2199812.129875434,0,1039534.6184555722,136959.95134374878,0,0,0,1911142.744167655,15,9,8,4,13,19,6,6,3,11,1,3,6,34,16,8.867,4.267,24.667,2.067,2,2,19.6,0.01676282051282051,0.003168674698795181,0.03563915857605179,0.046875,0.0020689655172413794,0.003023809523809524,0.009754237288135592,0.03286458333333332,0.004903614457831325,0.19448453608247446,0.1366666666666667,0.004413793103448277,0.004642857142857143,0.09931924882629108
1705784233,2.0336880598241787,3.45537267714926,0.17762262799856712,0.16480548290598193,4.78708273894433,0.9835584821126114,0.4817459387691355,0.09320868980101889,0.42385181292695484,0.7214957510447261,0.000143004536721984,0.2890300256725093,0.43138939756773087,31.01962510998702,1.3357901673915895,210739200,80863232,6037504,423878656,103043072,334757888,40464384,4554752,281223168,92631040,4718592,2879488,301199360,791097344,46661632,2199812.129875434,0,887722.5866916587,136318.09423716937,0,0,0,1911142.744167655,14,9,8,4,13,19,6,6,3,11,1,3,6,34,16,8.867,4.267,24.667,2.067,2,2,19.6,0.01676282051282051,0.003168674698795181,0.03563915857605179,0.046875,0.0020689655172413794,0.003023809523809524,0.009754237288135592,0.03286458333333332,0.004903614457831325,0.19448453608247446,0.1366666666666667,0.004413793103448277,0.004642857142857143,0.09931924882629108
1705784234,2.0336880598241787,3.45537267714926,0.17762262799856712,0.1612233001314915,4.78708273894433,0.9835584821126114,0.4817459387691355,0.09320868980101889,0.42385181292695484,0.7368964764600514,0,0.2890300256725093,0.43138939756773087,31.679915669228954,1.3705411110910588,210739200,80863232,6037504,423878656,103043072,334757888,40464384,4554752,281223168,92631040,4718592,2879488,301199360,791097344,46956544,2199812.129875434,0,887722.5866916587,136318.09423716937,0,0,0,1795875.3586056333,14,9,8,4,13,19,6,6,3,11,1,3,6,34,16,8.867,4.267,24.667,2.067,2,2,19.6,0.01676282051282051,0.003168674698795181,0.03563915857605179,0.046875,0.0020689655172413794,0.003023809523809524,0.009754237288135592,0.03286458333333332,0.004903614457831325,0.19448453608247446,0.1366666666666667,0.004413793103448277,0.004642857142857143,0.09931924882629108
1705784235,2.0336880598241787,3.45537267714926,0.17762262799856712,0.15764111735700104,4.78708273894433,3.393576514059107,0.4817459387691355,0.09320868980101889,0.42385181292695484,0.7522972018753766,0,0.2890300256725093,0.43138939756773087,32.34020622847088,1.3705411110910588,210739200,80863232,6037504,423878656,103043072,335097856,40464384,4554752,281223168,92631040,4718592,2879488,301199360,791097344,46956544,2199812.129875434,0,887722.5866916587,136318.09423716937,0,0,0,1795875.3586056333,14,9,8,4,13,24,6,6,3,11,1,3,6,34,16,8.867,4.267,24.667,2.067,2,2,19.6,0.01676282051282051,0.003168674698795181,0.03563915857605179,0.046875,0.0020689655172413794,0.003023809523809524,0.009754237288135592,0.03286458333333332,0.004903614457831325,0.19448453608247446,0.1366666666666667,0.004413793103448277,0.004642857142857143,0.09931924882629108
1705784236,2.0336880598241787,3.45537267714926,0.17762262799856712,0.1540589345825106,4.78708273894433,3.393576514059107,0.4817459387691355,0.09320868980101889,0.46201267792044304,0.7676979272907019,0,0.2890300256725093,1.0233593494254127,27.315229999999964,1.3705411110910588,210739200,80863232,6037504,423878656,103043072,335097856,40464384,4554752,281223168,92631040,4718592,2879488,301297664,791097344,46956544,2199812.129875434,0,887722.5866916587,123639.90990781804,0,0,0,1795875.3586056333,14,9,8,4,13,24,6,6,3,11,1,3,6,34,16,8.867,4.2,24.667,2.067,2,2,19.6,0.01676282051282051,0.0031637426900584793,0.03563915857605179,0.046875,0.0020689655172413794,0.003023809523809524,0.009754237288135592,0.03286458333333332,0.004894736842105263,0.19448453608247446,0.1366666666666667,0.004413793103448277,0.004642857142857143,0.09931924882629108
1705784237,2.0336880598241787,3.45537267714926,0.17762262799856712,0.15047675180802014,4.067584203280997,3.393576514059107,0.4817459387691355,0.09320868980101889,0.46201267792044304,0.7830986527060271,0,0.2890300256725093,1.0233593494254127,27.315229999999964,1.3705411110910588,210739200,80863232,6037504,423878656,103043072,335097856,40464384,4554752,281223168,92631040,4718592,2879488,301297664,791097344,46956544,2199812.129875434,0,887722.5866916587,123639.90990781804,0,0,0,1795875.3586056333,14,9,8,4,13,24,6,6,3,11,1,3,6,34,16,8.867,4.2,24.667,2.067,2,2,19.733,0.01676282051282051,0.0031637426900584793,0.03563915857605179,0.046875,0.0020689655172413794,0.003023809523809524,0.009925249169435215,0.03286458333333332,0.004894736842105263,0.19448453608247446,0.1366666666666667,0.004413793103448277,0.004642857142857143,0.09912017167381974
1705784238,2.0336880598241787,3.45537267714926,0.17762262799856712,0.14689456903352968,3.9877994909652577,3.393576514059107,0.4817459387691355,0.09320868980101889,0.46201267792044304,0.7984993781213524,0,0.2991286571265791,1.2344550678812476,39.710039321973554,1.3705411110910588,210739200,80863232,6037504,423878656,103043072,335097856,40464384,4554752,281223168,92631040,4718592,2879488,301297664,838864896,46956544,2199812.129875434,0,887722.5866916587,123639.90990781804,0,0,0,1795875.3586056333,14,9,8,4,13,24,6,6,3,11,1,3,6,34,16,8.867,4.2,24.667,2.067,2.267,2,19.733,0.01676282051282051,0.0031637426900584793,0.03563915857605179,0.046875,0.0023235294117647056,0.003023809523809524,0.009925249169435215,0.03286458333333332,0.004894736842105263,0.19448453608247446,0.1366666666666667,0.004464705882352941,0.004642857142857143,0.09912017167381974
1705784239,2.0336880598241787,3.45537267714926,0.17762262799856712,0.14331238625903925,2.841759999999951,3.393576514059107,0.4817459387691355,0.09209149762624017,0.46201267792044304,0.9240435249195142,0,0.2527076286487481,1.2344550678812476,39.710039321973554,1.3982464738877085,210739200,80863232,6037504,423878656,103043072,335097856,40464384,4550656,281223168,92631040,4718592,2879488,301297664,838864896,46956544,2199812.129875434,0,887722.5866916587,123639.90990781804,0,0,0,1461024.8870010348,14,9,8,4,13,24,6,6,3,11,1,3,6,34,16,8.867,4.2,24.667,2.067,2.267,2.333,19.733,0.01676282051282051,0.0031637426900584793,0.03563915857605179,0.046875,0.0023235294117647056,0.003068965517241379,0.009925249169435215,0.03286458333333332,0.004894736842105263,0.19448453608247446,0.1366666666666667,0.004464705882352941,0.004724137931034482,0.09912017167381974
1705784240,2.0336880598241787,3.45537267714926,0.17762262799856712,0.13973020348454882,3.9528262563850913,3.393576514059107,0.4817459387691355,0.09209149762624017,0.46201267792044304,0.9240435249195142,0,0.24772215102997175,1.2344550678812476,39.710039321973554,1.3982464738877085,210739200,80863232,6037504,423878656,107397120,335097856,40464384,4550656,281223168,92631040,4718592,2879488,301297664,838864896,46956544,2199812.129875434,0,887722.5866916587,123639.90990781804,0,0,0,1461024.8870010348,14,9,8,4,11,24,6,6,3,11,1,3,6,34,16,8.933,4.2,24.667,2.133,2.333,2.4,19.933,0.016778242677824268,0.0031637426900584793,0.03563915857605179,0.04910714285714286,0.0023866666666666667,0.003179775280898876,0.012187499999999993,0.03302083333333331,0.004894736842105263,0.19448453608247446,0.1910714285714285,0.004477333333333334,0.0049235955056179765,0.0991666666666667
1705784241,2.0336880598241787,3.45537267714926,0.17762262799856712,0.2503313019926487,4.033497003155673,3.393576514059107,0.4817459387691355,0.06518856979525045,0.46201267792044304,0.9240435249195142,0,0.24273667341119542,1.2344550678812476,39.710039321973554,1.3982464738877085,210739200,80863232,6037504,423882752,107397120,335097856,40464384,4550656,281223168,92631040,4718592,2879488,301297664,838864896,46956544,2199812.129875434,0,887722.5866916587,123639.90990781804,0,0,0,1461024.8870010348,14,9,8,4,11,24,6,6,3,11,1,3,6,34,16,8.933,4.2,24.667,2.133,2.333,2.4,19.933,0.016778242677824268,0.0031637426900584793,0.03563915857605179,0.04910714285714286,0.0023866666666666667,0.003179775280898876,0.012187499999999993,0.03302083333333331,0.004894736842105263,0.19448453608247446,0.1910714285714285,0.004477333333333334,0.0049235955056179765,0.0991666666666667
1705784242,2.0336880598241787,3.675521846924909,0.17762262799856712,0.2503313019926487,4.114167749926254,3.393576514059107,0.46930765548892084,0.06656601378283124,0.46201267792044304,0.9240435249195142,0,0.2918627671081892,1.2344550678812476,39.710039321973554,1.3982464738877085,210739200,80863232,6037504,423882752,107397120,335097856,40464384,4550656,281223168,92631040,4718592,2883584,301297664,838864896,46956544,2489637.7062728265,0,553560.2669144352,123639.90990781804,0,0,0,1461024.8870010348,14,9,8,4,11,24,6,6,3,11,1,3,6,34,16,8.933,4.2,24.667,2.133,2.333,2.4,19.933,0.016778242677824268,0.0031637426900584793,0.03563915857605179,0.04910714285714286,0.0023866666666666667,0.003179775280898876,0.012187499999999993,0.03302083333333331,0.004894736842105263,0.19448453608247446,0.1910714285714285,0.004477333333333334,0.0049235955056179765,0.0991666666666667
1705784243,2.0336880598241787,3.675521846924909,0.18857917046735015,0.2503313019926487,4.840244806234869,3.393576514059107,0.4658899094635759,0.082646639254846,0.46201267792044304,0.9240435249195142,0,0.2918627671081892,1.2344550678812476,39.710039321973554,1.3982464738877085,210739200,80863232,6037504,423882752,107397120,335097856,40468480,4550656,281223168,92631040,4718592,2883584,301297664,838864896,46956544,2489637.7062728265,0,556704.7372690005,123639.90990781804,0,0,0,1461024.8870010348,14,9,8,4,11,24,6,6,3,11,1,3,6,34,16,8.267,4.067,24.533,2.267,2.333,2.4,20,0.016966403162055336,0.0031775147928994082,0.03610668789808917,0.04908536585365854,0.0023866666666666667,0.003179775280898876,0.010918367346938773,0.033049999999999996,0.004919526627218936,0.18578125000000018,0.20031250000000006,0.004477333333333334,0.0049235955056179765,0.09829365079365081
1705784244,2.283933065966015,3.675521846924909,0.18857917046735015,0.2503313019926487,4.840244806234869,3.393576514059107,0.4658899094635759,0.082646639254846,0.46201267792044304,0.9240435249195142,0,0.2918627671081892,1.2344550678812476,39.710039321973554,1.3982464738877085,210739200,80863232,6037504,423882752,107397120,335097856,40468480,4550656,281223168,92631040,4718592,2883584,301297664,838864896,46956544,2489637.7062728265,0,556704.7372690005,123639.90990781804,0,0,0,1461024.8870010348,14,9,8,4,11,24,6,6,3,11,1,3,6,34,16,8.267,4.067,25.067,2.267,2.333,2.4,20,0.016966403162055336,0.0031775147928994082,0.03667711598746082,0.04908536585365854,0.0023866666666666667,0.003179775280898876,0.010918367346938773,0.033049999999999996,0.004919526627218936,0.18147058823529405,0.20031250000000006,0.004477333333333334,0.0049235955056179765,0.09829365079365081
1705784245,2.283933065966015,3.667711243528382,0.18857917046735015,0.2503313019926487,4.840244806234869,3.393576514059107,0.4658899094635759,0.082646639254846,0.46201267792044304,0.9240435249195142,0,0.2918627671081892,1.2344550678812476,39.710039321973554,1.3982464738877085,210739200,80891904,6037504,423882752,107397120,335097856,40468480,4550656,281223168,92631040,4718592,2883584,301297664,838864896,46956544,2320679.886685552,0,556704.7372690005,123639.90990781804,0,0,0,1461024.8870010348,14,9,8,4,11,24,6,6,3,11,1,3,6,34,16,8.267,4.067,25.067,2.267,2.333,2.4,20,0.016966403162055336,0.0031775147928994082,0.03667711598746082,0.04908536585365854,0.0023866666666666667,0.003179775280898876,0.010918367346938773,0.033049999999999996,0.004919526627218936,0.18147058823529405,0.20031250000000006,0.004477333333333334,0.0049235955056179765,0.09829365079365081
1705784246,2.283933065966015,3.667711243528382,0.18857917046735015,0.2503313019926487,4.840244806234869,3.393576514059107,0.4658899094635759,0.082646639254846,0.46201267792044304,0.9240435249195142,0,0.2918627671081892,1.2344550678812476,39.710039321973554,1.3982464738877085,210739200,80891904,6037504,423882752,107397120,335097856,40468480,4550656,281223168,92631040,4718592,2883584,301297664,838864896,46956544,2320679.886685552,0,556704.7372690005,123639.90990781804,0,0,0,1461024.8870010348,14,9,8,4,11,24,6,6,3,11,1,3,6,34,16,8.267,4.067,25.067,2.267,2.333,2.4,20,0.016966403162055336,0.0031775147928994082,0.03667711598746082,0.04908536585365854,0.0023866666666666667,0.003179775280898876,0.010918367346938773,0.033049999999999996,0.004919526627218936,0.18147058823529405,0.20031250000000006,0.004477333333333334,0.0049235955056179765,0.09829365079365081
1705784247,2.283933065966015,3.667711243528382,0.19042347696879613,0.2503313019926487,4.840244806234869,3.393576514059107,0.4658899094635759,0.082646639254846,0.46201267792044304,0.9240435249195142,0,0.2918627671081892,1.2344550678812476,39.710039321973554,1.3982464738877085,210739200,80891904,6037504,423882752,107397120,335097856,40468480,4550656,281223168,92631040,4718592,2883584,301297664,838864896,46956544,2320679.886685552,0,556704.7372690005,123639.90990781804,0,0,0,1461024.8870010348,14,9,8,4,11,24,6,6,3,11,1,3,6,34,16,8.267,4.067,25.067,2.267,2.333,2.4,20,0.016966403162055336,0.0031775147928994082,0.03667711598746082,0.04908536585365854,0.0023866666666666667,0.003179775280898876,0.010918367346938773,0.033049999999999996,0.004919526627218936,0.18147058823529405,0.20031250000000006,0.004477333333333334,0.0049235955056179765,0.09829365079365081
1705784248,2.283933065966015,3.667711243528382,0.19042347696879613,0.2503313019926487,4.840244806234869,3.393576514059107,0.4658899094635759,0.082646639254846,0.46201267792044304,0.7943257815337991,0,0.2918627671081892,1.2344550678812476,39.710039321973554,1.3982464738877085,210739200,80891904,6037504,423882752,107397120,335097856,40468480,4550656,281223168,92631040,4718592,2883584,301297664,838864896,46956544,2320679.886685552,0,556704.7372690005,123639.90990781804,0,0,0,1461024.8870010348,14,9,8,4,11,24,6,6,3,11,1,3,6,34,16,8.267,4.067,25.067,2.267,2.333,2.4,20,0.016966403162055336,0.0031775147928994082,0.03667711598746082,0.04908536585365854,0.0023866666666666667,0.003179775280898876,0.010918367346938773,0.033049999999999996,0.004919526627218936,0.18147058823529405,0.20031250000000006,0.004477333333333334,0.0049235955056179765,0.09829365079365081
1705784249,2.054722391007139,3.667711243528382,0.19042347696879613,0.2503313019926487,4.840244806234869,3.393576514059107,0.4658899094635759,0.082646639254846,0.3894985047522798,0.7789250561184738,0,0.2918627671081892,1.2344550678812476,39.710039321973554,1.3982464738877085,210747392,80891904,6037504,423882752,107397120,335097856,40468480,4550656,281223168,92631040,4718592,2883584,301297664,838864896,46956544,2320679.886685552,0,556704.7372690005,104234.28260359183,0,0,0,1461024.8870010348,14,9,8,4,11,24,6,6,3,11,1,3,6,34,16,8.267,4.067,25.067,2.267,2.333,2.4,20,0.016966403162055336,0.0031775147928994082,0.03667711598746082,0.04908536585365854,0.0023866666666666667,0.003179775280898876,0.010918367346938773,0.033049999999999996,0.004919526627218936,0.18147058823529405,0.20031250000000006,0.004477333333333334,0.0049235955056179765,0.09829365079365081
1705784250,2.054722391007139,3.667711243528382,0.19042347696879613,0.2503313019926487,4.840244806234869,3.393576514059107,0.4658899094635759,0.082646639254846,0.4440104447657521,0.7635243307031486,0,0.2918627671081892,1.2344550678812476,39.710039321973554,1.3982464738877085,210747392,80891904,6037504,423882752,107397120,335097856,40468480,4550656,281219072,92631040,4718592,2883584,301297664,838864896,46956544,2320679.886685552,0,556704.7372690005,97231.27387297955,0,0,0,1461024.8870010348,14,9,8,4,11,24,6,6,3,11,1,3,6,34,16,8.267,4.067,25.067,2.267,2.333,2.4,20,0.016966403162055336,0.0031775147928994082,0.03667711598746082,0.04908536585365854,0.0023866666666666667,0.003179775280898876,0.010918367346938773,0.033049999999999996,0.004919526627218936,0.18147058823529405,0.20031250000000006,0.004477333333333334,0.0049235955056179765,0.09829365079365081
1705784251,2.054722391007139,3.667711243528382,0.19042347696879613,0.2394312614083982,4.840244806234869,5.233122882656381,0.4658899094635759,0.082646639254846,0.4440104447657521,0.9371859123396152,0,0.2918627671081892,1.008159848595123,39.65878996625263,1.3685330516148466,210747392,80891904,6037504,423878656,107397120,335097856,40468480,4550656,281219072,92635136,4718592,2883584,301309952,13844480,47157248,2320679.886685552,0,556704.7372690005,97231.27387297955,0,0,0,1444974.3434953217,14,9,8,4,11,24,6,6,3,11,1,3,5,33,16,8.267,4,25.067,2.267,2.333,2.4,20,0.016966403162055336,0.003178571428571428,0.03667711598746082,0.04908536585365854,0.0023866666666666667,0.003179775280898876,0.010918367346938773,0.033049999999999996,0.0049214285714285705,0.18147058823529405,0.20031250000000006,0.004477333333333334,0.0049235955056179765,0.09829365079365081
1705784252,2.054722391007139,3.667711243528382,0.19042347696879613,0.2394312614083982,4.840244806234869,4.054763333333256,0.4658899094635759,0.082646639254846,0.4440104447657521,0.9371859123396152,0,0.2918627671081892,1.008159848595123,39.65878996625263,1.3685330516148466,210747392,80891904,6037504,423878656,107397120,335097856,40468480,4550656,281219072,92635136,4718592,2883584,301309952,13844480,47157248,2320679.886685552,0,556704.7372690005,97231.27387297955,0,0,0,1444974.3434953217,14,9,8,4,11,24,6,6,3,11,1,3,5,33,16,8.267,4,25.067,2.267,2.333,2.4,18.267,0.016966403162055336,0.003178571428571428,0.03667711598746082,0.04908536585365854,0.0023866666666666667,0.003179775280898876,0.009974315068493151,0.033049999999999996,0.0049214285714285705,0.18147058823529405,0.20031250000000006,0.004477333333333334,0.0049235955056179765,0.0981991525423729
1705784253,2.054722391007139,3.099664746905245,0.18145736786739666,0.2394312614083982,4.840244806234869,3.459244341709062,0.4658899094635759,0.08391512526573039,0.4440104447657521,0.958943218668528,0,0.24244441864780575,1.008159848595123,33.47463183772971,1.3685330516148466,210747392,80891904,6037504,423878656,107397120,335204352,40468480,4554752,281219072,92635136,4718592,2883584,301309952,13844480,47157248,1509003.750459615,0,556704.7372690005,97231.27387297955,0,0,0,1444974.3434953217,14,9,8,4,11,16,6,6,3,11,1,3,5,33,16,8.267,4,25.067,2.267,2.2,2.4,18.267,0.016966403162055336,0.003178571428571429,0.03667711598746082,0.04908536585365854,0.0023424657534246575,0.003179775280898876,0.009974315068493151,0.033049999999999996,0.004921428571428571,0.18147058823529405,0.20031250000000006,0.004468493150684932,0.0049235955056179765,0.0981991525423729
1705784254,2.054722391007139,3.7381388650569765,0.18145736786739666,0.2394312614083982,4.840244806234869,3.5430809298738652,0.4658899094635759,0.08391512526573039,0.4440104447657521,0.958943218668528,0,0.2473141983757949,1.008159848595123,39.16815894166702,1.3685330516148466,210747392,80891904,6037504,423878656,107397120,335204352,40468480,4554752,281219072,92635136,4718592,2883584,301309952,13844480,47157248,1819830.861625199,0,556704.7372690005,97231.27387297955,0,0,0,1444974.3434953217,14,9,8,4,11,16,6,6,3,11,1,3,5,33,16,8.267,4,25.067,2.267,2.2,2.133,18.267,0.016966403162055336,0.003178571428571429,0.03667711598746082,0.04908536585365854,0.0023424657534246575,0.0032093023255813954,0.009974315068493151,0.033049999999999996,0.004921428571428571,0.18147058823529405,0.20031250000000006,0.004468493150684932,0.0049767441860465115,0.0981991525423729
1705784255,2.054722391007139,3.7381388650569765,0.18145736786739666,0.2394312614083982,4.840244806234869,3.6269175180386695,0.4658899094635759,0.08391512526573039,0.4440104447657521,0.9589432186685282,0,0.2921867836793513,1.008159848595123,39.16815894166702,1.3685330516148466,210747392,80891904,6037504,423878656,107397120,335204352,40468480,4554752,281219072,92635136,4718592,2883584,301309952,13844480,47157248,1819830.861625199,0,556704.7372690005,97231.27387297955,0,0,0,1444974.3434953217,14,9,8,4,11,16,6,6,3,11,1,3,5,33,16,8.133,4,25.067,2.133,2.067,2,17.867,0.017055335968379444,0.003178571428571429,0.03667711598746082,0.04883720930232558,0.002314285714285714,0.0032439024390243905,0.009897610921501706,0.033199999999999986,0.004921428571428571,0.18147058823529405,0.21470588235294116,0.0044628571428571425,0.005444444444444446,0.09855263157894738
1705784256,2.054722391007139,3.7381388650569765,0.18145736786739666,0.2394312614083982,4.095855490409331,3.710754106203472,0.4658899094635759,0.08391512526573039,0.4440104447657521,0.9589432186685282,0,0.2862982166003664,1.1220600284779008,39.16815894166702,1.3685330516148466,210747392,80891904,6037504,423878656,107397120,335204352,40468480,4554752,281219072,92635136,4718592,2883584,301309952,13844480,47157248,1819830.861625199,0,556704.7372690005,97231.27387297955,0,0,0,1444974.3434953217,14,9,8,4,11,16,6,6,3,11,1,3,5,33,16,8.133,4,25.067,2.133,2.067,2,17.867,0.017055335968379444,0.003178571428571429,0.03667711598746082,0.04883720930232558,0.002314285714285714,0.0032439024390243905,0.009897610921501706,0.033199999999999986,0.004921428571428571,0.18147058823529405,0.21470588235294116,0.0044628571428571425,0.005444444444444446,0.09855263157894738
1705784257,2.088451834862398,3.7381388650569765,0.18145736786739666,0.2394312614083982,4.015184743638751,3.7945906943682752,0.29757000000000033,0.08391512526573039,0.4440104447657521,0.9589432186685282,0,0.2862982166003664,1.1478269679214357,39.16815894166702,1.3685330516148466,210747392,80891904,6037504,423878656,107397120,335204352,40468480,4554752,281219072,92635136,4718592,2883584,301309952,13844480,47157248,1819830.861625199,0,368640,97231.27387297955,0,0,0,1444974.3434953217,14,9,8,4,11,16,6,6,3,11,1,3,5,33,16,8.133,4,25.067,2.133,2.067,2,17.867,0.017055335968379444,0.003178571428571429,0.03667711598746082,0.04883720930232558,0.002314285714285714,0.0032439024390243905,0.009897610921501706,0.033199999999999986,0.004921428571428571,0.18147058823529405,0.21470588235294116,0.0044628571428571425,0.005444444444444446,0.09855263157894738
1705784258,2.088451834862398,3.7381388650569765,0.1715818734242683,0.2394312614083982,4.061338624878755,3.8784272825330777,0.29757000000000033,0.08391512526573039,0.4440104447657521,0.9589432186685282,0.00013110867652077737,0.2862982166003664,1.173593907364971,39.16815894166702,1.3762955285756466,210747392,80891904,6017024,423878656,107397120,335204352,40468480,4554752,281219072,92635136,4718592,2883584,301309952,13844480,47157248,1819830.861625199,0,368640,97231.27387297955,0,0,0,1479751.2585134734,14,9,8,4,11,16,6,6,3,11,1,3,5,33,16,6.333,3.733,24.267,2.067,2.067,2,16.667,0.016824034334763947,0.003152941176470588,0.03644200626959247,0.049418604651162795,0.002314285714285714,0.0032439024390243905,0.009932659932659932,0.0334375,0.004875294117647058,0.18195876288659815,0.23105263157894732,0.0044628571428571425,0.005444444444444446,0.0985777777777778
1705784259,2.088451834862398,3.7381388650569765,0.1715818734242683,0.23849942871652052,4.668917498686306,3.962263870697881,0.29757000000000033,0.08391512526573039,0.4440104447657521,0.9589432186685282,0.00013110867652077737,0.2862982166003664,1.199360846808506,39.16815894166702,1.3762955285756466,210747392,80891904,6017024,423878656,107802624,335204352,40468480,4554752,281219072,92635136,4718592,2883584,301309952,13844480,47157248,1819830.861625199,0,368640,97231.27387297955,0,0,0,1479751.2585134734,14,9,8,4,16,16,6,6,3,11,1,3,5,33,16,6.333,3.733,22,2.067,2.067,2,16.667,0.016824034334763947,0.003152941176470588,0.03624608150470219,0.049418604651162795,0.002314285714285714,0.0032439024390243905,0.009932659932659932,0.0334375,0.004875294117647058,0.18159340659340642,0.23105263157894732,0.0044628571428571425,0.005444444444444446,0.0985777777777778
1705784260,2.088451834862398,3.7381388650569765,0.1715818734242683,0.23849942871652052,4.668917498686306,4.046100458862685,0.29757000000000033,0.08391512526573039,0.4440104447657521,0.9589432186685282,0.00013110867652077737,0.2862982166003664,1.2251277862520413,39.16815894166702,1.3762955285756466,210747392,80891904,6017024,423878656,107802624,335204352,40468480,4554752,281219072,92635136,4718592,2883584,301309952,13844480,47157248,1819830.861625199,0,368640,97231.27387297955,0,0,0,1479751.2585134734,14,9,8,4,16,16,6,6,3,11,1,3,5,33,16,6.333,3.733,22,2.067,2.067,2,16.667,0.016824034334763947,0.003152941176470588,0.03624608150470219,0.049418604651162795,0.002314285714285714,0.0032439024390243905,0.009932659932659932,0.0334375,0.004875294117647058,0.18159340659340642,0.23105263157894732,0.0044628571428571425,0.005444444444444446,0.0985777777777778
1705784261,2.088451834862398,3.7381388650569765,0.1715818734242683,0.23849942871652052,4.668917498686305,4.1299370470274885,0.29757000000000033,0.08391512526573039,0.4440104447657521,0.9589432186685282,0.00013110867652077737,0.2862982166003664,1.250894725695576,39.16815894166702,1.3762955285756466,210747392,80891904,6017024,423878656,107802624,335204352,40468480,4554752,281219072,92635136,4718592,2883584,301309952,13844480,47157248,1819830.861625199,0,368640,97231.27387297955,0,0,0,1479751.2585134734,14,9,8,4,16,16,6,6,3,11,1,3,5,33,16,6.333,3.733,22,2.067,2.067,2,16.667,0.016824034334763947,0.003152941176470588,0.03624608150470219,0.049418604651162795,0.002314285714285714,0.0032439024390243905,0.009932659932659932,0.0334375,0.004875294117647058,0.18159340659340642,0.23105263157894732,0.0044628571428571425,0.005444444444444446,0.0985777777777778
1705784262,2.088451834862398,3.127700788393173,0.1715818734242683,0.23849942871652052,4.668917498686305,5.030195289888184,0.3556600899116127,0.08391512526573039,0.4440104447657521,0.9589432186685282,0.00013110867652077737,0.2862982166003664,1.2766616651391112,39.16815894166702,1.3762955285756466,210747392,80891904,6017024,423878656,107802624,335204352,40468480,4554752,281219072,92635136,4718592,2883584,301309952,13844480,47157248,1522652.4819218041,0,440604.0109722645,97231.27387297955,0,0,0,1479751.2585134734,14,9,8,4,16,16,6,6,3,11,1,3,5,33,16,6.333,3.733,22,2.067,2.067,2,16.667,0.016824034334763947,0.003152941176470588,0.03624608150470219,0.049418604651162795,0.002314285714285714,0.0032439024390243905,0.009932659932659932,0.0334375,0.004875294117647058,0.18159340659340642,0.23105263157894732,0.0044628571428571425,0.005444444444444446,0.0985777777777778
1705784263,2.088451834862398,3.0653984739755566,0.1715818734242683,0.23849942871652052,4.668917498686305,5.030195289888184,0.34810218073758037,0.07154676269083379,0.4956916478681014,0.9589432186685282,0.00021537825028264393,0.2862982166003664,1.3024286045826463,39.16815894166702,1.3762955285756466,210747392,80891904,6017024,423878656,107802624,335204352,40468480,4554752,281219072,92635136,4718592,2883584,301309952,13844480,47157248,1492321.9675613842,0,431241.0118866199,79850.72548528142,0,0,0,1479751.2585134734,14,9,8,4,16,16,6,6,3,11,1,3,5,33,16,6.333,3.733,22,2.067,2.067,2,16.667,0.016824034334763947,0.003152941176470588,0.03624608150470219,0.049418604651162795,0.002314285714285714,0.0032439024390243905,0.009932659932659932,0.0334375,0.004875294117647058,0.18159340659340642,0.23105263157894732,0.0044628571428571425,0.005444444444444446,0.0985777777777778
1705784264,2.088451834862398,3.6392688295530684,0.1715818734242683,0.23849942871652052,4.668917498686305,5.030195289888184,0.34054427156354805,0.07301668770566898,0.4956916478681014,0.9649621099110952,0.00022172662840248074,0.2862982166003664,1.5460163666121054,39.352991295706666,1.3762955285756466,210747392,80932864,6017024,423878656,107802624,335204352,40468480,4554752,281219072,92635136,4718592,2883584,301309952,145555456,47157248,1646396.7843812807,0,421878.0128009753,79850.72548528142,0,0,0,1479751.2585134734,14,9,8,4,16,16,6,6,3,11,1,3,5,34,16,6.333,3.733,22,2.067,2.067,2,16.667,0.016824034334763947,0.003152941176470588,0.03624608150470219,0.049418604651162795,0.002314285714285714,0.0032439024390243905,0.009932659932659932,0.0334375,0.004875294117647058,0.18159340659340642,0.23105263157894732,0.0044628571428571425,0.005444444444444446,0.0985777777777778
1705784265,2.0884518348623975,3.6392688295530684,0.1715818734242683,0.23849942871652052,4.668917498686305,5.030195289888184,0.33298636238951573,0.07448661272050416,0.4956916478681014,0.9649621099110952,0.0002280750065223176,0.2862982166003664,1.5460163666121054,39.352991295706666,1.3762955285756466,210747392,80932864,6017024,423878656,107802624,335204352,40468480,4554752,281219072,92635136,4718592,2883584,301309952,145555456,47157248,1646396.7843812807,0,412515.0137153307,79850.72548528142,0,0,0,1479751.2585134734,14,9,8,4,16,16,6,6,3,11,1,3,5,34,16,6.333,3.733,22,2.067,2.067,2,16.667,0.016824034334763947,0.003152941176470588,0.03624608150470219,0.049418604651162795,0.002314285714285714,0.0032439024390243905,0.009932659932659932,0.0334375,0.004875294117647058,0.18159340659340642,0.23105263157894732,0.0044628571428571425,0.005444444444444446,0.0985777777777778
1705784266,2.0884518348623975,3.6392688295530684,0.1715818734242683,0.23849942871652052,4.668917498686305,5.030195289888184,0.3254284532154834,0.08819550089011075,0.4956916478681014,0.9649621099110952,0.00023442338464215438,0.2862982166003664,1.5460163666121054,39.352991295706666,1.3762955285756466,210747392,80932864,6017024,423878656,107802624,335204352,40468480,4554752,281219072,92635136,4718592,2883584,301309952,145555456,47157248,1646396.7843812807,0,403152.0146296861,79850.72548528142,0,0,0,1479751.2585134734,14,9,8,4,16,16,6,6,3,11,1,3,5,34,16,6.333,3.6,22,2.067,2.067,2,16.667,0.016824034334763947,0.0031162790697674423,0.03624608150470219,0.049418604651162795,0.002314285714285714,0.0032439024390243905,0.009932659932659932,0.0334375,0.004809302325581396,0.18159340659340642,0.23105263157894732,0.0044628571428571425,0.005444444444444446,0.0985777777777778
1705784267,2.0884518348623975,3.6392688295530684,0.1715818734242683,0.23849942871652052,4.668917498686305,5.030195289888184,0.3178705440414511,0.08819550089011075,0.4956916478681014,0.9649621099110952,0.0002407717627619912,0.2862982166003664,1.5460163666121054,39.352991295706666,1.3464927985994988,210747392,80932864,6017024,423878656,107802624,335204352,40468480,4554752,281219072,92635136,4718592,2883584,301309952,145555456,47083520,1646396.7843812807,0,393789.0155440414,79850.72548528142,0,0,0,1670406.6205140443,14,9,8,4,16,16,6,6,3,11,1,3,5,34,16,6.333,3.6,22,2.067,2.067,2,17,0.016824034334763947,0.0031162790697674423,0.03624608150470219,0.049418604651162795,0.002314285714285714,0.0032439024390243905,0.009761904761904763,0.0334375,0.004809302325581396,0.18159340659340642,0.23105263157894732,0.0044628571428571425,0.005444444444444446,0.0986511627906977
1705784268,2.0884518348623975,3.6392688295530684,0.1715818734242683,0.23849942871652052,4.668917498686305,5.030195289888184,0.3103126348674188,0.08819550089011075,0.4956916478681014,0.9649621099110952,0.000247120140881828,0.2862982166003664,1.2955230648117788,39.352991295706666,1.3464927985994988,210747392,80932864,6017024,423878656,107802624,335204352,40468480,4554752,281219072,92635136,4718592,2883584,301309952,145555456,47083520,1646396.7843812807,0,384426.0164583968,79850.72548528142,0,0,0,1670406.6205140443,14,9,8,4,16,16,6,6,3,11,1,3,5,34,16,6.333,3.6,22,2.067,1.8,2,17,0.016824034334763947,0.0031162790697674423,0.03624608150470219,0.049418604651162795,0.002380281690140845,0.0032439024390243905,0.009761904761904763,0.0334375,0.004809302325581396,0.18159340659340642,0.23105263157894732,0.004476056338028169,0.005444444444444446,0.0986511627906977
1705784269,1.944442805516623,3.6392688295530684,0.1715818734242683,0.23849942871652052,4.485127217272692,5.030195289888184,0.4677995875658757,0.08819550089011075,0.4064485628150481,0.9649621099110952,0.00025346851900166485,0.2862982166003664,1.269756125368244,39.776264051549745,1.3464927985994988,210776064,80932864,6017024,423878656,107802624,335204352,40521728,4554752,281219072,92635136,4718592,2883584,301309952,145555456,47083520,1646396.7843812807,0,836844.1151760484,65474.60049572508,0,0,0,1670406.6205140443,14,9,8,4,16,16,6,6,3,11,1,3,5,34,16,6.333,3.6,22,2.067,1.8,1.8,17,0.016824034334763947,0.0031162790697674423,0.03624608150470219,0.049418604651162795,0.002380281690140845,0.0032380952380952383,0.009761904761904763,0.0334375,0.004809302325581396,0.18159340659340642,0.23105263157894732,0.004476056338028169,0.0053333333333333306,0.0986511627906977
1705784270,1.944442805516623,3.6392688295530684,0.1715818734242683,0.24373245051478656,4.8494539396557155,3.651808160110632,0.4677995875658757,0.07447926309543,0.3981870353505797,0.7924670914135712,0.0002598168971215017,0.2862982166003664,1.2439891859247088,39.776264051549745,1.3464927985994988,210776064,80932864,6017024,423882752,98537472,335204352,40521728,4554752,281219072,92635136,4718592,2883584,301309952,145555456,47083520,1646396.7843812807,0,836844.1151760484,64143.75507097038,0,0,0,1670406.6205140443,14,9,8,4,11,16,6,6,3,11,1,3,5,34,16,6.133,3.6,22,1.867,1.6,1.6,16.4,0.016691810344827585,0.0031162790697674423,0.03624608150470219,0.0486111111111111,0.002405405405405405,0.003255813953488372,0.009693708609271523,0.03328125,0.004809302325581396,0.18159340659340642,0.23499999999999993,0.0044810810810810816,0.005649999999999993,0.0991355140186916
1705784271,1.944442805516623,3.6392688295530684,0.1715818734242683,0.2437324505147865,4.8494539396557155,3.651808160110632,0.4677995875658757,0.07300933808059482,0.38992550788611136,0.9455746790581915,0.0002661652752413385,0.27760594617274836,1.06950537976571,39.776264051549745,1.3464927985994988,210776064,80932864,6017024,423882752,98537472,335204352,40521728,4554752,281219072,92639232,4718592,2883584,301314048,145555456,47083520,1646396.7843812802,0,836844.1151760484,62812.90964621569,0,0,0,1670406.6205140443,14,9,8,4,11,16,6,6,3,11,1,3,5,34,16,6.133,3.6,22,1.867,1.6,1.6,16.4,0.016691810344827585,0.0031162790697674423,0.03624608150470219,0.0486111111111111,0.002405405405405405,0.003255813953488372,0.009693708609271523,0.03328125,0.004809302325581396,0.18159340659340642,0.23499999999999993,0.0044810810810810816,0.005649999999999993,0.0991355140186916
1705784272,1.944442805516623,2.9514851131458633,0.14169461061151223,0.15252205172631791,4.8494539396557155,3.651808160110632,0.4677995875658757,0.07153941306575963,0.381663980421643,0.9455746790581915,0.0001541729075785847,0.29732479961234737,1.06950537976571,39.776264051549745,1.3464927985994988,210776064,80932864,6017024,423882752,98537472,335204352,40521728,4554752,281219072,92639232,4718592,2883584,301314048,145555456,47083520,1301189.8334485074,0,836844.1151760484,61482.064221461,0,24809.70744412364,0,1670406.6205140443,14,9,8,4,11,16,6,6,3,11,1,3,5,34,16,6.133,3.6,22,1.867,1.6,1.6,16.4,0.016691810344827585,0.0031162790697674423,0.03624608150470219,0.0486111111111111,0.002405405405405405,0.003255813953488372,0.009693708609271523,0.03328125,0.004809302325581396,0.18159340659340642,0.23499999999999993,0.0044810810810810816,0.005649999999999993,0.0991355140186916
1705784273,1.944442805516623,3.5452032569179615,0.12008750000000125,0.15641724286256142,4.8494539396557155,3.651808160110632,0.4677995875658757,0.08514399601395073,0.37340245295717467,0.9455746790581915,0.00015788440712608697,0.29732479961234737,1.06950537976571,39.776264051549745,1.3464927985994988,210776064,80932864,6017024,423882752,98537472,335204352,40521728,4485120,281219072,92639232,4718592,2883584,301314048,145555456,47083520,1562936.0334104497,0,836844.1151760484,60151.218796706315,0,24809.70744412364,0,1670406.6205140443,14,9,8,4,11,16,6,6,3,11,1,3,5,34,16,8.867,4.133,23.133,1.533,1.6,1.6,17,0.016952054794520544,0.003118343195266272,0.03603187919463087,0.046614583333333334,0.002405405405405405,0.003255813953488372,0.009619205298013245,0.037009803921568614,0.0048130177514792895,0.1789062499999997,0.20875000000000002,0.0044810810810810816,0.005649999999999993,0.09905213270142181
1705784274,1.944442805516623,3.5452032569179615,0.12008750000000125,0.16031243399880488,4.8494539396557155,3.651808160110632,0.4677995875658757,0.08514399601395073,0.25191233081590986,0.9455746790581915,0.00016159590667358926,0.29732479961234737,1.06950537976571,39.776264051549745,1.3464927985994988,210776064,80932864,6017024,423882752,98537472,335204352,40521728,4485120,281219072,92639232,4718592,2883584,301314048,145555456,47083520,1562936.0334104497,0,836844.1151760484,70846.96479543293,0,24809.70744412364,0,1670406.6205140443,14,9,8,4,11,16,6,6,3,11,1,3,5,34,16,8.867,4.133,26.067,1.533,1.6,1.6,17,0.016952054794520544,0.003118343195266272,0.035791366906474824,0.046614583333333334,0.002405405405405405,0.003255813953488372,0.009619205298013245,0.037009803921568614,0.0048130177514792895,0.17752475247524757,0.20875000000000002,0.0044810810810810816,0.005649999999999993,0.09905213270142181
1705784275,1.6240875505366736,3.5452032569179615,0.18288211372980795,0.16420762513504839,4.8494539396557155,3.651808160110632,0.4677995875658757,0.08514399601395073,0.24613836554473909,0.9455746790581915,0.00016530740622109158,0.29732479961234737,1.06950537976571,39.776264051549745,1.3464927985994988,210776064,80932864,6012928,423882752,98537472,335204352,40521728,4485120,281219072,92639232,4718592,2883584,301314048,145555456,47083520,1562936.0334104497,0,836844.1151760484,69223.11449413259,0,24809.70744412364,0,1670406.6205140443,14,9,8,4,11,16,6,6,3,11,1,3,5,34,16,8.867,4.133,26.067,1.533,1.6,1.6,17,0.016952054794520544,0.003118343195266272,0.035791366906474824,0.046614583333333334,0.002405405405405405,0.003255813953488372,0.009619205298013245,0.037009803921568614,0.0048130177514792895,0.17752475247524757,0.20875000000000002,0.0044810810810810816,0.005649999999999993,0.09905213270142181
1705784276,1.6240875505366736,3.5452032569179615,0.18288211372980795,0.1681028162712918,4.8494539396557155,3.651808160110632,0.4677995875658757,0.08514399601395073,0.24036440027356826,0.9455746790581915,0.00016901890576859384,0.29732479961234737,1.06950537976571,39.776264051549745,1.3464927985994988,210776064,80932864,6012928,423882752,98537472,335204352,40521728,4485120,281219072,92639232,4718592,2883584,301314048,145555456,47083520,1562936.0334104497,0,836844.1151760484,67599.26419283223,0,24809.70744412364,0,1670406.6205140443,14,9,8,4,11,16,6,6,3,11,1,3,5,34,16,8.867,4.133,26.067,1.533,1.6,1.6,17,0.016952054794520544,0.003118343195266272,0.035791366906474824,0.046614583333333334,0.002405405405405405,0.003255813953488372,0.009619205298013245,0.037009803921568614,0.0048130177514792895,0.17752475247524757,0.20875000000000002,0.0044810810810810816,0.005649999999999993,0.09905213270142181
1705784277,1.6240875505366736,3.5452032569179615,0.18288211372980795,0.17199800740753535,4.8494539396557155,3.651808160110632,0.4742960468197871,0.08514399601395073,0.23459043500239748,0.9455746790581915,0.00017273040531609615,0.29732479961234737,1.06950537976571,39.776264051549745,1.2934472239170178,210776064,80932864,6012928,423882752,98537472,335204352,40521728,4485120,281219072,92639232,4718592,2883584,301314048,145555456,47083520,1562936.0334104497,0,961130.7420494701,65975.41389153188,0,24809.70744412364,0,1736863.9414277,14,9,8,4,11,16,6,6,3,11,1,3,5,34,16,8.867,4.133,26.067,1.533,1.6,1.6,17,0.016952054794520544,0.003118343195266272,0.035791366906474824,0.046614583333333334,0.002405405405405405,0.003255813953488372,0.009619205298013245,0.037009803921568614,0.0048130177514792895,0.17752475247524757,0.20875000000000002,0.0044810810810810816,0.005649999999999993,0.09905213270142181
1705784278,1.6240875505366736,3.5452032569179615,0.18288211372980795,0.1758931985437788,4.8494539396557155,3.651808160110632,0.4742960468197871,0.08514399601395073,0.2288164697312267,0.9382678214523525,0.00017644190486359844,0.29732479961234737,1.06950537976571,39.776264051549745,1.2934472239170178,210776064,80932864,6012928,423882752,98537472,335204352,40521728,4485120,281219072,92639232,4718592,2883584,301314048,145555456,47083520,1562936.0334104497,0,961130.7420494701,64351.563590231526,0,24809.70744412364,0,1736863.9414277,14,9,8,4,11,16,6,6,3,11,1,3,5,34,16,8.867,4.133,26.067,1.533,1.6,1.6,17,0.016952054794520544,0.003118343195266272,0.035791366906474824,0.046614583333333334,0.002405405405405405,0.003255813953488372,0.009619205298013245,0.037009803921568614,0.0048130177514792895,0.17752475247524757,0.20875000000000002,0.0044810810810810816,0.005649999999999993,0.09905213270142181
1705784279,1.6240875505366736,3.5452032569179615,0.18288211372980795,0.1797883896800223,4.8494539396557155,3.651808160110632,0.4742960468197871,0.08514399601395073,0.4065186574488116,0.9382678214523525,0.00018015340441110073,0.29732479961234737,1.06950537976571,33.87876996817331,1.2934472239170178,210776064,80932864,6012928,423882752,98537472,335204352,40521728,4485120,280739840,92639232,4718592,2883584,301314048,145555456,47083520,1562936.0334104497,0,961130.7420494701,35731.5769960526,0,24809.70744412364,0,1736863.9414277,14,9,8,4,11,16,6,6,3,11,1,3,5,34,16,8.867,4.133,26.067,1.533,1.6,1.6,17,0.016952054794520544,0.003118343195266272,0.035791366906474824,0.046614583333333334,0.002405405405405405,0.003255813953488372,0.009619205298013245,0.037009803921568614,0.0048130177514792895,0.17752475247524757,0.20875000000000002,0.0044810810810810816,0.005649999999999993,0.09905213270142181
1705784280,1.621633002030556,3.5452032569179615,0.18288211372980795,0.18368358081626576,4.8494539396557155,1.6908626328700402,0.4742960468197871,0.08514399601395073,0.4065186574488116,0.9382678214523525,0.00018386490395860304,0.29732479961234737,1.06950537976571,33.21583223398081,1.2934472239170178,210792448,80932864,6012928,423882752,98537472,335204352,40521728,4485120,280739840,92639232,4718592,2883584,301314048,145555456,47083520,1562936.0334104497,0,961130.7420494701,35731.5769960526,0,24809.70744412364,0,1736863.9414277,14,9,8,4,11,16,6,6,3,11,1,3,5,34,16,8.867,4.133,26.067,1.533,1.6,1.6,17,0.016952054794520544,0.003118343195266272,0.035791366906474824,0.046614583333333334,0.002405405405405405,0.003255813953488372,0.009619205298013245,0.037009803921568614,0.0048130177514792895,0.17752475247524757,0.20875000000000002,0.0044810810810810816,0.005649999999999993,0.09905213270142181
1705784281,1.621633002030556,3.5452032569179615,0.18288211372980795,0.18757877195250927,4.000387875772027,1.6908626328700402,0.4742960468197871,0.08514399601395073,0.4065186574488116,0.9382678214523525,0.00022268997285013767,0.29732479961234737,0.36612505023825026,24.91268750000003,1.2934472239170178,210792448,80932864,6012928,423882752,98537472,335204352,40521728,4485120,280739840,92639232,4718592,2883584,301314048,145555456,47083520,1562936.0334104497,0,961130.7420494701,35731.5769960526,0,24809.70744412364,0,1736863.9414277,14,9,8,4,11,16,6,6,3,11,1,3,5,34,16,8.867,4.533,26.067,1.533,1.6,1.6,17,0.016952054794520544,0.003144578313253012,0.035791366906474824,0.046614583333333334,0.002405405405405405,0.003255813953488372,0.009619205298013245,0.037009803921568614,0.004860240963855422,0.17752475247524757,0.20875000000000002,0.0044810810810810816,0.005649999999999993,0.09905213270142181
1705784282,1.621633002030556,3.757831942038106,0.18288211372980795,0.19147396308875272,4.08262085778062,1.6908626328700402,0.4742960468197871,0.08514399601395073,0.4065186574488116,0.9382678214523525,0.00022268997285013767,0.29732479961234737,0.36612505023825026,33.998037190951116,1.2920332488850788,210792448,80969728,6012928,423882752,98537472,335204352,40521728,4485120,280739840,92639232,4718592,2883584,301314048,674054144,47144960,2145093.7155457553,0,961130.7420494701,35731.5769960526,0,24809.70744412364,0,1543686.2712254766,14,9,8,4,11,16,6,6,3,11,1,3,5,34,16,8.867,4.533,26.067,1.533,1.6,1.6,17.6,0.016952054794520544,0.003144578313253012,0.035791366906474824,0.046614583333333334,0.002405405405405405,0.003255813953488372,0.009822635135135134,0.037009803921568614,0.004860240963855422,0.17752475247524757,0.20875000000000002,0.0044810810810810816,0.005649999999999993,0.11424999999999988
1705784283,1.621633002030556,3.757831942038106,0.18288211372980795,0.19536915422499623,4.164853839789213,1.6908626328700402,0.4742960468197871,0.0831699249896644,0.4065186574488116,0.9118989898989828,0.00022268997285013767,0.25251477348183027,0.36612505023825026,39.78317369979652,1.2920332488850788,210792448,80969728,6012928,423882752,98537472,335204352,40521728,4485120,280739840,92626944,4718592,2883584,301314048,674054144,47144960,2145093.7155457553,0,961130.7420494701,35731.5769960526,0,33180.78956899674,0,1543686.2712254766,14,9,8,4,11,16,6,6,3,11,1,3,5,34,16,8.867,4.533,26.067,1.533,1.867,1.6,17.6,0.016952054794520544,0.003144578313253012,0.035791366906474824,0.046614583333333334,0.00247945205479452,0.003255813953488372,0.009822635135135134,0.037009803921568614,0.004860240963855422,0.17752475247524757,0.20875000000000002,0.004495890410958904,0.005649999999999993,0.11424999999999988
1705784284,1.621633002030556,3.757831942038106,0.18288211372980795,0.1896712229432216,4.933978920515583,1.6908626328700402,0.4742960468197871,0.0831699249896644,0.4065186574488116,0.9118989898989828,0.00022268997285013767,0.2576465878222647,0.36612505023825026,39.78317369979652,1.2920332488850788,210792448,80969728,6012928,423878656,98537472,335204352,40521728,4485120,280739840,92626944,4718592,2883584,301314048,674054144,47144960,2145093.7155457553,0,961130.7420494701,35731.5769960526,0,33855.11705245135,0,1543686.2712254766,14,9,8,4,11,16,6,6,3,11,1,3,5,34,16,8.867,4.533,26.067,1.533,1.867,1.867,17.6,0.016952054794520544,0.003144578313253012,0.035791366906474824,0.046614583333333334,0.00247945205479452,0.0032439024390243905,0.009822635135135134,0.037009803921568614,0.004860240963855422,0.17752475247524757,0.20875000000000002,0.004495890410958904,0.005444444444444446,0.11424999999999988
1705784285,1.621633002030556,3.757831942038106,0.18288211372980795,0.22271610660486701,4.933978920515583,1.536344695054158,0.4742960468197871,0.0831699249896644,0.4065186574488116,0.9118989898989828,0.00022268997285013767,0.3079088604260644,0.36612505023825026,39.78317369979652,1.2920332488850788,210792448,80969728,6012928,423878656,98537472,335237120,40521728,4485120,280739840,92626944,4718592,2883584,301314048,674054144,47144960,2145093.7155457553,0,961130.7420494701,35731.5769960526,0,40459.64900727668,0,1543686.2712254766,14,9,8,4,11,16,6,6,3,11,1,3,5,34,16,9.2,4.533,26.067,1.867,2.2,2.2,18.6,0.017052752293577982,0.003144578313253012,0.035791366906474824,0.045639534883720925,0.002432835820895522,0.0032631578947368424,0.009850877192982456,0.03681372549019607,0.004860240963855422,0.17752475247524757,0.20375,0.004486567164179104,0.005777777777777783,0.13710526315789467
1705784286,1.621633002030556,3.757831942038106,0.18288211372980795,0.22271610660486701,4.197253634700599,1.536344695054158,0.46792058912845286,0.0831699249896644,0.4065186574488116,0.9118989898989828,0.00022268997285013767,0.3079088604260644,0.36612505023825026,39.78317369979652,1.2920332488850788,210792448,80969728,6012928,423878656,98537472,335237120,40538112,4485120,280739840,92626944,4718592,2883584,301314048,674054144,47144960,2145093.7155457553,0,831825.0835104767,35731.5769960526,0,40459.64900727668,0,1543686.2712254766,14,9,8,4,11,16,6,6,3,11,1,3,5,34,16,9.2,4.533,26.067,1.867,2.2,2.2,18.6,0.017052752293577982,0.003144578313253012,0.035791366906474824,0.045639534883720925,0.002432835820895522,0.0032631578947368424,0.009850877192982456,0.03681372549019607,0.004860240963855422,0.17752475247524757,0.20375,0.004486567164179104,0.005777777777777783,0.13710526315789467
1705784287,1.621633002030556,3.757831942038106,0.18288211372980795,0.22271610660486701,4.115020652692005,1.536344695054158,0.46792058912845286,0.0831699249896644,0.4065186574488116,0.9118989898989828,0.00022268997285013767,0.3079088604260644,0.3887519473092431,39.78317369979652,1.2920332488850788,210792448,80969728,6012928,423878656,98537472,335237120,40538112,4485120,280739840,92626944,4718592,2883584,301314048,674054144,47144960,2145093.7155457553,0,831825.0835104767,35731.5769960526,0,40459.64900727668,0,1543686.2712254766,14,9,8,4,11,16,6,6,3,11,1,3,6,34,16,9.2,4.533,26.067,1.867,2.2,2.2,18.6,0.017052752293577982,0.003144578313253012,0.035791366906474824,0.045639534883720925,0.002432835820895522,0.0032631578947368424,0.009850877192982456,0.03681372549019607,0.004860240963855422,0.17752475247524757,0.20375,0.004486567164179104,0.005777777777777783,0.13710526315789467
1705784288,1.621633002030556,3.757831942038106,0.18288211372980795,0.22271610660486701,4.032787670683412,1.536344695054158,0.46792058912845286,0.0831699249896644,0.4065186574488116,0.9118989898989828,0.0001507579199537475,0.3079088604260644,0.3887519473092431,39.78317369979652,1.2920332488850788,210792448,80969728,6012928,423878656,98537472,335237120,40538112,4485120,280739840,92626944,4718592,2883584,301314048,674054144,47144960,2145093.7155457553,0,831825.0835104767,35731.5769960526,0,40459.64900727668,0,1543686.2712254766,14,9,8,4,11,16,6,6,3,11,1,3,6,34,16,8.333,3.933,24.8,2.467,2.2,2.2,19.667,0.01694186046511628,0.0031707317073170734,0.03625954198473283,0.0465625,0.002432835820895522,0.0032631578947368424,0.010833333333333328,0.03905,0.004907317073170731,0.1905940594059407,0.22299999999999998,0.004486567164179104,0.005777777777777783,0.17583333333333345
1705784289,1.621633002030556,3.757831942038106,0.17777549904293174,0.22271610660486701,4.813658845650779,1.536344695054158,0.46792058912845286,0.0831699249896644,0.4065186574488116,0.9118989898989828,0.0001507579199537475,0.2995779522241913,0.3887519473092431,39.78317369979652,1.2920332488850788,210792448,80969728,6021120,423878656,99323904,335237120,40538112,4485120,280739840,92626944,4718592,2879488,301314048,674054144,47144960,2145093.7155457553,0,831825.0835104767,35731.5769960526,0,25930.615345657134,0,1543686.2712254766,14,9,8,4,10,16,6,6,3,11,1,3,6,34,16,8.333,3.933,22.467,2.467,2.2,2.2,19.667,0.01694186046511628,0.0031707317073170734,0.03635912698412699,0.0465625,0.002432835820895522,0.0032631578947368424,0.010833333333333328,0.03905,0.004907317073170731,0.20147959183673492,0.22299999999999998,0.004486567164179104,0.005777777777777783,0.17583333333333345
1705784290,1.621633002030556,3.757831942038106,0.14455178825156254,0.22271610660486701,4.813658845650779,1.536344695054158,0.46792058912845286,0.0831699249896644,0.4065186574488116,0.9118989898989828,0.0001507579199537475,0.2995779522241913,0.3887519473092431,39.78317369979652,1.2920332488850788,210792448,80969728,6021120,423878656,99323904,335237120,40538112,4485120,280739840,92626944,4718592,2879488,301314048,674054144,47144960,2145093.7155457553,0,831825.0835104767,35731.5769960526,0,25930.615345657134,0,1543686.2712254766,14,9,8,4,10,16,6,6,3,11,1,3,6,34,16,8.333,3.933,22.467,2.467,2.2,2.2,19.667,0.01694186046511628,0.0031707317073170734,0.03635912698412699,0.0465625,0.002432835820895522,0.0032631578947368424,0.010833333333333328,0.03905,0.004907317073170731,0.20147959183673492,0.22299999999999998,0.004486567164179104,0.005777777777777783,0.17583333333333345
1705784291,1.5631333298760093,3.798925049841034,0.17114146760120275,0.22271610660486701,4.813658845650779,1.536344695054158,0.46792058912845286,0.0688792526283153,0.4065186574488116,0.9118989898989828,0.0001507579199537475,0.2995779522241913,0.3887519473092431,39.78317369979652,1.2920332488850788,210804736,80969728,6021120,423878656,99323904,335237120,40538112,4485120,280739840,92626944,4718592,2879488,301314048,674054144,47144960,2251155.7734791744,0,831825.0835104767,35731.5769960526,0,25930.615345657134,0,1543686.2712254766,14,9,8,4,10,16,6,6,3,11,1,3,6,34,16,8.333,3.933,22.467,2.467,2.2,2.2,19.667,0.01694186046511628,0.0031707317073170734,0.03635912698412699,0.0465625,0.002432835820895522,0.0032631578947368424,0.010833333333333328,0.03905,0.004907317073170731,0.20147959183673492,0.22299999999999998,0.004486567164179104,0.005777777777777783,0.17583333333333345
1705784292,1.5631333298760093,3.798925049841034,0.17114146760120275,0.22271610660486701,4.813658845650779,1.536344695054158,0.46792058912845286,0.0674930872118209,0.4065186574488116,0.9118989898989828,0.0001507579199537475,0.2995779522241913,0.3887519473092431,39.78317369979652,1.2920332488850788,210804736,80969728,6021120,423878656,99323904,335237120,40538112,4485120,280739840,92626944,4718592,2879488,301314048,674054144,47144960,2251155.7734791744,0,831825.0835104767,35731.5769960526,0,25930.615345657134,0,1543686.2712254766,14,9,8,4,10,16,6,6,3,11,1,3,6,34,16,8.333,3.933,22.467,2.467,2.2,2.2,19.667,0.01694186046511628,0.0031707317073170734,0.03635912698412699,0.0465625,0.002432835820895522,0.0032631578947368424,0.010833333333333328,0.03905,0.004907317073170731,0.20147959183673492,0.22299999999999998,0.004486567164179104,0.005777777777777783,0.17583333333333345
1705784293,1.3323978919528818,3.798925049841034,0.17114146760120275,0.22271610660486701,4.813658845650779,1.536344695054158,0.47125246548323446,0.06610692179532651,0.4212773806778835,0.7336702274843377,0.0001507579199537475,0.2995779522241913,0.3887519473092431,39.78317369979652,1.2920332488850788,210804736,80969728,6021120,423878656,99323904,335237120,40538112,4485120,280739840,92626944,4718592,2879488,301314048,674054144,47144960,2251155.7734791744,0,894449.1406029867,37777.265390823144,0,25930.615345657134,0,1543686.2712254766,14,9,8,4,10,16,6,6,3,11,1,3,6,34,16,8.333,3.933,22.467,2.467,2.2,2.2,19.667,0.01694186046511628,0.0031707317073170734,0.03635912698412699,0.0465625,0.002432835820895522,0.0032631578947368424,0.010833333333333328,0.03905,0.004907317073170731,0.20147959183673492,0.22299999999999998,0.004486567164179104,0.005777777777777783,0.17583333333333345
1705784294,1.567281083696144,3.798925049841034,0.17114146760120275,0.22271610660486701,4.813658845650779,1.536344695054158,0.47125246548323446,0.0647207563788321,0.4212773806778835,0.8807389537836431,0.0001507579199537475,0.2995779522241913,0.3887519473092431,39.78317369979652,1.2871311032752135,210804736,80969728,6021120,423878656,99323904,335237120,40538112,4485120,280739840,92626944,4718592,2879488,301314048,674054144,47144960,2251155.7734791744,0,894449.1406029867,37777.265390823144,0,25930.615345657134,0,1613469.2969916451,14,9,8,4,10,16,6,6,3,11,1,3,6,34,16,8.333,3.933,22.467,2.467,2.2,2.2,19.667,0.01694186046511628,0.0031707317073170734,0.03635912698412699,0.0465625,0.002432835820895522,0.0032631578947368424,0.010833333333333328,0.03905,0.004907317073170731,0.20147959183673492,0.22299999999999998,0.004486567164179104,0.005777777777777783,0.17583333333333345
1705784295,1.567281083696144,3.798925049841034,0.17114146760120275,0.22596675000456196,4.813658845650779,0.8604916486966476,0.47125246548323446,0.06333459096233768,0.4212773806778835,0.8807389537836431,0.0001507579199537475,0.2995779522241913,0.3887519473092431,39.78317369979652,1.2871311032752135,210804736,80969728,6021120,423882752,99323904,335237120,40538112,4485120,280739840,92626944,4718592,2879488,301314048,674054144,47144960,2251155.7734791744,0,894449.1406029867,37777.265390823144,0,25930.615345657134,0,1613469.2969916451,14,9,8,4,10,16,6,6,3,11,1,3,6,34,16,8.333,3.933,22.467,2.467,2.2,2.2,19.667,0.01694186046511628,0.0031707317073170734,0.03635912698412699,0.0465625,0.002432835820895522,0.0032631578947368424,0.010833333333333328,0.03905,0.004907317073170731,0.20147959183673492,0.22299999999999998,0.004486567164179104,0.005777777777777783,0.17583333333333345
1705784296,1.567281083696144,3.798925049841034,0.17114146760120275,0.22596675000456196,4.813658845650779,1.0301896365827394,0.47125246548323446,0.08486264414430354,0.4212773806778835,0.8807389537836431,0.00015075791995374752,0.2995779522241913,0.37927993709277874,39.78317369979652,1.2871311032752135,210804736,80969728,6021120,423882752,99323904,335237120,40538112,4489216,280739840,92626944,4718592,2879488,301314048,674054144,47144960,2251155.7734791744,0,894449.1406029867,37777.265390823144,0,25930.615345657134,0,1613469.2969916451,14,9,8,4,10,16,6,6,3,11,1,3,6,34,16,8.333,3.6,22.467,2.467,2.2,2.2,19.667,0.01694186046511628,0.003168674698795181,0.03635912698412699,0.0465625,0.002432835820895522,0.0032631578947368424,0.010833333333333328,0.03905,0.004903614457831325,0.20147959183673492,0.22299999999999998,0.004486567164179104,0.005777777777777783,0.17583333333333345
1705784297,1.567281083696144,3.798925049841034,0.17114146760120275,0.22596675000456196,4.813658845650779,1.0301896365827394,0.4747571364519498,0.08486264414430354,0.4212773806778835,0.8807389537836431,0.00015075791995374752,0.2995779522241913,0.37927993709277874,39.780247208251716,1.2871311032752135,210804736,80969728,6021120,423882752,99323904,335237120,40607744,4489216,280739840,92626944,4718592,2879488,301314048,467435520,47144960,2251155.7734791744,0,857031.8338066059,37777.265390823144,0,25930.615345657134,0,1613469.2969916451,14,9,8,4,10,16,6,6,3,11,1,3,6,34,16,8.333,3.6,22.467,2.467,2.2,2.2,19.467,0.01694186046511628,0.003168674698795181,0.03635912698412699,0.0465625,0.002432835820895522,0.0032631578947368424,0.011744186046511647,0.03905,0.004903614457831325,0.20147959183673492,0.22299999999999998,0.004486567164179104,0.005777777777777783,0.16000000000000097
1705784298,1.567281083696144,3.738774744347507,0.17114146760120275,0.22596675000456196,4.813658845650779,1.0301896365827394,0.4747571364519498,0.08486264414430354,0.4212773806778835,0.8807389537836431,0.00015075791995374752,0.2995779522241913,0.37927993709277874,39.863002901563405,1.2745454162808427,210804736,81022976,6021120,423882752,99323904,335237120,40607744,4489216,280739840,92626944,4718592,2879488,301314048,467435520,47161344,1998236.23229196,0,857031.8338066059,37777.265390823144,0,25930.615345657134,0,1491303.981816651,14,9,8,4,10,16,6,6,3,11,1,3,6,34,16,8.333,3.6,22.467,2.467,2.2,2.2,19.467,0.01694186046511628,0.0031686746987951812,0.03635912698412699,0.0465625,0.0024411764705882357,0.0032631578947368424,0.011744186046511647,0.03905,0.0049036144578313255,0.20147959183673492,0.22299999999999998,0.004488235294117647,0.005777777777777783,0.16000000000000097
1705784299,1.567281083696144,3.738774744347507,0.17114146760120275,0.22596675000456196,4.813658845650779,1.0301896365827394,0.4747571364519498,0.08411421247507885,0.4212773806778835,0.8807389537836431,0,0.2995779522241913,0.37927993709277874,39.863002901563405,1.2745454162808427,210804736,81022976,6021120,423882752,99323904,335237120,40607744,4489216,280739840,92626944,4718592,2879488,301314048,467435520,47161344,1998236.23229196,0,857031.8338066059,37777.265390823144,0,25930.615345657134,0,1491303.981816651,14,9,8,4,10,16,6,6,3,11,1,3,6,34,16,8.333,3.6,22.467,2.467,2.2,2.2,19.467,0.01694186046511628,0.0031686746987951812,0.03635912698412699,0.0465625,0.0024411764705882357,0.003227848101265823,0.011744186046511647,0.03905,0.0049036144578313255,0.20147959183673492,0.22299999999999998,0.004488235294117647,0.005125000000000007,0.16000000000000097
1705784300,1.567281083696144,3.738774744347507,0.17114146760120275,0.22596675000456196,4.232819057384251,1.0301896365827394,0.4747571364519498,0.08411421247507885,0.4212773806778835,0.7379858483578776,0,0.2995779522241913,0.37927993709277874,39.863002901563405,1.2745454162808427,210804736,81022976,6021120,423882752,99323904,335237120,40607744,4489216,280739840,92626944,4718592,2879488,301314048,467435520,47161344,1998236.23229196,0,857031.8338066059,37777.265390823144,0,25930.615345657134,0,1491303.981816651,14,9,8,4,10,16,6,6,3,11,1,3,6,34,16,8.333,3.6,22.467,2.467,2.2,2.2,19.467,0.016909722222222222,0.0031686746987951812,0.03635912698412699,0.048897058823529405,0.0024571428571428574,0.0032222222222222222,0.01357142857142858,0.03894999999999999,0.0049036144578313255,0.20147959183673492,0.22281250000000005,0.0044914285714285716,0.005,0.17928571428571496
1705784301,1.567281083696144,3.738774744347507,0.17114146760120275,0.23292218392889316,4.318771602918594,1.0301896365827394,0.4747571364519498,0.08411421247507885,0.4212773806778835,0.7233068657948167,0,0.2995779522241913,0.37927993709277874,39.863002901563405,1.2745454162808427,210804736,81022976,6021120,423882752,99323904,335237120,40607744,4489216,280739840,92626944,4718592,2879488,301314048,467435520,47161344,1998236.23229196,0,857031.8338066059,37777.265390823144,0,25930.615345657134,0,1491303.981816651,14,9,8,4,10,16,6,6,3,11,1,3,6,34,16,8.333,3.6,22.467,2.467,2.2,2.2,19.467,0.016909722222222222,0.0031686746987951812,0.03635912698412699,0.048897058823529405,0.0024571428571428574,0.0032222222222222222,0.01357142857142858,0.03894999999999999,0.0049036144578313255,0.20147959183673492,0.22281250000000005,0.0044914285714285716,0.005,0.17928571428571496
1705784302,1.567281083696144,3.738774744347507,0.18597524401548676,0.23292218392889316,5.157152732060575,0.8616591969514414,0.4747571364519498,0.08411421247507885,0.4212773806778835,0.7086278832317562,0,0.3106841470765524,0.37927993709277874,39.863002901563405,1.2745454162808427,210804736,81022976,6012928,423882752,99323904,335237120,40607744,4489216,280739840,92626944,4718592,2879488,301314048,467435520,47161344,1998236.23229196,0,857031.8338066059,37777.265390823144,0,37034.35804701628,0,1491303.981816651,14,9,8,4,10,16,6,6,3,11,1,3,6,34,16,8.333,3.6,22.467,2.467,2.2,2.2,19.467,0.016909722222222222,0.0031686746987951812,0.03635912698412699,0.048897058823529405,0.0024571428571428574,0.0032222222222222222,0.01357142857142858,0.03894999999999999,0.0049036144578313255,0.20147959183673492,0.22281250000000005,0.0044914285714285716,0.005,0.17928571428571496
1705784303,1.567281083696144,3.738774744347507,0.18597524401548676,0.23292218392889316,5.157152732060575,0.8444893696750623,0.32137431031965985,0.08411421247507885,0.4212773806778835,0.6939489006686955,0,0.3106841470765524,0.3792799370927788,39.863002901563405,1.2745454162808427,210804736,81022976,6012928,423882752,99323904,335237120,40607744,4489216,280739840,92626944,4718592,2879488,301314048,467435520,47161344,1998236.23229196,0,421116.69926531415,37777.265390823144,0,37034.35804701628,0,1491303.981816651,14,9,8,4,10,16,6,6,3,11,1,3,6,34,16,8.867,4.467,24.533,2.133,2.2,2.2,19.067,0.017171052631578948,0.003204819277108434,0.03681906614785992,0.05108695652173913,0.0024571428571428574,0.0032222222222222222,0.014333333333333337,0.039661016949152555,0.004968674698795182,0.20185000000000006,0.21558823529411766,0.0044914285714285716,0.005,0.19214285714285817
1705784304,1.567281083696144,3.738774744347507,0.18597524401548676,0.23292218392889316,5.157152732060575,0.8273195423986834,0.3291687928769507,0.08411421247507885,0.4212773806778835,0.6792699181056348,0,0.3106841470765524,0.3792799370927788,39.863002901563405,1.2745454162808427,210804736,81022976,6012928,423882752,99323904,335237120,40607744,4489216,280739840,92626944,4718592,2879488,301314048,467435520,47161344,1998236.23229196,0,431330.29338782665,37777.265390823144,0,37034.35804701628,0,1491303.981816651,14,9,8,4,10,16,6,6,3,11,1,3,6,34,16,8.867,4.467,26,2.133,2.2,2.2,19.067,0.017171052631578948,0.003204819277108434,0.03740234375,0.05108695652173913,0.0024571428571428574,0.0032222222222222222,0.014333333333333337,0.039661016949152555,0.004968674698795182,0.19950495049504957,0.21558823529411766,0.0044914285714285716,0.005,0.19214285714285817
1705784305,1.567281083696144,3.2287851084773056,0.18597524401548676,0.23292218392889316,5.157152732060575,1.0741595574772869,0.33696327543424154,0.08411421247507885,0.4212773806778835,0.664590935542574,0,0.3106841470765524,0.37699723502304094,39.863002901563405,1.2745454162808427,210804736,81022976,6012928,423882752,99323904,335212544,40607744,4489216,280739840,92626944,4718592,2879488,301314048,467435520,47161344,1966786.154485543,0,441543.88751033915,37777.265390823144,0,37034.35804701628,0,1491303.981816651,14,9,8,4,10,16,6,6,3,11,1,3,6,34,16,8.867,4.467,26,2.133,2.2,2.2,19.067,0.017171052631578948,0.003204819277108434,0.03740234375,0.05108695652173913,0.0024571428571428574,0.0032222222222222222,0.014333333333333337,0.039661016949152555,0.004968674698795182,0.19950495049504957,0.21558823529411766,0.0044914285714285716,0.005,0.19214285714285817
1705784306,1.335114512497955,3.892486492905059,0.18597524401548676,0.23292218392889316,4.325475901470273,1.0741595574772869,0.3447577579915324,0.08411421247507885,0.4212773806778835,0.6499119529795133,0,0.3106841470765524,0.37699723502304094,39.863002901563405,1.2745454162808427,210804736,81022976,6012928,423882752,99323904,335212544,40607744,4489216,280739840,92626944,4718592,2879488,301314048,467435520,47161344,2371074.0366918007,0,451757.4816328516,37777.265390823144,0,37034.35804701628,0,1491303.981816651,14,9,8,4,10,16,6,6,3,11,1,3,6,34,16,8.867,4.467,26,2.133,2.2,2.2,19.067,0.017171052631578948,0.003204819277108434,0.03740234375,0.05108695652173913,0.0024571428571428574,0.0032222222222222222,0.014333333333333337,0.039661016949152555,0.004968674698795182,0.19950495049504957,0.21558823529411766,0.0044914285714285716,0.005,0.19214285714285817
1705784307,1.6012289556469859,3.892486492905059,0.19760180892126988,0.23292218392889316,4.239523355935929,1.0741595574772869,0.3525522405488233,0.08411421247507885,0.4031171033957499,0.6352329704164525,0,0.3106841470765524,0.37699723502304094,39.863002901563405,1.2745454162808427,210833408,81022976,6012928,423882752,99323904,335212544,40607744,4489216,280739840,92626944,4718592,2879488,301314048,467435520,47161344,2371074.0366918007,0,461971.0757553642,28356.814012253803,0,37034.35804701628,0,1491303.981816651,15,9,8,4,10,16,6,6,3,11,1,3,6,34,16,8.867,4.467,26,2.133,2.2,2.2,19.067,0.017171052631578948,0.003204819277108434,0.03740234375,0.05108695652173913,0.0024571428571428574,0.0032222222222222222,0.014333333333333337,0.039661016949152555,0.004968674698795182,0.19950495049504957,0.21558823529411766,0.0044914285714285716,0.005,0.19214285714285817
1705784308,1.6012289556469859,3.892486492905059,0.19760180892126988,0.23292218392889316,4.153570810401586,1.0741595574772869,0.3603467231061142,0.08411421247507885,0.4031171033957499,0.6205539878533919,0,0.30294203095040056,0.37699723502304094,39.863002901563405,1.2745454162808427,210833408,81022976,6012928,423882752,99323904,335212544,40607744,4489216,280739840,92626944,4718592,3014656,301314048,467435520,47161344,2371074.0366918007,0,472184.6698778767,28356.814012253803,0,23799.655245879414,0,1491303.981816651,15,9,8,4,10,16,6,6,3,11,1,3,6,34,16,8.867,4.467,26,2.133,2.2,2.2,19.067,0.017171052631578948,0.003204819277108434,0.03740234375,0.05108695652173913,0.0024571428571428574,0.0032222222222222222,0.014333333333333337,0.039661016949152555,0.004968674698795182,0.19950495049504957,0.21558823529411766,0.0044914285714285716,0.005,0.19214285714285817
1705784309,1.2259630639542933,3.892486492905059,0.19760180892126988,0.2340435113974893,4.908826746753114,1.0741595574772869,0.37014904191151243,0.08411421247507885,0.4031171033957499,0.6058750052903312,0,0.30294203095040056,0.37699723502304094,39.863002901563405,1.2745454162808427,210833408,81022976,6012928,423878656,102785024,335212544,40636416,4489216,280739840,92626944,4718592,3014656,301314048,467435520,47161344,2371074.0366918007,0,711916.0865215673,28356.814012253803,0,23799.655245879414,0,1491303.981816651,15,9,8,4,10,16,6,6,3,11,1,3,6,34,16,8.867,4.467,26,2.133,2.2,2.2,19.067,0.017171052631578948,0.003204819277108434,0.03740234375,0.05108695652173913,0.0024571428571428574,0.0032222222222222222,0.014333333333333337,0.039661016949152555,0.004968674698795182,0.19950495049504957,0.21558823529411766,0.0044914285714285716,0.005,0.19214285714285817
1705784310,1.2519487861563132,3.892486492905059,0.19760180892126988,0.2340435113974893,4.908826746753114,1.0741595574772869,0.3780264809000206,0.08411421247507885,0.23650122677533256,0.5911960227272705,0,0.30294203095040056,0.37699723502304094,39.863002901563405,1.2745454162808427,210833408,81022976,6012928,423878656,102785024,335212544,40636416,4489216,280739840,92626944,4718592,3014656,301314048,467435520,47161344,2371074.0366918007,0,727066.9444234278,36984.56699488535,0,23799.655245879414,0,1491303.981816651,15,9,8,4,10,16,6,6,3,11,1,3,6,34,16,8.867,4.467,26,2.133,2.2,2.2,19.067,0.017171052631578948,0.003204819277108434,0.03740234375,0.05108695652173913,0.0024571428571428574,0.0032222222222222222,0.014333333333333337,0.039661016949152555,0.004968674698795182,0.19950495049504957,0.21558823529411766,0.0044914285714285716,0.005,0.19214285714285817
1705784311,1.277934508358333,3.892486492905059,0.19760180892126988,0.18122656757053665,4.908826746753114,1.0741595574772869,0.3859039198885286,0.09198896456591141,0.24257669387807765,0.3310166666666703,0,0.30294203095040056,0.33075140020713534,39.82491435040378,1.2723357813601397,210833408,81022976,6012928,423878656,102785024,335212544,40636416,4489216,280739840,92626944,4718592,3014656,301314048,467435520,47263744,2371074.0366918007,0,742217.8023252881,37934.66151722858,0,23799.655245879414,0,1722925.808872013,15,9,8,4,10,16,6,6,3,11,1,3,6,34,16,8.867,4.467,26,2.133,2.2,2.2,19.067,0.017171052631578948,0.003202380952380952,0.03740234375,0.05108695652173913,0.0024571428571428574,0.0032222222222222222,0.014333333333333337,0.039661016949152555,0.004964285714285714,0.19950495049504957,0.21558823529411766,0.0044914285714285716,0.005,0.19214285714285817
1705784312,1.3039202305603528,3.892486492905059,0.19760180892126988,0.18496516348324413,4.908826746753114,1.0741595574772869,0.3937813588770367,0.09198896456591141,0.24865216098082266,0.3310166666666703,0,0.30294203095040056,0.4028824705234835,39.82491435040378,1.2723357813601397,210833408,81022976,6012928,423878656,102785024,335212544,40636416,4489216,280739840,92626944,4718592,3014656,301314048,467435520,47263744,2371074.0366918007,0,757368.6602271484,38884.7560395718,0,23799.655245879414,0,1722925.808872013,15,9,8,4,10,16,6,6,3,11,1,3,6,34,16,8.867,4.467,26,2.133,2.2,2.2,19.467,0.017171052631578948,0.003202380952380952,0.03740234375,0.05108695652173913,0.0024571428571428574,0.0032222222222222222,0.012500000000000016,0.039661016949152555,0.004964285714285714,0.19950495049504957,0.21558823529411766,0.0044914285714285716,0.005,0.19461538461538566
1705784313,1.329905952762373,3.892486492905059,0.19760180892126988,0.18870375939595152,4.908826746753114,1.163198948541369,0.40165879786554476,0.09783288131215355,0.25472762808356775,0.8998197202057671,0,0.30294203095040056,0.4028824705234835,39.82491435040378,1.2723357813601397,210833408,81022976,6012928,423878656,102785024,335212544,40636416,4489216,280739840,92626944,4718592,3014656,301314048,467435520,47263744,2371074.0366918007,0,772519.5181290089,39834.850561915024,0,23799.655245879414,0,1722925.808872013,15,9,8,4,10,16,6,6,3,11,1,3,6,34,16,8.867,4.467,26,2.133,2.333,2.2,19.467,0.017171052631578948,0.0032023809523809526,0.03740234375,0.05108695652173913,0.002333333333333333,0.0032222222222222222,0.012500000000000016,0.039661016949152555,0.0049642857142857145,0.19950495049504957,0.21558823529411766,0.0044666666666666665,0.005,0.19461538461538566
1705784314,1.3558916749643926,3.892486492905059,0.19760180892126988,0.19244235530865897,4.908826746753114,1.163198948541369,0.4095362368540529,0.09783288131215355,0.26080309518631284,0.8998197202057671,0,0.30294203095040056,0.4028824705234835,39.84052709505478,1.2723357813601397,210833408,81022976,6012928,423878656,102785024,335212544,40636416,4489216,280739840,92626944,4718592,3014656,301314048,765915136,47263744,2371074.0366918007,0,787670.3760308693,40784.94508425826,0,23799.655245879414,0,1722925.808872013,15,9,8,4,10,16,6,6,3,11,1,3,6,34,16,8.867,4.467,26,2.133,2.333,2.333,19.467,0.017171052631578948,0.0032023809523809526,0.03740234375,0.05108695652173913,0.002333333333333333,0.0032307692307692306,0.012500000000000016,0.039661016949152555,0.0049642857142857145,0.19950495049504957,0.21558823529411766,0.0044666666666666665,0.00516666666666667,0.19461538461538566
1705784315,1.5591433321211912,3.892486492905059,0.19760180892126988,0.22431575476244628,4.908826746753114,1.163198948541369,0.47264633931048544,0.09783288131215355,0.2668785622890578,0.8998197202057671,0,0.30294203095040056,0.4028824705234835,39.84052709505478,1.2723357813601397,210833408,81022976,6012928,423878656,102785024,335212544,40636416,4489216,280739840,92626944,4718592,3014656,301314048,765915136,47263744,2371074.0366918007,0,909051.4741116238,41735.03960660148,0,23799.655245879414,0,1722925.808872013,15,9,8,4,10,16,6,6,3,11,1,3,6,34,16,8.8,4.467,26,2.067,2.267,2.267,19.267,0.017133333333333334,0.0032023809523809526,0.03740234375,0.04958333333333333,0.002313432835820896,0.0031794871794871794,0.012699999999999993,0.03974576271186439,0.0049642857142857145,0.19950495049504957,0.2173529411764706,0.004462686567164179,0.004923076923076923,0.17846153846153898
1705784316,1.5591433321211912,3.228136360728488,0.19760180892126988,0.22431575476244628,4.908826746753114,1.163198948541369,0.47264633931048544,0.09783288131215355,0.2729540293918029,0.8998197202057671,0,0.28695161836021477,0.4028824705234835,39.84052709505478,1.2723357813601397,210833408,81022976,6012928,423878656,102785024,335212544,40636416,4489216,280739840,92626944,4718592,3014656,301314048,765915136,47263744,1966390.9754794277,0,909051.4741116238,42685.13412894471,0,0,0,1722925.808872013,15,9,8,4,10,16,6,6,3,11,1,3,6,34,16,8.8,4.467,26,2.067,2.267,2.267,19.267,0.017133333333333334,0.0032023809523809526,0.03740234375,0.04958333333333333,0.002313432835820896,0.0031794871794871794,0.012699999999999993,0.03974576271186439,0.0049642857142857145,0.19950495049504957,0.2173529411764706,0.004462686567164179,0.004923076923076923,0.17846153846153898
1705784317,1.5591433321211912,3.1632615858467377,0.19760180892126988,0.22431575476244628,4.908826746753114,1.163198948541369,0.47264633931048544,0.09783288131215355,0.27902949649454795,0.8998197202057671,0,0.28695161836021477,0.4028824705234835,39.84052709505478,1.2723357813601397,210833408,81022976,6012928,423878656,102785024,335212544,40636416,4489216,280739840,92626944,4718592,3014656,301314048,765915136,47263744,1926873.074867898,0,909051.4741116238,43635.22865128793,0,0,0,1722925.808872013,15,9,8,4,10,16,6,6,3,11,1,3,6,34,16,8.8,4.467,26,2.067,2.267,2.267,19.267,0.017133333333333334,0.0032023809523809526,0.03740234375,0.04958333333333333,0.002313432835820896,0.0031794871794871794,0.012699999999999993,0.03974576271186439,0.0049642857142857145,0.19950495049504957,0.2173529411764706,0.004462686567164179,0.004923076923076923,0.17846153846153898
1705784318,1.5591433321211912,3.098386810964987,0.15991941555153472,0.22431575476244628,4.908826746753114,1.163198948541369,0.47264633931048544,0.09783288131215355,0.28510496359729304,0.8998197202057671,0,0.28695161836021477,0.400251368681188,39.84052709505478,1.2723357813601397,210833408,81022976,6025216,423878656,102785024,335212544,40636416,4489216,280739840,92626944,4718592,3014656,301309952,765915136,47263744,1887355.1742563678,0,909051.4741116238,44585.323173631165,0,0,0,1722925.808872013,15,9,8,4,10,16,6,6,3,11,1,3,6,34,16,8.4,3.933,24.267,2.067,2.267,2.267,18.733,0.016674311926605505,0.0031676646706586833,0.03698501872659176,0.04821428571428571,0.002313432835820896,0.0031794871794871794,0.010150000000000001,0.03754385964912281,0.00490179640718563,0.19801980198019803,0.22088235294117653,0.004462686567164179,0.004923076923076923,0.11227272727272905
1705784319,1.5591433321211912,3.033512036083236,0.18839722628075675,0.22507896272154687,4.577076982195483,1.1453496828410876,0.47264633931048544,0.09783288131215355,0.29118043070003813,0.8998197202057671,0,0.28695161836021477,0.400251368681188,39.84052709505478,1.2723357813601397,210833408,81022976,6025216,423878656,102785024,335224832,40636416,4489216,280739840,92626944,4718592,3014656,301309952,765915136,47263744,1847837.2736448378,0,909051.4741116238,45535.417695974385,0,0,0,1722925.808872013,15,9,8,4,10,16,6,6,3,11,1,3,6,34,16,8.4,3.933,23.667,2.067,2.267,2.267,18.733,0.016674311926605505,0.0031676646706586833,0.03673835125448028,0.04821428571428571,0.002313432835820896,0.0031794871794871794,0.010150000000000001,0.03754385964912281,0.00490179640718563,0.1977227722772277,0.22088235294117653,0.004462686567164179,0.004923076923076923,0.11227272727272905
1705784320,1.5591433321211912,2.9686372612014846,0.18839722628075675,0.22507896272154687,4.577076982195483,1.1453496828410876,0.47264633931048544,0.09783288131215355,0.2972558978027831,0.8998197202057671,0,0.28695161836021477,0.400251368681188,39.84052709505478,1.2723357813601397,210833408,81022976,6025216,423878656,102785024,335224832,40636416,4489216,280739840,92626944,4718592,3014656,301309952,765915136,47263744,1808319.3730333077,0,909051.4741116238,46485.512218317606,0,0,0,1722925.808872013,15,9,8,4,10,16,6,6,3,11,1,3,6,34,16,8.4,3.933,23.667,2.067,2.267,2.267,18.733,0.016674311926605505,0.0031676646706586833,0.03673835125448028,0.04821428571428571,0.002313432835820896,0.0031794871794871794,0.010150000000000001,0.03754385964912281,0.00490179640718563,0.1977227722772277,0.22088235294117653,0.004462686567164179,0.004923076923076923,0.11227272727272905
1705784321,1.35521604618714,2.9037624863197338,0.18839722628075675,0.22507896272154687,4.577076982195483,1.1453496828410876,0.47264633931048544,0.09783288131215355,0.30333136490552826,0.8998197202057671,0,0.28695161836021477,0.400251368681188,39.84052709505478,1.2723357813601397,210833408,81022976,6025216,423878656,102785024,335224832,40636416,4489216,280739840,92626944,4718592,3014656,301309952,765915136,47263744,1768801.4724217777,0,909051.4741116238,47435.60674066084,0,0,0,1722925.808872013,15,9,8,4,10,16,6,6,3,11,1,3,6,34,16,8.4,3.933,23.667,2.067,2.267,2.267,18.733,0.016674311926605505,0.0031676646706586833,0.03673835125448028,0.04821428571428571,0.002313432835820896,0.0031794871794871794,0.010150000000000001,0.03754385964912281,0.00490179640718563,0.1977227722772277,0.22088235294117653,0.004462686567164179,0.004923076923076923,0.11227272727272905
1705784322,1.3292303239851204,2.838887711437983,0.18839722628075675,0.22507896272154687,4.577076982195483,1.1453496828410876,0.46670747095048776,0.09783288131215355,0.3094068320082733,0.8998197202057671,0,0.2842558625022816,0.400251368681188,39.84052709505478,1.2723357813601397,210833408,81022976,6025216,423878656,102785024,335224832,40648704,4489216,280739840,92626944,4718592,2879488,301309952,765915136,47263744,1729283.5718102476,0,840814.3279534455,48385.70126300407,0,0,0,1722925.808872013,15,9,8,4,10,16,6,6,3,11,1,3,6,34,16,8.4,3.933,23.667,2.067,2.267,2.267,18.733,0.016674311926605505,0.0031676646706586833,0.03673835125448028,0.04821428571428571,0.002313432835820896,0.0031794871794871794,0.010150000000000001,0.03754385964912281,0.00490179640718563,0.1977227722772277,0.22088235294117653,0.004462686567164179,0.004923076923076923,0.11227272727272905
1705784323,1.3032446017831003,2.7740129365562316,0.18839722628075675,0.22507896272154687,4.577076982195483,1.1453496828410876,0.46670747095048776,0.09783288131215355,0.3991860621552584,0.8998197202057671,0,0.2842558625022816,0.400251368681188,39.84052709505478,1.2723357813601397,210833408,81022976,6025216,423878656,102785024,335224832,40648704,4489216,280743936,92626944,4718592,2879488,301309952,765915136,47263744,1689765.6711987176,0,840814.3279534455,64289.87846988653,0,0,0,1722925.808872013,15,9,8,4,10,16,6,6,3,11,1,3,6,34,16,8.4,3.933,23.667,2.067,2.267,2.267,18.733,0.016674311926605505,0.0031676646706586833,0.03673835125448028,0.04821428571428571,0.002313432835820896,0.0031794871794871794,0.010150000000000001,0.03754385964912281,0.00490179640718563,0.1977227722772277,0.22088235294117653,0.004462686567164179,0.004923076923076923,0.11227272727272905
1705784324,1.2772588795810806,3.4503415783274733,0.18839722628075675,0.22507896272154687,4.577076982195483,1.1453496828410876,0.46670747095048776,0.09783288131215355,0.3991860621552584,0.8998197202057671,0,0.28425586250228163,0.400251368681188,39.82414895906997,1.2818416629809843,210833408,81084416,6025216,423878656,102785024,335224832,40648704,4489216,280743936,92626944,4718592,2879488,301309952,765915136,47431680,1408753.82803298,0,840814.3279534455,64289.87846988653,0,0,0,1608689.9601946042,15,9,8,4,10,16,6,6,3,11,1,3,6,34,16,8.4,3.933,23.667,2.067,2.267,2.267,18.733,0.016674311926605505,0.0031676646706586833,0.03673835125448028,0.04821428571428571,0.002313432835820896,0.0031794871794871794,0.010150000000000001,0.03754385964912281,0.00490179640718563,0.1977227722772277,0.22088235294117653,0.004462686567164179,0.004923076923076923,0.11227272727272905
1705784325,1.2512731573790605,3.4503415783274733,0.18839722628075675,0.22507896272154687,4.699779486805681,1.1453496828410876,0.46670747095048776,0.09783288131215355,0.3991860621552584,0.8998197202057671,0,0.28425586250228163,0.400251368681188,39.82414895906997,1.2818416629809843,210833408,81084416,6025216,423878656,109789184,335224832,40648704,4489216,280743936,92626944,4718592,2879488,301309952,765915136,47431680,1408753.82803298,0,840814.3279534455,64289.87846988653,0,0,0,1608689.9601946042,15,9,8,4,10,16,6,6,3,11,1,3,6,34,16,8.4,3.933,23.667,2.067,2.267,2.267,18.733,0.016674311926605505,0.0031676646706586833,0.03673835125448028,0.04821428571428571,0.002313432835820896,0.0031794871794871794,0.010150000000000001,0.03754385964912281,0.00490179640718563,0.1977227722772277,0.22088235294117653,0.004462686567164179,0.004923076923076923,0.11227272727272905
1705784326,1.2252874351770406,3.4503415783274733,0.18839722628075675,0.22507896272154687,4.699779486805681,1.1453496828410876,0.46670747095048776,0.09783288131215355,0.3991860621552584,0.8998998944341391,0,0.28425586250228163,0.400251368681188,39.82414895906997,1.2818416629809843,210833408,81084416,6025216,423878656,109789184,335224832,40648704,4489216,280743936,92639232,4718592,2879488,301309952,765915136,47431680,1408753.82803298,0,840814.3279534455,64289.87846988653,0,0,0,1608689.9601946042,15,9,8,4,10,16,6,6,3,11,1,3,6,34,16,8.4,4.067,23.667,2.067,2.267,2.267,18.733,0.016674311926605505,0.003157575757575758,0.03673835125448028,0.04821428571428571,0.002313432835820896,0.0031794871794871794,0.010150000000000001,0.03754385964912281,0.004883636363636363,0.1977227722772277,0.22088235294117653,0.004462686567164179,0.004923076923076923,0.11227272727272905
1705784327,1.199301712975021,3.4503415783274733,0.18839722628075675,0.22507896272154687,4.699779486805681,1.1453496828410876,0.46670747095048776,0.09783288131215352,0.3991860621552584,0.8998998944341391,0,0.28425586250228163,0.400251368681188,39.82414895906997,1.279282206816862,210833408,81084416,6025216,423878656,109789184,335224832,40648704,4489216,280743936,92639232,4718592,2879488,301309952,765915136,47431680,1408753.82803298,0,840814.3279534455,64289.87846988653,0,0,0,1784556.1332563066,15,9,8,4,10,16,6,6,3,11,1,3,6,34,16,8.4,4.067,23.667,2.067,2.267,2.267,16.933,0.016674311926605505,0.003157575757575758,0.03673835125448028,0.04821428571428571,0.002313432835820896,0.0031794871794871794,0.009692832764505119,0.03754385964912281,0.004883636363636363,0.1977227722772277,0.22088235294117653,0.004462686567164179,0.004923076923076923,0.0989814814814815
1705784328,1.1733159907730009,3.4503415783274733,0.18839722628075675,0.22507896272154687,4.699779486805681,1.1453496828410876,0.46670747095048776,0.09783288131215352,0.3991860621552584,0.8998998944341391,0.0001357627724187204,0.28425586250228163,0.400251368681188,39.82806972240156,1.279282206816862,210833408,81084416,6025216,423878656,109789184,335224832,40648704,4489216,280743936,92639232,4718592,2879488,301309952,140214272,47431680,1408753.82803298,0,840814.3279534455,64289.87846988653,0,0,0,1784556.1332563066,15,9,8,4,10,16,6,6,3,11,1,3,6,34,16,8.4,4.067,23.667,2.067,1.8,2.267,16.933,0.016674311926605505,0.003157575757575758,0.03673835125448028,0.04821428571428571,0.00225,0.0031794871794871794,0.009692832764505119,0.03754385964912281,0.0048836363636363634,0.1977227722772277,0.22088235294117653,0.00445,0.004923076923076923,0.0989814814814815
1705784329,1.1437246675187909,3.4503415783274733,0.18839722628075675,0.22507896272154687,4.699779486805681,1.1453496828410876,0.39389377589736563,0.0920168215711913,0.3991860621552584,0.8998998944341391,0.0001357627724187204,0.28425586250228163,0.400251368681188,39.82806972240156,1.279282206816862,210833408,81084416,6025216,423878656,109789184,335224832,40648704,4481024,280743936,92639232,4718592,2879488,301309952,140214272,47431680,1408753.82803298,0,810944.9229789363,64289.87846988653,0,0,0,1784556.1332563066,15,9,8,4,10,16,6,6,3,11,1,3,6,34,16,8.4,4.067,23.667,2.067,1.8,1.867,16.933,0.016674311926605505,0.003157575757575758,0.03673835125448028,0.04821428571428571,0.00225,0.003144578313253012,0.009692832764505119,0.03754385964912281,0.0048836363636363634,0.1977227722772277,0.22088235294117653,0.00445,0.004860240963855422,0.0989814814814815
1705784330,1.1180981415439801,3.4503415783274733,0.18839722628075675,0.2063283096403143,4.739106223416168,1.126455072717172,0.40176821291115034,0.0920168215711913,0.3991860621552584,0.8998998944341391,0.0001357627724187204,0.28425586250228163,0.400251368681188,39.82806972240156,1.279282206816862,210833408,81084416,6025216,423878656,109789184,335224832,40648704,4481024,280743936,92639232,4718592,2879488,301309952,140214272,47431680,1408753.82803298,0,827156.7422774215,64289.87846988653,0,0,0,1784556.1332563066,15,9,8,4,10,16,6,6,3,11,1,3,6,34,16,8.2,4.067,23.667,1.867,1.6,1.667,16.333,0.01653225806451613,0.003157575757575758,0.03673835125448028,0.04615384615384615,0.002283582089552239,0.003090909090909091,0.009486970684039088,0.03741228070175438,0.0048836363636363634,0.1977227722772277,0.20071428571428565,0.004456716417910448,0.004763636363636364,0.09803317535545022
1705784331,1.5294475517613335,3.4503415783274733,0.18839722628075675,0.2349869231418186,4.739106223416168,1.126455072717172,0.4096426499249349,0.0920168215711913,0.3991860621552586,0.9195847976354032,0.0001357627724187204,0.28425586250228163,0.3807570977918364,39.82806972240156,1.279282206816862,210870272,81084416,6025216,423878656,109789184,335224832,40648704,4481024,280743936,92639232,4718592,2879488,301309952,140214272,47431680,1408753.82803298,0,843368.5615759065,64289.87846988655,0,0,0,1784556.1332563066,15,9,8,4,10,16,6,6,3,11,1,3,6,34,16,8.2,4.067,23.667,1.867,1.6,1.667,16.333,0.01653225806451613,0.003157575757575758,0.03673835125448028,0.04615384615384615,0.002283582089552239,0.003090909090909091,0.009486970684039088,0.03741228070175438,0.0048836363636363634,0.1977227722772277,0.20071428571428565,0.004456716417910448,0.004763636363636364,0.09803317535545022
1705784332,1.5294475517613335,3.4503415783274725,0.18839722628075675,0.2065123827301087,4.739106223416168,1.126455072717172,0.4724662208270777,0.0920168215711913,0.3991860621552586,0.9195847976354032,0.00018840328218349407,0.28401707815110755,0.3807570977918364,39.82806972240156,1.279282206816862,210870272,81084416,6025216,423878656,109789184,335224832,40648704,4481024,280743936,92639232,4718592,2879488,301309952,140214272,47431680,1408753.8280329797,0,972709.1579091031,64289.87846988655,0,0,0,1784556.1332563066,15,9,8,4,10,16,6,6,3,11,1,3,6,34,16,8.2,4.067,23.667,1.867,1.6,1.667,16.333,0.01653225806451613,0.003157575757575758,0.03673835125448028,0.04615384615384615,0.002283582089552239,0.003090909090909091,0.009486970684039088,0.03741228070175438,0.0048836363636363634,0.1977227722772277,0.20071428571428565,0.004456716417910448,0.004763636363636364,0.09803317535545022
1705784333,1.5294475517613335,3.4503415783274725,0.18839722628075675,0.2025959340110784,4.739106223416168,1.126455072717172,0.4724662208270777,0.0735271291466616,0.3991860621552586,0.9195847976354032,0.00018840328218349407,0.28401707815110755,0.3896799563080286,39.82806972240156,1.279282206816862,210870272,81084416,6025216,423878656,109789184,335224832,40648704,4481024,280743936,92639232,4718592,2879488,301309952,140214272,47431680,1408753.8280329797,0,972709.1579091031,64289.87846988655,0,0,0,1784556.1332563066,15,9,8,4,10,16,6,6,3,11,1,3,6,34,16,7,4,24.133,2.067,1.6,1.667,16.4,0.01670138888888889,0.00313953488372093,0.036541666666666674,0.0440625,0.002283582089552239,0.003090909090909091,0.0094,0.03627192982456141,0.004851162790697675,0.1866129032258066,0.17350000000000024,0.004456716417910448,0.004763636363636364,0.09860000000000002
1705784334,1.5294475517613335,3.4503415783274725,0.15876077260990804,0.1986794852920481,4.739106223416168,1.126455072717172,0.4724662208270777,0.07511318411277702,0.3991860621552586,0.9195847976354032,0.00018840328218349407,0.28401707815110755,0.3896799563080286,39.82806972240156,1.279282206816862,210870272,81084416,6025216,423878656,109789184,335224832,40648704,4481024,280743936,92639232,4718592,2879488,301309952,140214272,47431680,1408753.8280329797,0,972709.1579091031,64289.87846988655,0,0,0,1784556.1332563066,15,9,8,4,10,16,6,6,3,11,1,3,6,34,16,7,4,23.933,2.067,1.6,1.667,16.4,0.01670138888888889,0.00313953488372093,0.03654458598726115,0.0440625,0.002283582089552239,0.003090909090909091,0.0094,0.03627192982456141,0.004851162790697675,0.1735714285714288,0.17350000000000024,0.004456716417910448,0.004763636363636364,0.09860000000000002
1705784335,1.5294475517613335,3.4503415783274725,0.1886532730118568,0.19476303657301777,4.739106223416168,1.1335941398375042,0.4724662208270777,0.07669923907889244,0.3991860621552586,0.9195847976354032,0.00018840328218349407,0.27965740639068964,0.3896799563080286,39.82806972240156,1.279282206816862,210870272,81084416,6017024,423878656,109789184,335237120,40648704,4481024,280743936,92639232,4718592,2879488,301309952,140214272,47431680,1408753.8280329797,0,972709.1579091031,64289.87846988655,0,0,0,1784556.1332563066,15,9,8,4,10,20,6,6,3,11,1,3,6,34,16,7,4,23.933,2.067,1.6,1.667,16.4,0.01670138888888889,0.00313953488372093,0.03654458598726115,0.0440625,0.002283582089552239,0.003090909090909091,0.0094,0.03627192982456141,0.004851162790697675,0.1735714285714288,0.17350000000000024,0.004456716417910448,0.004763636363636364,0.09860000000000002
1705784336,1.5294475517613335,3.4503415783274725,0.1886532730118568,0.1908465878539875,4.739106223416168,1.1335941398375042,0.40809138583321936,0.07828529404500786,0.3991860621552586,0.9195847976354032,0.00018840328218349407,0.27965740639068964,0.3896799563080286,39.82806972240156,1.279282206816862,210870272,81084416,6017024,423878656,109789184,335237120,40648704,4481024,280743936,92639232,4718592,2879488,301309952,140214272,47431680,1408753.8280329797,0,840174.8331741049,64289.87846988655,0,0,0,1784556.1332563066,15,9,8,4,10,20,6,6,3,11,1,3,6,34,16,7,4,23.933,2.067,1.6,1.667,16.4,0.01670138888888889,0.00313953488372093,0.03654458598726115,0.0440625,0.002283582089552239,0.003090909090909091,0.0094,0.03627192982456141,0.004851162790697675,0.1735714285714288,0.17350000000000024,0.004456716417910448,0.004763636363636364,0.09860000000000002
1705784337,1.5294475517613335,3.4503415783274725,0.1886532730118568,0.18693013913495715,4.739106223416168,1.1335941398375042,0.40021694881943476,0.09516329796692509,0.3991860621552586,0.9195847976354032,0.00018840328218349407,0.27965740639068964,0.3896799563080286,39.82806972240156,1.279282206816862,210870272,81084416,6017024,423878656,109789184,335237120,40648704,4481024,280743936,92639232,4718592,2879488,301309952,140214272,47431680,1408753.8280329797,0,823963.0138756197,64289.87846988655,0,0,0,1784556.1332563066,15,9,8,4,10,20,6,6,3,11,1,3,6,34,16,7,4,23.933,2.067,1.6,1.667,16.4,0.01670138888888889,0.00313953488372093,0.03654458598726115,0.0440625,0.002283582089552239,0.003090909090909091,0.0094,0.03627192982456141,0.004851162790697675,0.1735714285714288,0.17350000000000024,0.004456716417910448,0.004763636363636364,0.09860000000000002
1705784338,1.5294475517613335,3.4955412889343633,0.1886532730118568,0.18301369041592686,4.739106223416168,1.1335941398375042,0.39234251180565016,0.09516329796692509,0.3991860621552586,0.9289541138669317,0.00018840328218349407,0.27965740639068964,0.3896799563080286,39.82806972240156,1.279282206816862,210870272,81149952,6017024,423878656,109789184,335237120,40648704,4481024,280743936,92622848,4718592,2879488,301309952,140214272,47431680,1979441.955624537,0,807751.1945771348,64289.87846988655,0,0,0,1784556.1332563066,15,9,8,4,10,20,6,6,3,11,1,3,6,34,16,7,4,23.933,2.067,1.6,1.667,16.4,0.01670138888888889,0.00313953488372093,0.03654458598726115,0.0440625,0.002283582089552239,0.003090909090909091,0.0094,0.03627192982456141,0.004851162790697675,0.1735714285714288,0.17350000000000024,0.004456716417910448,0.004763636363636364,0.09860000000000002
1705784339,1.5294475517613335,3.4955412889343633,0.1886532730118568,0.17909724169689656,4.722839827186181,1.1335941398375042,0.3844680747918655,0.09516329796692509,0.40794647282340346,0.9289541138669317,0.00018840328218349407,0.27965740639068964,0.3896799563080286,39.82806972240156,1.0919739703687599,210870272,81149952,6017024,423878656,109637632,335237120,40648704,4481024,280743936,92622848,4718592,2879488,301309952,140214272,47431680,1979441.955624537,0,791539.3752786497,40601.35470014869,0,0,0,1523267.3727453623,15,9,8,4,12,20,6,6,3,11,1,3,6,34,16,7,4,23.933,2.067,1.6,1.667,16.4,0.01670138888888889,0.00313953488372093,0.03654458598726115,0.0440625,0.002283582089552239,0.003090909090909091,0.0094,0.03627192982456141,0.004851162790697675,0.1735714285714288,0.17350000000000024,0.004456716417910448,0.004763636363636364,0.09860000000000002
1705784340,1.5887142463212514,3.4955412889343633,0.1886532730118568,0.17518079297786623,4.722839827186181,1.1335941398375042,0.3765936377780809,0.09516329796692508,0.3428263173219976,0.9289541138669317,0.00018840328218349407,0.27965740639068964,0.3896799563080286,39.82806972240156,1.0706526002551453,210870272,81149952,6017024,423878656,109637632,335237120,40648704,4481024,280743936,92622848,4718592,2879488,301309952,140214272,47431680,1979441.955624537,0,775327.5559801648,34120.194283826204,0,0,0,1493524.7705244238,15,9,8,4,12,20,6,6,3,11,1,3,6,34,16,7,4,23.933,2.067,1.6,1.667,16.4,0.01670138888888889,0.00313953488372093,0.03654458598726115,0.0440625,0.002283582089552239,0.003090909090909091,0.0094,0.03627192982456141,0.004851162790697675,0.1735714285714288,0.17350000000000024,0.004456716417910448,0.004763636363636364,0.09860000000000002
1705784341,1.5887142463212514,3.4955412889343633,0.1886532730118568,0.1712643442588359,4.722839827186181,1.1335941398375042,0.36871920076429626,0.09516329796692508,0.3360272094416075,0.9289541138669317,0.00018840328218349407,0.27965740639068964,0.3896799563080286,39.82806972240156,1.049331230141531,210870272,81149952,6017024,423878656,109637632,335237120,40648704,4481024,280743936,92622848,4718592,2879488,301309952,140214272,47431680,1979441.955624537,0,759115.7366816796,33443.50503882372,0,0,0,1463782.1683034855,15,9,8,4,12,20,6,6,3,11,1,3,6,34,16,7,4,23.933,2.067,1.6,1.667,16.4,0.01670138888888889,0.003152046783625731,0.03654458598726115,0.0440625,0.002283582089552239,0.003090909090909091,0.0094,0.03627192982456141,0.004873684210526316,0.1735714285714288,0.17350000000000024,0.004456716417910448,0.004763636363636364,0.09860000000000002
1705784342,1.5887142463212514,3.4535352039683045,0.1886532730118568,0.1673478955398056,4.722839827186181,1.1335941398375042,0.4698016125610015,0.09516329796692508,0.32922810156121746,0.9289541138669317,0.00018840328218349407,0.27965740639068964,0.3896799563080286,39.85591997164858,0.8275699999999908,210870272,81149952,6017024,423878656,109637632,335237120,40665088,4481024,280743936,92622848,4718592,2879488,301309952,140214272,47431680,2203617.8771501197,0,854600.7496994131,32766.815793821253,0,0,0,1351680,15,9,8,4,12,20,6,6,3,11,1,3,6,34,16,7,4,23.933,2.067,1.6,1.667,17.6,0.01670138888888889,0.003152046783625731,0.03654458598726115,0.0440625,0.002283582089552239,0.003090909090909091,0.00944349315068493,0.03627192982456141,0.004873684210526316,0.1735714285714288,0.17350000000000024,0.004456716417910448,0.004763636363636364,0.097675
1705784343,1.5887142463212514,3.4535352039683045,0.1886532730118568,0.1634314468207753,4.722839827186181,1.1335941398375042,0.4698016125610015,0.09516329796692508,0.39368316991485786,0.5797507943036765,0.00018840328218349407,0.27965740639068964,0.3896799563080286,39.85591997164858,0.8275699999999908,210870272,81149952,6017024,423878656,109637632,335237120,40665088,4481024,280743936,92622848,4718592,2879488,301309952,140214272,47431680,2203617.8771501197,0,854600.7496994131,49582.375015131336,0,0,0,1351680,15,9,8,4,12,20,6,6,3,11,1,3,6,34,16,7,4,23.933,2.067,1.8,1.667,17.6,0.01670138888888889,0.003152046783625731,0.03654458598726115,0.0440625,0.002230769230769231,0.003090909090909091,0.00944349315068493,0.03627192982456141,0.004873684210526316,0.1735714285714288,0.17350000000000024,0.004446153846153846,0.004763636363636364,0.097675
1705784344,1.6253557326976378,3.4535352039683045,0.1886532730118568,0.1587159500111509,4.722839827186181,1.1335941398375042,0.4698016125610015,0.09516329796692508,0.39368316991485786,0.5952452130948241,0.0001344704341979541,0.27965740639068964,0.3896799563080286,39.85591997164858,1.2544782522605717,210898944,81149952,6017024,423878656,109637632,335237120,40665088,4481024,280743936,92622848,4718592,2879488,301309952,140214272,47378432,2203617.8771501197,0,854600.7496994131,49582.375015131336,0,0,0,1658117.175983983,14,9,8,4,12,20,6,6,3,11,1,3,6,34,16,7,4,23.933,2.067,1.8,1.733,17.6,0.01670138888888889,0.003152046783625731,0.03654458598726115,0.0440625,0.002230769230769231,0.0030930232558139532,0.00944349315068493,0.03627192982456141,0.004873684210526316,0.1735714285714288,0.17350000000000024,0.004446153846153846,0.004767441860465116,0.097675
1705784345,1.6253557326976378,3.4535352039683045,0.1886532730118568,0.15482404078844542,4.722839827186181,0.9100665596424927,0.4698016125610015,0.09516329796692509,0.39368316991485786,0.6107396318859718,0.00013447043419795407,0.27965740639068964,0.3636223334933894,33.46751419919296,1.2544782522605717,210898944,81149952,6017024,423878656,109637632,335237120,40665088,4481024,280743936,92622848,4718592,2879488,301314048,140214272,47378432,2203617.8771501197,0,854600.7496994131,49582.375015131336,0,0,0,1658117.175983983,14,9,8,4,12,20,6,6,3,11,1,3,6,34,16,7.067,4,23.933,2.133,1.867,1.8,17.8,0.016770833333333336,0.003152046783625731,0.03654458598726115,0.04069767441860465,0.002230769230769231,0.0030689655172413794,0.009383445945945946,0.036508620689655186,0.004873684210526316,0.1735714285714288,0.13750000000000007,0.004446153846153846,0.004724137931034482,0.09681347150259068
1705784346,1.6253557326976378,3.4535352039683045,0.1886532730118568,0.23151544018417233,4.722839827186181,0.9288446601937753,0.46534110838302395,0.09516329796692509,0.39368316991485786,0.6262340506771196,0.00013447043419795407,0.27965740639068964,0.3636223334933894,32.80324886633215,1.2544782522605717,210898944,81149952,6017024,423882752,109637632,335237120,40665088,4481024,280743936,92622848,4718592,2879488,301314048,140214272,47378432,2203617.8771501197,0,888951.2451771308,49582.375015131336,0,0,0,1658117.175983983,14,9,8,4,12,20,6,6,3,11,1,3,6,34,16,7.067,4,23.933,2.133,1.867,1.8,17.8,0.016770833333333336,0.003152046783625731,0.03654458598726115,0.04069767441860465,0.002230769230769231,0.0030689655172413794,0.009383445945945946,0.036508620689655186,0.004873684210526316,0.1735714285714288,0.13750000000000007,0.004446153846153846,0.004724137931034482,0.09681347150259068
1705784347,1.6253557326976378,3.4535352039683045,0.1886532730118568,0.23151544018417233,4.722839827186181,0.947622760745058,0.46534110838302395,0.09516329796692509,0.39368316991485786,0.6417284694682673,0.00013447043419795407,0.27965740639068964,0.2918298243462032,32.13898353347134,1.2544782522605717,210898944,81149952,6017024,423882752,109637632,335237120,40665088,4481024,280743936,92622848,4718592,2879488,301314048,140214272,47378432,2203617.8771501197,0,888951.2451771308,49582.375015131336,0,0,0,1658117.175983983,14,9,8,4,12,20,6,6,3,11,1,3,6,34,16,7.067,4,23.933,2.133,1.867,1.8,17.8,0.016770833333333336,0.003152046783625731,0.03654458598726115,0.04069767441860465,0.002230769230769231,0.0030689655172413794,0.009383445945945946,0.036508620689655186,0.004873684210526316,0.1735714285714288,0.13750000000000007,0.004446153846153846,0.004724137931034482,0.09681347150259068
1705784348,1.6253557326976378,3.4535352039683045,0.1886532730118568,0.23151544018417233,4.722839827186181,1.1266860330769501,0.46534110838302395,0.09016736803673976,0.39368316991485786,0.657222888259415,0.00020073956682514443,0.28253946744359415,0.29781959934578317,39.90584144094157,1.2544782522605717,210898944,81149952,6017024,423882752,109637632,335237120,40665088,4481024,280743936,92622848,4718592,2883584,301314048,838860800,47378432,2203617.8771501197,0,888951.2451771308,49582.375015131336,0,0,0,1658117.175983983,14,9,8,4,12,20,6,6,3,11,1,3,6,34,16,8.533,4.2,24.267,1.6,1.867,1.8,17.067,0.016997767857142857,0.0031301775147928998,0.036400651465798045,0.03831521739130434,0.002230769230769231,0.0030689655172413794,0.009364406779661017,0.03642241379310346,0.004834319526627219,0.16388235294117676,0.097,0.004446153846153846,0.004724137931034482,0.09571782178217822
1705784349,1.6253557326976378,3.4535352039683045,0.17116003336510974,0.23151544018417233,3.8720392401374646,1.1266860330769501,0.46534110838302395,0.09016736803673976,0.39368316991485786,0.6727173070505628,0.00020073956682514443,0.2261825545631235,0.3038093743453632,39.90584144094157,1.2544782522605717,210898944,81149952,6017024,423882752,109637632,335237120,40665088,4481024,280743936,92622848,4718592,2883584,301314048,838860800,47378432,2203617.8771501197,0,888951.2451771308,49582.375015131336,0,0,0,1658117.175983983,14,9,8,4,12,20,6,6,3,11,1,3,6,34,16,8.533,4.2,25.2,1.6,1.867,1.8,17.067,0.016997767857142857,0.0031301775147928998,0.036138613861386136,0.03831521739130434,0.002230769230769231,0.0030689655172413794,0.009364406779661017,0.03642241379310346,0.004834319526627219,0.16000000000000036,0.097,0.004446153846153846,0.004724137931034482,0.09571782178217822
1705784350,1.6253557326976378,3.6543436808786467,0.17116003336510974,0.23151544018417233,3.9528814613998287,1.1266860330769501,0.46534110838302395,0.09016736803673976,0.39368316991485786,0.6882117258417104,0.00020073956682514443,0.23084244532736312,0.3097991493449432,39.90584144094157,1.2544782522605717,210898944,81199104,6017024,423882752,109637632,335237120,40665088,4481024,280743936,92622848,4718592,2883584,301314048,838860800,47378432,2046281.7481504083,0,888951.2451771308,49582.375015131336,0,0,0,1658117.175983983,14,9,8,4,12,20,6,6,3,11,1,3,6,34,16,8.533,4.2,25.2,1.6,1.867,1.8,17.067,0.016997767857142857,0.0031301775147928998,0.036138613861386136,0.03831521739130434,0.002230769230769231,0.0030689655172413794,0.009364406779661017,0.03642241379310346,0.004834319526627219,0.16000000000000036,0.097,0.004446153846153846,0.004724137931034482,0.09571782178217822
1705784351,1.5983242777986832,3.654343680878646,0.17706344980133468,0.23151544018417233,4.033723682662192,1.0530206540447329,0.46534110838302395,0.09016736803673976,0.39368316991485786,0.7037061446328583,0.00020073956682514443,0.2355023360916028,0.3593864999747994,39.90584144094157,1.2544782522605717,210898944,81199104,6012928,423882752,109637632,335253504,40665088,4481024,280743936,92622848,4718592,2883584,301314048,838860800,47378432,2046281.748150408,0,888951.2451771308,49582.375015131336,0,0,0,1658117.175983983,14,9,8,4,12,17,6,6,3,11,1,3,6,34,16,8.533,4.2,25.2,1.6,1.867,1.8,17.067,0.016997767857142857,0.0031301775147928998,0.036138613861386136,0.03831521739130434,0.002230769230769231,0.0030689655172413794,0.009364406779661017,0.03642241379310346,0.004834319526627219,0.16000000000000036,0.097,0.004446153846153846,0.004724137931034482,0.09571782178217822
1705784352,1.5983242777986832,3.654343680878646,0.17706344980133468,0.23151544018417233,4.334031968470352,1.0530206540447329,0.46534110838302395,0.09016736803673976,0.39368316991485786,0.5989600000000018,0.00020073956682514443,0.24016222685584238,0.3593864999747994,39.90584144094157,1.2544782522605717,210898944,81199104,6012928,423882752,99487744,335253504,40665088,4481024,280743936,92622848,4718592,2883584,301314048,838860800,47378432,2046281.748150408,0,888951.2451771308,49582.375015131336,0,0,0,1658117.175983983,14,9,8,4,11,17,6,6,3,11,1,3,6,34,16,8.533,4.2,25.2,1.6,1.867,1.8,17.067,0.016997767857142857,0.0031301775147928998,0.036138613861386136,0.03831521739130434,0.002230769230769231,0.0030689655172413794,0.009364406779661017,0.03642241379310346,0.004834319526627219,0.16000000000000036,0.097,0.004446153846153846,0.004724137931034482,0.09571782178217822
1705784353,1.5983242777986832,3.654343680878646,0.17706344980133468,0.23151544018417233,5.145642767412644,1.0530206540447329,0.4689190138371844,0.09016736803673976,0.41221912509244024,0.5989600000000018,0.00020073956682514443,0.27959344585437734,0.3593864999747994,39.90584144094157,1.2544782522605717,210898944,81199104,6012928,423882752,99487744,335253504,40673280,4481024,280743936,92622848,4718592,2883584,301314048,838860800,47378432,2046281.748150408,0,863103.1818501089,69901.58712099664,0,0,0,1658117.175983983,14,9,8,4,11,17,6,6,3,11,1,3,6,34,16,8.533,4.2,25.2,1.6,1.867,1.8,17.067,0.016997767857142857,0.0031301775147928998,0.036138613861386136,0.03831521739130434,0.002230769230769231,0.0030689655172413794,0.009364406779661017,0.03642241379310346,0.004834319526627219,0.16000000000000036,0.097,0.004446153846153846,0.004724137931034482,0.09571782178217822
1705784354,1.5983242777986832,3.654343680878646,0.17706344980133468,0.23151544018417233,5.145642767412644,1.0530206540447329,0.4689190138371844,0.09016736803673976,0.41221912509244024,0.5989600000000018,0.00020073956682514443,0.27959344585437734,0.3593864999747994,39.90584144094157,1.2544782522605717,210898944,81199104,6012928,423882752,99487744,335253504,40673280,4481024,280743936,92622848,4718592,2883584,301314048,838860800,47378432,2046281.748150408,0,863103.1818501089,69901.58712099664,0,0,0,1658117.175983983,14,9,8,4,11,17,6,6,3,11,1,3,6,34,16,8.533,4.2,25.2,1.6,1.867,1.8,17.067,0.016997767857142857,0.0031301775147928998,0.036138613861386136,0.03831521739130434,0.002230769230769231,0.0030689655172413794,0.009364406779661017,0.03642241379310346,0.004834319526627219,0.16000000000000036,0.097,0.004446153846153846,0.004724137931034482,0.09571782178217822
1705784355,1.5983242777986832,3.654343680878646,0.17706344980133468,0.2292328618063147,5.145642767412644,1.0530206540447329,0.4689190138371844,0.09016736803673976,0.41221912509244024,0.5989600000000018,0.00020073956682514443,0.27959344585437734,0.3593864999747994,39.90584144094157,1.2544782522605717,210898944,81199104,6012928,423882752,99487744,335253504,40673280,4481024,280743936,92622848,4718592,2883584,301314048,838860800,47378432,2046281.748150408,0,863103.1818501089,69901.58712099664,0,0,0,1658117.175983983,14,9,8,4,11,17,6,6,3,11,1,3,6,34,16,8.533,4.2,25.2,1.6,1.867,1.8,17.067,0.016997767857142857,0.0031301775147928998,0.036138613861386136,0.03831521739130434,0.002230769230769231,0.0030689655172413794,0.009364406779661017,0.03642241379310346,0.004834319526627219,0.16000000000000036,0.097,0.004446153846153846,0.004724137931034482,0.09571782178217822
1705784356,1.5983242777986832,3.654343680878646,0.17706344980133468,0.2292328618063147,5.145642767412644,1.0530206540447329,0.4689190138371844,0.08019791033224515,0.41221912509244024,0.5989600000000018,0.00020073956682514443,0.27959344585437734,0.3593864999747994,39.90584144094157,1.2544782522605717,210898944,81199104,6012928,423882752,99487744,335253504,40673280,4481024,280743936,92622848,4718592,2883584,301314048,838860800,47378432,2046281.748150408,0,863103.1818501089,69901.58712099664,0,0,0,1658117.175983983,14,9,8,4,11,17,6,6,3,11,1,3,6,34,16,8.533,4.133,25.2,1.6,1.867,1.8,17.067,0.016997767857142857,0.0031538461538461538,0.036138613861386136,0.03831521739130434,0.002230769230769231,0.0030689655172413794,0.009364406779661017,0.03642241379310346,0.004876923076923077,0.16000000000000036,0.097,0.004446153846153846,0.004724137931034482,0.09571782178217822
1705784357,1.5983242777986832,3.654343680878646,0.17706344980133468,0.2292328618063147,5.145642767412644,1.0530206540447329,0.4648464240173565,0.08019791033224515,0.41221912509244024,0.5989600000000018,0.00020073956682514443,0.27959344585437734,0.3593864999747994,39.923577698553046,1.2544782522605717,210898944,81199104,6012928,423882752,99487744,335253504,40673280,4481024,280743936,92622848,4718592,2883584,301314048,838860800,47378432,2046281.748150408,0,668906.7358672066,69901.58712099664,0,0,0,1658117.175983983,14,9,8,4,11,17,6,6,3,11,1,3,6,34,16,8.533,4.133,25.2,1.6,1.867,1.8,17.733,0.016997767857142857,0.0031538461538461538,0.036138613861386136,0.03831521739130434,0.002230769230769231,0.0030689655172413794,0.00938135593220339,0.03642241379310346,0.004876923076923077,0.16000000000000036,0.097,0.004446153846153846,0.004724137931034482,0.0949526066350711
1705784358,1.5983242777986832,2.6961189491389783,0.17706344980133468,0.23149298413539057,5.145642767412644,1.0530206540447329,0.4648464240173565,0.08019791033224515,0.41221912509244024,0.9090181465393689,0.00020073956682514443,0.27959344585437734,0.3593864999747994,39.923577698553046,1.2872374242879798,210898944,81199104,6012928,423882752,99487744,335253504,40673280,4481024,280743936,92631040,4718592,2883584,301314048,838860800,47562752,1836441.6756460713,0,668906.7358672066,69901.58712099664,0,0,0,1187679.8831564928,14,9,8,4,11,17,6,6,3,11,1,3,6,34,16,8.533,4.133,25.2,1.6,2.067,1.8,17.733,0.016997767857142857,0.003153846153846154,0.036138613861386136,0.03831521739130434,0.002373134328358209,0.0030689655172413794,0.00938135593220339,0.03642241379310346,0.004876923076923077,0.16000000000000036,0.097,0.004474626865671642,0.004724137931034482,0.0949526066350711
1705784359,1.5983242777986832,2.761987595095698,0.17706344980133468,0.23149298413539057,5.145642767412644,1.0530206540447329,0.4648464240173565,0.08019791033224515,0.41221912509244024,0.9090181465393689,0.00020073956682514443,0.27959344585437734,0.3593864999747994,39.923577698553046,1.2872374242879798,210898944,81199104,6012928,423882752,99487744,335253504,40673280,4481024,280743936,92631040,4718592,2883584,301314048,838860800,47562752,1881307.6214130141,0,668906.7358672066,69901.58712099664,0,0,0,1187679.8831564928,14,9,8,4,11,17,6,6,3,11,1,3,6,34,16,8.533,4.133,25.2,1.6,2.067,2.067,17.733,0.016997767857142857,0.003153846153846154,0.036138613861386136,0.03831521739130434,0.002373134328358209,0.0030659340659340657,0.00938135593220339,0.03642241379310346,0.004876923076923077,0.16000000000000036,0.097,0.004474626865671642,0.004718681318681318,0.0949526066350711
1705784360,1.5983242777986832,2.8278562410524186,0.17706344980133468,0.23149298413539057,5.145642767412644,1.0530206540447329,0.4648464240173565,0.08019791033224515,0.41221912509244024,0.9090181465393689,0.00020073956682514443,0.27959344585437734,0.3065407117451716,39.923577698553046,1.2872374242879798,210898944,81199104,6012928,423882752,99487744,335253504,40673280,4481024,280743936,92631040,4718592,2883584,301314048,838860800,47562752,1926173.5671799572,0,668906.7358672066,69901.58712099664,0,0,0,1187679.8831564928,14,9,8,4,11,17,6,6,3,11,1,3,6,34,16,8.867,4.133,25.2,1.867,2.333,2.333,18.667,0.017103524229074893,0.003153846153846154,0.036138613861386136,0.0375,0.002373134328358209,0.0030659340659340657,0.009310631229235878,0.03642241379310346,0.004876923076923077,0.16000000000000036,0.09285714285714285,0.004474626865671642,0.004718681318681318,0.0946394230769231
1705784361,1.5983242777986832,2.8937248870091383,0.17706344980133468,0.23149298413539057,5.145642767412644,1.0530206540447329,0.4648464240173565,0.08019791033224515,0.41221912509244024,0.9090181465393689,0.00020073956682514443,0.27959344585437734,0.3005509367455916,39.923577698553046,1.2872374242879798,210898944,81199104,6012928,423882752,99487744,335253504,40673280,4481024,280743936,92631040,4718592,2883584,301314048,838860800,47562752,1971039.5129469002,0,668906.7358672066,69901.58712099664,0,0,0,1187679.8831564928,14,9,8,4,11,17,6,6,3,11,1,3,6,34,16,8.867,4.133,25.2,1.867,2.333,2.333,18.667,0.017103524229074893,0.003153846153846154,0.036138613861386136,0.0375,0.002373134328358209,0.0030659340659340657,0.009310631229235878,0.03642241379310346,0.004876923076923077,0.16000000000000036,0.09285714285714285,0.004474626865671642,0.004718681318681318,0.0946394230769231
1705784362,1.5983242777986832,2.959593532965859,0.17806046185290272,0.23149298413539057,5.145642767412644,1.0530206540447329,0.4648464240173565,0.08019791033224515,0.33627805677228556,0.9090181465393689,0.00020073956682514443,0.27959344585437734,0.29456116174601166,39.86095834807784,1.2872374242879798,210898944,81199104,6012928,423882752,99487744,335253504,40673280,4481024,280743936,92631040,4718592,2883584,301314048,707551232,47562752,2015905.4587138435,0,668906.7358672066,57023.96723363104,0,0,0,1187679.8831564928,14,9,8,4,11,17,6,6,3,11,1,3,6,34,16,8.867,4.133,25.2,1.867,2.333,2.333,18.667,0.017103524229074893,0.003153846153846154,0.036138613861386136,0.0375,0.002373134328358209,0.0030659340659340657,0.009310631229235878,0.03642241379310346,0.004876923076923077,0.16000000000000036,0.09285714285714285,0.004474626865671642,0.004718681318681318,0.0946394230769231
1705784363,1.6021421529084854,3.0254621789225786,0.17806046185290272,0.23149298413539057,5.145642767412644,1.0530206540447329,0.4648464240173565,0.08444500328858269,0.32940773802074486,0.9090181465393689,0.00020073956682514443,0.24033464281411923,0.2885713867464317,39.86095834807784,1.2872374242879798,210911232,81199104,6012928,423882752,99487744,335253504,40673280,4481024,280743936,92631040,4718592,2883584,301314048,707551232,47562752,2060771.4044807865,0,668906.7358672066,55858.94078161443,0,0,0,1187679.8831564928,14,9,8,4,11,17,6,6,3,11,1,3,6,34,16,7.933,3.733,24.2,2.467,2.333,2.333,19.933,0.016554054054054055,0.0031656804733727812,0.03579734219269103,0.03722222222222222,0.002373134328358209,0.0030659340659340657,0.009321305841924397,0.03387755102040816,0.004898224852071006,0.1506896551724139,0.09066666666666667,0.004474626865671642,0.004718681318681318,0.09356796116504855
1705784364,1.6021421529084854,3.091330824879299,0.17806046185290272,0.23149298413539057,4.988858444174287,1.0530206540447329,0.4648464240173565,0.08444500328858269,0.32253741926920415,0.9090181465393689,0.00020073956682514443,0.23567475204987962,0.42381407902155677,39.86095834807784,1.2872374242879798,210911232,81199104,6012928,423882752,99528704,335253504,40673280,4481024,280743936,92631040,4718592,2883584,301314048,707551232,47562752,2105637.3502477296,0,668906.7358672066,54693.914329597814,0,0,0,1187679.8831564928,14,9,8,4,10,17,6,6,3,11,1,3,7,34,16,7.933,3.733,22.133,2.467,2.333,2.333,19.933,0.016554054054054055,0.0031656804733727812,0.035375,0.03722222222222222,0.002373134328358209,0.0030659340659340657,0.009321305841924397,0.03387755102040816,0.004898224852071006,0.1371511627906979,0.09066666666666667,0.004474626865671642,0.004718681318681318,0.09356796116504855
1705784365,1.6021421529084854,2.5857724999999827,0.17806046185290272,0.23149298413539057,4.988858444174287,1.0306814272758242,0.48567572812108434,0.08444500328858269,0.31566710051766345,0.9090181465393689,0.00016079573868638773,0.276638221384569,0.4321313181690065,39.86095834807784,1.2872374242879798,210911232,81199104,6012928,423882752,99528704,335253504,40681472,4481024,280743936,92631040,4718592,2879488,301314048,707551232,47562752,1761280,0,852625.8224989857,53528.887877581205,0,0,0,1187679.8831564928,14,9,8,4,10,17,6,6,3,11,1,3,7,34,16,7.933,3.733,22.133,2.467,2.333,2.333,19.933,0.016554054054054055,0.0031656804733727812,0.035375,0.03722222222222222,0.002373134328358209,0.0030659340659340657,0.009321305841924397,0.03387755102040816,0.004898224852071006,0.1371511627906979,0.09066666666666667,0.004474626865671642,0.004718681318681318,0.09356796116504855
1705784366,1.6021421529084854,2.5857724999999827,0.17806046185290272,0.23149298413539057,4.988858444174287,1.0730021920023551,0.48567572812108434,0.08444500328858269,0.3087967817661228,0.9090181465393689,0,0.27663822138456906,0.4321313181690065,39.86095834807784,1.2872374242879798,210911232,81199104,6012928,423882752,99528704,335228928,40681472,4481024,280743936,92631040,4718592,2879488,301314048,707551232,47562752,1761280,0,852625.8224989857,52363.86142556459,0,0,0,1187679.8831564928,14,9,8,4,10,20,6,6,3,11,1,3,7,34,16,7.933,3.733,22.133,2.467,2.333,2.333,19.933,0.016554054054054055,0.0031656804733727812,0.035375,0.03722222222222222,0.002373134328358209,0.0030659340659340657,0.009321305841924397,0.03387755102040816,0.004898224852071006,0.1371511627906979,0.09066666666666667,0.004474626865671642,0.004718681318681318,0.09356796116504855
1705784367,1.2458275177939828,2.5857724999999827,0.17806046185290272,0.23149298413539057,4.988858444174287,1.0730021920023551,0.48567572812108434,0.08444500328858269,0.2772968507676454,0.9090181465393689,0,0.27663822138456906,0.4321313181690065,39.86095834807784,1.2872374242879798,210911232,81199104,6012928,423882752,99528704,335228928,40681472,4481024,280743936,92631040,4718592,2879488,301314048,707551232,47562752,1761280,0,852625.8224989857,47544.56245790374,0,0,0,1187679.8831564928,14,9,8,4,10,20,6,6,3,11,1,3,7,34,16,7.933,3.733,22.133,2.467,2.333,2.333,19.933,0.016554054054054055,0.0031656804733727812,0.035375,0.03722222222222222,0.002373134328358209,0.0030659340659340657,0.009321305841924397,0.03387755102040816,0.004898224852071006,0.1371511627906979,0.09066666666666667,0.004474626865671642,0.004718681318681318,0.09356796116504855
1705784368,1.2735193428577538,3.327759006438046,0.16929577464788842,0.23149298413539057,4.988858444174287,1.0730021920023551,0.48567572812108434,0.08444500328858269,0.27110822496241976,0.9090181465393689,0,0.27640679683182867,0.4321313181690065,39.86095834807784,1.2872374242879798,210911232,81227776,6012928,423882752,99528704,335228928,40681472,4481024,280743936,92631040,4718592,2879488,301314048,707551232,47562752,2104013.515364595,0,852625.8224989857,46483.47754002383,0,0,0,1187679.8831564928,14,9,8,4,10,20,6,6,3,11,1,3,7,34,16,7.933,3.733,22.133,2.467,2.333,2.333,19.933,0.016554054054054055,0.0031656804733727812,0.035375,0.03722222222222222,0.002373134328358209,0.0030659340659340657,0.009321305841924397,0.03387755102040816,0.004898224852071006,0.1371511627906979,0.09066666666666667,0.004474626865671642,0.004718681318681318,0.09356796116504855
1705784369,1.3012111679215244,3.327759006438046,0.16929577464788842,0.2324171153301236,4.242623246828393,1.0730021920023551,0.49702120770600655,0.08444500328858269,0.2649195991571942,0.9090181465393689,0,0.27640679683182867,0.4321313181690065,39.86095834807784,1.2875067135605256,210911232,81227776,6012928,423882752,99528704,335228928,40681472,4481024,280743936,92631040,4718592,2879488,301314048,707551232,47448064,2104013.515364595,0,918874.1645273943,45422.39262214393,0,0,0,1149624.9068764183,14,9,8,4,10,20,6,6,3,11,1,3,7,34,16,7.933,3.733,22.133,2.467,2.333,2.333,19.933,0.016554054054054055,0.0031656804733727812,0.035375,0.03722222222222222,0.002373134328358209,0.0030659340659340657,0.009321305841924397,0.03387755102040816,0.004898224852071006,0.1371511627906979,0.09066666666666667,0.004474626865671642,0.004718681318681318,0.09356796116504855
1705784370,1.3289029929852951,3.327759006438046,0.16929577464788842,0.2324171153301236,4.325681108239407,1.0730021920023551,0.49702120770600655,0.08444500328858269,0.7332461845852993,0.915267940434647,0,0.27640679683182867,0.4321313181690065,39.86095834807784,1.2875067135605256,210911232,81227776,6012928,423882752,99528704,335228928,40681472,4481024,281321472,92631040,4718592,2879488,301314048,707551232,47448064,2104013.515364595,0,918874.1645273943,26119.117459507714,0,0,0,1149624.9068764183,14,9,8,4,10,20,6,6,3,11,1,3,7,34,16,7.933,3.733,22.133,2.467,2.333,2.333,19.933,0.016554054054054055,0.0031656804733727812,0.035375,0.03722222222222222,0.002373134328358209,0.0030659340659340657,0.009321305841924397,0.03387755102040816,0.004898224852071006,0.1371511627906979,0.09066666666666667,0.004474626865671642,0.004718681318681318,0.09356796116504855
1705784371,1.3565948180490661,3.327759006438046,0.16929577464788842,0.2324171153301236,4.983471684660834,1.0730021920023551,0.49702120770600655,0.08710039923111097,0.7332461845852993,0.915267940434647,0,0.27640679683182867,0.4321313181690065,39.86095834807784,1.2798251245157752,210911232,81227776,6012928,423882752,99528704,335228928,40681472,4481024,281321472,92631040,4718592,2879488,301314048,707551232,47448064,2104013.515364595,0,918874.1645273943,26119.117459507714,0,0,0,1133370.2268954066,14,9,8,4,10,20,6,6,3,11,1,3,7,34,16,7.933,3.867,22.133,2.467,2.333,2.333,19.933,0.016554054054054055,0.003152046783625731,0.035375,0.03722222222222222,0.002373134328358209,0.0030659340659340657,0.009321305841924397,0.03387755102040816,0.004873684210526316,0.1371511627906979,0.09066666666666667,0.004474626865671642,0.004718681318681318,0.09356796116504855
1705784372,1.384286643112837,3.327759006438046,0.16929577464788842,0.2324171153301236,4.983471684660834,1.0730021920023551,0.49702120770600655,0.08710039923111097,0.7332461845852993,0.915267940434647,0.0001205915813424289,0.27640679683182867,0.4321313181690065,39.86095834807784,1.2798251245157752,210911232,81227776,6012928,423882752,99528704,335228928,40681472,4481024,281321472,92631040,4718592,2879488,301314048,707551232,47448064,2104013.515364595,0,918874.1645273943,26119.117459507714,0,0,0,1133370.2268954066,14,9,8,4,10,20,6,6,3,11,1,3,7,34,16,7.933,3.867,22.133,2.467,2.333,2.333,19.867,0.016554054054054055,0.003152046783625731,0.035375,0.03722222222222222,0.002373134328358209,0.0030659340659340657,0.009444444444444443,0.03387755102040816,0.004873684210526316,0.1371511627906979,0.09066666666666667,0.004474626865671642,0.004718681318681318,0.09326923076923078
1705784373,1.6615095038262455,3.327759006438046,0.16929577464788842,0.2324171153301236,4.983471684660834,1.0730021920023551,0.49702120770600655,0.08710039923111097,0.7332461845852993,0.9197952678130431,0.0001205915813424289,0.27640679683182867,0.4321313181690065,39.86095834807784,1.2798251245157752,210911232,81227776,6012928,423882752,99528704,335228928,40681472,4481024,281321472,92631040,4718592,2879488,301314048,707551232,47448064,2104013.515364595,0,918874.1645273943,26119.117459507714,0,0,0,1133370.2268954066,14,9,8,4,10,20,6,6,3,11,1,3,7,34,16,7.933,3.867,22.133,2.467,2.6,2.333,19.867,0.016554054054054055,0.003152046783625731,0.035375,0.03722222222222222,0.002235294117647059,0.0030659340659340657,0.009444444444444443,0.03387755102040816,0.004873684210526316,0.1371511627906979,0.09066666666666667,0.004447058823529412,0.004718681318681318,0.09326923076923078
1705784374,1.6615095038262455,3.327759006438046,0.16929577464788842,0.2324171153301236,4.983471684660834,1.0730021920023551,0.49702120770600655,0.08710039923111097,0.7332461845852993,0.9197952678130431,0.0001205915813424289,0.27640679683182867,0.4321313181690065,39.8706776180699,1.2798251245157752,210911232,81227776,6012928,423882752,99528704,335228928,40681472,4481024,281321472,92631040,4718592,2879488,301314048,707551232,47448064,2104013.515364595,0,918874.1645273943,26119.117459507714,0,0,0,1133370.2268954066,14,9,8,4,10,20,6,6,3,11,1,3,7,34,16,7.933,3.867,22.133,2.467,2.6,2.6,19.867,0.016554054054054055,0.003152046783625731,0.035375,0.03722222222222222,0.002235294117647059,0.0030666666666666668,0.009444444444444443,0.03387755102040816,0.004873684210526316,0.1371511627906979,0.09066666666666667,0.004447058823529412,0.00472,0.09326923076923078
1705784375,1.6615095038262455,3.327759006438046,0.16929577464788842,0.2324171153301236,4.983471684660834,1.0730021920023551,0.49702120770600655,0.08805173022598868,0.7332461845852993,0.9197952678130431,0.0001205915813424289,0.27640679683182867,0.4321313181690065,39.8706776180699,1.2798251245157752,210911232,81227776,6012928,423882752,99528704,335228928,40681472,4485120,281321472,92631040,4718592,2879488,301314048,707551232,47448064,2104013.515364595,0,918874.1645273943,26119.117459507714,0,0,0,1133370.2268954066,14,9,8,4,10,20,6,6,3,11,1,3,7,34,16,7.8,3.867,22.133,2.467,2.6,2.6,19.6,0.016447963800904977,0.003152046783625731,0.035375,0.039285714285714285,0.0022571428571428573,0.003021276595744681,0.009647887323943663,0.033775510204081635,0.004873684210526316,0.1371511627906979,0.09285714285714283,0.004451428571428572,0.004638297872340425,0.09476851851851854
1705784376,1.6615095038262455,3.327759006438046,0.16929577464788842,0.23717396274865035,4.983471684660834,1.0730021920023551,0.49702120770600655,0.08805173022598868,0.7332461845852993,0.9197952678130431,0.0001205915813424289,0.27640679683182867,0.4321313181690065,39.8706776180699,1.2798251245157752,210911232,81227776,6012928,423882752,99528704,335228928,40681472,4485120,281321472,92631040,4718592,2879488,301314048,707551232,47448064,2104013.515364595,0,918874.1645273943,26119.117459507714,0,0,0,1133370.2268954066,14,9,8,4,10,20,6,6,3,11,1,3,7,34,16,7.8,3.867,22.133,2.467,2.6,2.6,19.6,0.016447963800904977,0.003152046783625731,0.035375,0.039285714285714285,0.0022571428571428573,0.003021276595744681,0.009647887323943663,0.033775510204081635,0.004873684210526316,0.1371511627906979,0.09285714285714283,0.004451428571428572,0.004638297872340425,0.09476851851851854
1705784377,1.6615095038262455,3.327759006438046,0.16929577464788842,0.23717396274865035,4.7848298053811105,1.0730021920023551,0.49702120770600655,0.08805173022598868,0.7332461845852993,0.9197952678130431,0.0001205915813424289,0.27640679683182867,0.4321313181690065,39.8706776180699,1.2798251245157752,210911232,81227776,6012928,423882752,99942400,335228928,40681472,4485120,281321472,92631040,4718592,2879488,301314048,707551232,47448064,2104013.515364595,0,918874.1645273943,26119.117459507714,0,0,0,1133370.2268954066,14,9,8,4,10,20,6,6,3,11,1,3,7,34,16,7.8,3.867,22.133,2.467,2.6,2.6,19.6,0.016447963800904977,0.003152046783625731,0.035375,0.039285714285714285,0.0022571428571428573,0.003021276595744681,0.009647887323943663,0.033775510204081635,0.004873684210526316,0.1371511627906979,0.09285714285714283,0.004451428571428572,0.004638297872340425,0.09476851851851854
1705784378,1.6615095038262455,3.327759006438046,0.1702085340460582,0.23717396274865035,4.7848298053811105,1.0730021920023551,0.49702120770600655,0.08805173022598868,0.7332461845852993,0.9197952678130431,0.0001205915813424289,0.27640679683182867,0.44318644931231704,39.84973176395216,1.2798251245157752,210911232,81227776,6012928,423882752,99942400,335228928,40681472,4485120,281321472,92631040,4718592,2879488,301314048,605147136,47448064,2104013.515364595,0,918874.1645273943,26119.117459507714,0,0,0,1133370.2268954066,14,9,8,4,10,20,6,6,3,11,1,3,7,34,16,6.933,4.267,22.8,2.133,2.6,2.6,18.267,0.015872641509433964,0.003152941176470588,0.034583333333333334,0.04017857142857143,0.0022571428571428573,0.003021276595744681,0.009561258278145694,0.028648648648648675,0.004875294117647058,0.1421875000000001,0.09277777777777776,0.004451428571428572,0.004638297872340425,0.09328054298642532
1705784379,1.6615095038262455,3.327759006438046,0.1702085340460582,0.1677981095640893,4.7848298053811105,1.0344850796499485,0.49702120770600655,0.08805173022598868,0.7332461845852993,0.9197952678130431,0.0001205915813424289,0.27640679683182867,0.44318644931231704,39.84973176395216,1.2798251245157752,210911232,81227776,6012928,423882752,99942400,335228928,40681472,4485120,281321472,92631040,4718592,2879488,301314048,605147136,47448064,2104013.515364595,0,918874.1645273943,26119.117459507714,0,0,0,1133370.2268954066,14,9,8,4,10,20,6,6,3,11,1,3,7,34,16,6.933,4.267,24.067,2.133,2.6,2.6,18.267,0.015872641509433964,0.003152941176470588,0.034079391891891894,0.04017857142857143,0.0022571428571428573,0.003021276595744681,0.009561258278145694,0.028648648648648675,0.004875294117647058,0.1480841121495328,0.09277777777777776,0.004451428571428572,0.004638297872340425,0.09328054298642532
1705784380,1.6615095038262455,3.327759006438046,0.1702085340460582,0.17185941981281921,4.7848298053811105,1.0344850796499485,0.4983983118275865,0.08805173022598868,0.7332461845852993,0.9197952678130431,0.00012059158134242888,0.27640679683182867,0.44318644931231704,39.84973176395216,1.2798251245157752,210911232,81227776,6012928,423882752,99942400,335228928,40759296,4485120,281321472,92631040,4718592,2879488,301314048,605147136,47448064,2104013.515364595,0,878513.85477566,26119.117459507714,0,0,0,1133370.2268954066,14,9,8,4,10,20,6,6,3,11,1,3,7,34,16,6.933,4.267,24.067,2.133,2.6,2.6,18.267,0.015872641509433964,0.003152941176470588,0.034079391891891894,0.04017857142857143,0.0022571428571428573,0.003021276595744681,0.009561258278145694,0.028648648648648675,0.004875294117647058,0.1480841121495328,0.09277777777777776,0.004451428571428572,0.004638297872340425,0.09328054298642532
1705784381,1.3741514351394968,3.327759006438046,0.1702085340460582,0.1759207300615492,4.7848298053811105,1.0344850796499485,0.4983983118275865,0.08805173022598868,0.7332461845852993,0.9200537234332105,0.00012059158134242888,0.23387546876598897,0.39415434333517657,39.84973176395216,1.2798251245157752,210911232,81227776,6012928,423882752,99942400,335228928,40759296,4485120,281321472,92635136,4718592,2879488,301309952,605147136,47448064,2104013.515364595,0,878513.85477566,26119.117459507714,0,0,0,1133370.2268954066,14,9,8,4,10,20,6,6,3,11,1,3,6,34,16,6.933,4.267,24.067,2.133,2.6,2.6,18.267,0.015872641509433964,0.003152941176470588,0.034079391891891894,0.04017857142857143,0.0022571428571428573,0.003021276595744681,0.009561258278145694,0.028648648648648675,0.004875294117647058,0.1480841121495328,0.09277777777777776,0.004451428571428572,0.004638297872340425,0.09328054298642532
1705784382,1.346459610075726,3.327759006438046,0.18065129135354477,0.17998204031027917,4.7848298053811105,1.0344850796499485,0.40141570520940706,0.08805173022598868,0.7332461845852993,0.9200537234332105,0.00012059158134242888,0.2334308140160173,0.39415434333517657,39.84973176395216,1.2798251245157752,210911232,81227776,6017024,423882752,99942400,335228928,40759296,4485120,281321472,92635136,4718592,2879488,301309952,605147136,47448064,2104013.515364595,0,782026.7975615548,26119.117459507714,0,0,0,1133370.2268954066,14,9,8,4,10,20,6,6,3,11,1,3,6,34,16,6.933,4.267,24.067,2.133,2.6,2.6,18.267,0.015872641509433964,0.003152941176470588,0.034079391891891894,0.04017857142857143,0.0022571428571428573,0.003021276595744681,0.009561258278145694,0.028648648648648675,0.004875294117647058,0.1480841121495328,0.09277777777777776,0.004451428571428572,0.004638297872340425,0.09328054298642532
1705784383,1.3187677850119552,3.327759006438046,0.18065129135354477,0.1840433505590091,4.784829805381112,0.8689803979694526,0.41001584243791894,0.08805173022598868,0.9850243287078913,0.9200537234332105,0.00012059158134242888,0.2789043148845815,0.39415434333517657,39.84973176395216,1.2798251245157752,210911232,81227776,6017024,423882752,99942400,335228928,40759296,4485120,281321472,92635136,4718592,3014656,301309952,605147136,47448064,2104013.515364595,0,798781.3432560103,0,0,0,0,1133370.2268954066,14,9,8,4,10,20,6,6,3,11,1,3,6,34,16,6.933,4.267,24.067,2.133,2.6,2.6,18.267,0.015872641509433964,0.003152941176470588,0.034079391891891894,0.04017857142857143,0.0022571428571428573,0.003021276595744681,0.009561258278145694,0.028648648648648675,0.004875294117647058,0.1480841121495328,0.09277777777777776,0.004451428571428572,0.004638297872340425,0.09328054298642532
1705784384,1.2910759599481845,2.6941291077067975,0.18065129135354477,0.18810466080773908,4.784829805381112,0.8517389799752868,0.41861597966643077,0.08805173022598868,0.9850243287078913,0.9200537234332105,0.00009530831340250228,0.2789043148845815,0.39415434333517657,39.84973176395216,0.8474775000000002,210911232,81227776,6017024,423882752,99942400,335228928,40759296,4485120,281321472,92635136,4718592,3014656,301309952,605147136,47448064,1138257.9666598993,0,815535.8889504657,0,0,0,0,747520.0000000001,14,9,8,4,10,20,6,6,3,11,1,3,6,34,16,6.933,4.267,24.067,2.133,2.6,2.6,18.267,0.015872641509433964,0.003152941176470588,0.034079391891891894,0.04017857142857143,0.0022571428571428573,0.003021276595744681,0.009561258278145694,0.028648648648648675,0.004875294117647058,0.1480841121495328,0.09277777777777776,0.004451428571428572,0.004638297872340425,0.09328054298642532
1705784385,1.2633841348844137,2.6410966360729518,0.18065129135354477,0.19216597105646907,4.220778517853754,0.9843213352101046,0.42721611689494277,0.08805173022598868,0.9850243287078913,0.9200537234332105,0.00009530831340250228,0.2789043148845815,0.39415434333517657,39.84973176395216,0.8474775000000002,210911232,81227776,6017024,423882752,99942400,335216640,40759296,4485120,281321472,92635136,4718592,3014656,301309952,605147136,47448064,1115851.9753671247,0,832290.4346449213,0,0,0,0,747520.0000000001,14,9,8,4,10,15,6,6,3,11,1,3,6,34,16,6.933,4.267,24.067,2.133,2.6,2.6,18.267,0.015872641509433964,0.003152941176470588,0.034079391891891894,0.04017857142857143,0.0022571428571428573,0.003021276595744681,0.009561258278145694,0.028648648648648675,0.004875294117647058,0.1480841121495328,0.09277777777777776,0.004451428571428572,0.004638297872340425,0.09328054298642532
1705784386,1.235692309820643,2.5880641644391065,0.18065129135354477,0.196227281305199,4.824083797685398,0.9843213352101046,0.43581625412345465,0.08805173022598868,0.9850243287078913,0.9080251253925765,0.00009530831340250228,0.2789043148845815,0.39415434333517657,39.84973176395216,0.8474775000000002,210911232,81227776,6017024,423882752,99942400,335216640,40759296,4485120,281321472,92635136,4718592,3014656,301309952,605147136,47448064,1093445.9840743497,0,849044.9803393767,0,0,0,0,747520.0000000001,14,9,8,4,10,15,6,6,3,11,1,3,6,34,16,6.933,4,24.067,2.133,2.6,2.6,18.267,0.015872641509433964,0.0031538461538461538,0.034079391891891894,0.04017857142857143,0.0022571428571428573,0.003021276595744681,0.009561258278145694,0.028648648648648675,0.004876923076923077,0.1480841121495328,0.09277777777777776,0.004451428571428572,0.004638297872340425,0.09328054298642532
1705784387,1.2080004847568722,3.1659327217125486,0.18065129135354477,0.20028859155392897,4.824083797685398,0.9843213352101046,0.44441639135196653,0.08805173022598868,0.7320203419075163,0.9080251253925765,0.00009530831340250228,0.2789043148845815,0.39415434333517657,39.84973176395216,0.8474775000000002,210911232,81268736,6017024,423882752,99942400,335216640,40759296,4485120,281321472,92635136,4718592,3014656,301309952,605147136,47448064,1361158.0020387361,0,865799.5260338321,27897.473153676747,0,0,0,747520.0000000001,14,9,8,4,10,15,6,6,3,11,1,3,6,34,16,6.933,4,24.067,2.133,2.6,2.6,16.533,0.015872641509433964,0.0031538461538461538,0.034079391891891894,0.04017857142857143,0.0022571428571428573,0.003021276595744681,0.009519543973941367,0.028648648648648675,0.004876923076923077,0.1480841121495328,0.09277777777777776,0.004451428571428572,0.004638297872340425,0.09413551401869157
1705784388,1.1803086596931014,3.1659327217125486,0.18065129135354477,0.20434990180265897,4.824083797685398,0.9843213352101046,0.5160082337107138,0.08075634847397399,0.7320203419075163,0.9080251253925765,0.0001344154197311628,0.2789043148845815,0.39415434333517657,32.19565417158008,0.8474775000000002,210911232,81268736,6017024,423882752,99942400,335216640,40759296,4481024,281321472,92635136,4718592,3014656,301309952,605147136,47448064,1361158.0020387361,0,1005272.7416673264,27897.473153676747,0,0,0,747520.0000000001,14,9,8,4,10,15,6,6,3,11,1,3,6,34,16,6.933,4,24.067,2.133,1.6,2.6,16.533,0.015872641509433964,0.003153846153846154,0.034079391891891894,0.04017857142857143,0.0023043478260869566,0.003021276595744681,0.009519543973941367,0.028648648648648675,0.004876923076923077,0.1480841121495328,0.09277777777777776,0.004460869565217392,0.004638297872340425,0.09413551401869157
1705784389,1.1526168346293306,3.1659327217125486,0.18065129135354477,0.24367861492379772,4.824083797685398,0.9843213352101046,0.5160082337107138,0.06531939971019823,0.7320203419075163,0.9080251253925765,0.0001344154197311628,0.2789043148845815,0.39415434333517657,32.858375280070646,1.3157198322027812,210911232,81268736,6017024,423882752,99942400,335216640,40759296,4481024,281321472,92635136,4718592,3014656,301309952,605147136,47501312,1361158.0020387361,0,1005272.7416673264,27897.473153676747,0,0,0,1663405.9264548374,14,9,8,4,10,15,6,6,3,11,1,3,6,34,16,6.933,4,24.067,2.133,1.6,1.6,16.533,0.015872641509433964,0.003153846153846154,0.034079391891891894,0.04017857142857143,0.0023043478260869566,0.0030217391304347826,0.009519543973941367,0.028648648648648675,0.004876923076923077,0.1480841121495328,0.09277777777777776,0.004460869565217392,0.004639130434782609,0.09413551401869157
1705784390,1.1249250095655599,3.1659327217125486,0.18065129135354477,0.24367861492379772,4.202929407802318,0.9843213352101046,0.5160082337107138,0.06666383061764661,0.7320203419075163,0.9080251253925765,0.0001344154197311628,0.2789043148845815,0.39415434333517657,33.521096388561205,1.3157198322027812,210911232,81268736,6017024,423882752,99942400,335216640,40759296,4481024,281321472,92635136,4718592,3014656,301309952,605147136,47501312,1361158.0020387361,0,1005272.7416673264,27897.473153676747,0,0,0,1663405.9264548374,14,9,8,4,10,15,6,6,3,11,1,3,6,34,16,6.2,4,24.067,1.333,0.8,0.8,14.267,0.015936018957345973,0.003153846153846154,0.034079391891891894,0.04134615384615384,0.00226984126984127,0.003022988505747127,0.009568106312292357,0.028402777777777808,0.004876923076923077,0.1480841121495328,0.09375,0.004504761904761905,0.004641379310344828,0.0947196261682243
1705784391,1.576599564046663,3.1659327217125486,0.18065129135354477,0.23687872763419332,4.122528011174229,0.9843213352101046,0.5160082337107138,0.06800826152509501,0.7320203419075163,0.9080251253925765,0.0001344154197311628,0.2789043148845815,0.39415434333517657,39.76326650943383,1.3157198322027812,210968576,81268736,6017024,423878656,99942400,335216640,40759296,4481024,281321472,92635136,4718592,3014656,301309952,605147136,47501312,1361158.0020387361,0,1005272.7416673264,27897.473153676747,0,0,0,1663405.9264548374,13,9,8,4,10,15,6,6,3,11,1,3,6,34,16,6.2,4,24.067,1.333,0.8,0.8,14.267,0.015936018957345973,0.003153846153846154,0.034079391891891894,0.04134615384615384,0.00226984126984127,0.003022988505747127,0.009568106312292357,0.028402777777777808,0.004876923076923077,0.1480841121495328,0.09375,0.004504761904761905,0.004641379310344828,0.0947196261682243
1705784392,1.576599564046663,3.1659327217125486,0.18065129135354477,0.23687872763419332,4.042126614546138,0.9843213352101046,0.5160082337107138,0.06935269243254343,0.7320203419075163,0.9080251253925765,0.0001344154197311628,0.2789043148845815,0.39415434333517657,39.763266509433834,1.3157198322027812,210968576,81268736,6017024,423878656,99942400,335216640,40759296,4481024,281321472,92635136,4718592,3014656,301309952,605147136,47501312,1361158.0020387361,0,1005272.7416673264,27897.473153676747,0,0,0,1663405.9264548374,13,9,8,4,10,15,6,6,3,11,1,3,6,34,16,6.2,4,24.067,1.333,0.8,0.8,14.267,0.015936018957345973,0.003153846153846154,0.034079391891891894,0.04134615384615384,0.00226984126984127,0.003022988505747127,0.009568106312292357,0.028402777777777808,0.004876923076923077,0.1480841121495328,0.09375,0.004504761904761905,0.004641379310344828,0.0947196261682243
1705784393,1.576599564046663,3.1659327217125486,0.18065129135354477,0.23687872763419332,3.961725217918049,0.9843213352101046,0.5160082337107138,0.08066585444690375,0.7320203419075163,0.9080251253925765,0.0001344154197311628,0.2789043148845815,0.43750206327371743,39.763266509433834,1.3157198322027812,210968576,81268736,6017024,423878656,99942400,335216640,40759296,4481024,281321472,92635136,4718592,3014656,301309952,605147136,47501312,1361158.0020387361,0,1005272.7416673264,27897.473153676747,0,0,0,1663405.9264548374,13,9,8,4,10,15,6,6,3,11,1,3,6,34,16,8.267,3.6,23.533,1.067,0.8,0.8,14.6,0.015431034482758623,0.0031686746987951812,0.034139344262295084,0.04375,0.00226984126984127,0.003022988505747127,0.009522184300341296,0.02485960591133005,0.0049036144578313255,0.15785714285714272,0.0969642857142857,0.004504761904761905,0.004641379310344828,0.09579207920792075
1705784394,1.576599564046663,3.1659327217125486,0.18065129135354477,0.23687872763419332,3.881323821289958,0.9843213352101046,0.4459042150924991,0.08066585444690375,0.7320203419075163,0.9080251253925765,0.0001344154197311628,0.2789043148845815,0.43750206327371743,39.763266509433834,1.3157198322027812,210968576,81268736,6017024,423878656,99942400,335216640,40759296,4481024,281321472,92635136,4718592,3014656,301309952,605147136,47501312,1361158.0020387361,0,868698.0624389729,27897.473153676747,0,0,0,1663405.9264548374,13,9,8,4,10,15,6,6,3,11,1,3,6,34,16,8.267,3.6,23.2,1.067,0.8,0.8,14.6,0.015431034482758623,0.0031686746987951812,0.03411624203821656,0.04375,0.00226984126984127,0.003022988505747127,0.009522184300341296,0.02485960591133005,0.0049036144578313255,0.16435000000000002,0.0969642857142857,0.004504761904761905,0.004641379310344828,0.09579207920792075
1705784395,1.576599564046663,3.1659327217125486,0.17603220611916223,0.23687872763419332,4.668084421391525,1.017696687833508,0.43730407786398723,0.08066585444690375,0.7320203419075163,0.9080251253925765,0.0001344154197311628,0.273684210526315,0.43750206327371743,33.2758895784197,1.3157198322027812,210968576,81268736,6017024,423878656,103202816,335216640,40759296,4481024,281321472,92635136,4718592,3014656,301309952,605147136,47501312,1361158.0020387361,0,851943.5167445175,27897.473153676747,0,0,0,1663405.9264548374,13,9,8,4,9,15,6,6,3,11,1,3,6,34,16,8.267,3.6,23.2,1.067,0.8,0.8,14.6,0.015431034482758623,0.0031686746987951812,0.03411624203821656,0.04375,0.00226984126984127,0.003022988505747127,0.009522184300341296,0.02485960591133005,0.0049036144578313255,0.16435000000000002,0.0969642857142857,0.004504761904761905,0.004641379310344828,0.09579207920792075
1705784396,1.576599564046663,3.1659327217125486,0.17603220611916223,0.23687872763419332,4.668084421391525,1.0590195471431476,0.4287039406354753,0.08066585444690375,0.7320203419075163,0.9286578119538561,0.0001344154197311628,0.273684210526315,0.43750206327371743,32.613168469929136,1.3157198322027812,210968576,81268736,6017024,423878656,103202816,335290368,40759296,4481024,281321472,92626944,4718592,3014656,301309952,605147136,47501312,1361158.0020387361,0,835188.971050062,27897.473153676747,0,0,0,1663405.9264548374,13,9,8,4,9,19,6,6,3,11,1,3,6,34,16,8.267,3.6,23.2,1.067,0.8,0.8,14.6,0.015431034482758623,0.0031686746987951812,0.03411624203821656,0.04375,0.00226984126984127,0.003022988505747127,0.009522184300341296,0.02485960591133005,0.0049036144578313255,0.16435000000000002,0.0969642857142857,0.004504761904761905,0.004641379310344828,0.09579207920792075
1705784397,1.576599564046663,3.1659327217125486,0.17603220611916223,0.23687872763419332,4.668084421391525,1.0590195471431476,0.4201038034069634,0.08066585444690375,0.7320203419075163,0.9286578119538561,0.0001344154197311628,0.273684210526315,0.43750206327371743,31.95044736143857,1.315719832202781,210968576,81268736,6017024,423878656,103202816,335290368,40759296,4481024,281321472,92626944,4718592,3014656,301309952,605147136,47501312,1361158.0020387361,0,818434.4253556067,27897.473153676747,0,0,0,1663405.9264548374,13,9,8,4,9,19,6,6,3,11,1,3,6,34,16,8.267,3.6,23.2,1.067,0.8,0.8,14.6,0.015431034482758623,0.0031686746987951812,0.03411624203821656,0.04375,0.00226984126984127,0.003022988505747127,0.009522184300341296,0.02485960591133005,0.0049036144578313255,0.16435000000000002,0.0969642857142857,0.004504761904761905,0.004641379310344828,0.09579207920792075
1705784398,1.576599564046663,2.7899183882349896,0.17756438511428851,0.23687872763419332,4.668084421391525,1.0590195471431476,0.4115036661784515,0.08066585444690375,0.7320203419075163,0.7448431252988945,0.0001344154197311628,0.273684210526315,0.43750206327371743,31.287726252948012,1.315719832202781,210968576,81268736,6025216,423878656,103202816,335290368,40759296,4481024,281321472,92626944,4718592,3014656,301309952,605147136,47501312,1312855.8730842783,0,801679.8796611511,27897.473153676747,0,0,0,1663405.9264548374,13,9,8,4,9,19,6,6,3,11,1,3,6,34,16,8.267,3.6,23.2,1.067,0.8,0.8,14.6,0.015431034482758623,0.0031686746987951812,0.03411624203821656,0.04375,0.00226984126984127,0.003022988505747127,0.009522184300341296,0.02485960591133005,0.0049036144578313255,0.16435000000000002,0.0969642857142857,0.004504761904761905,0.004641379310344828,0.09579207920792075
1705784399,1.576599564046663,2.7899183882349896,0.17756438511428851,0.23687872763419332,4.318553729573953,1.0590195471431476,0.4029035289499396,0.08066585444690375,0.7320203419075163,0.760726673840262,0.0001344154197311628,0.27781934794227875,0.43750206327371743,30.625005144457447,1.315719832202781,210968576,81268736,6025216,423878656,103202816,335290368,40759296,4481024,281321472,92626944,4718592,3010560,301309952,605147136,47501312,1312855.8730842783,0,784925.3339666958,27897.473153676747,0,0,0,1663405.9264548374,13,9,8,4,9,19,6,6,3,11,1,3,6,34,16,8.267,3.6,23.2,1.067,0.8,0.8,14.6,0.015431034482758623,0.0031686746987951812,0.03411624203821656,0.04375,0.00226984126984127,0.003022988505747127,0.009522184300341296,0.02485960591133005,0.0049036144578313255,0.16435000000000002,0.0969642857142857,0.004504761904761905,0.004641379310344828,0.09579207920792075
1705784400,1.576599564046663,2.7899183882349896,0.17756438511428851,0.23687872763419332,4.318553729573953,1.0590195471431476,0.3943033917214277,0.08066585444690375,0.7320203419075163,0.7766102223816298,0.0001344154197311628,0.27781934794227875,0.43750206327371743,29.96228403596688,1.315719832202781,210968576,81268736,6025216,423878656,103202816,335290368,40759296,4481024,281321472,92626944,4718592,3010560,301309952,605147136,47501312,1312855.8730842783,0,768170.7882722403,27897.473153676747,0,0,0,1663405.9264548374,13,9,8,4,9,19,6,6,3,11,1,3,6,34,16,8.267,3.6,23.2,1.067,0.8,0.8,14.6,0.015431034482758623,0.0031686746987951812,0.03411624203821656,0.04375,0.00226984126984127,0.003022988505747127,0.009522184300341296,0.02485960591133005,0.0049036144578313255,0.16435000000000002,0.0969642857142857,0.004504761904761905,0.004641379310344828,0.09579207920792075
1705784401,1.576599564046663,2.7899183882349896,0.17756438511428851,0.23687872763419332,4.318553729573953,1.0590195471431476,0.3857032544929158,0.08066585444690375,0.7320203419075163,0.7924937709229973,0.0001344154197311628,0.27781934794227875,0.35731158092617227,29.29956292747632,1.315719832202781,210968576,81268736,6025216,423878656,103202816,335290368,40759296,4481024,281321472,92626944,4718592,3010560,301309952,605147136,47501312,1312855.8730842783,0,751416.2425777848,27897.473153676747,0,0,0,1663405.9264548374,13,9,8,4,9,19,6,6,3,11,1,3,6,34,16,8.267,3.8,23.2,1.067,0.8,0.8,14.6,0.015431034482758623,0.0031454545454545455,0.03411624203821656,0.04375,0.00226984126984127,0.003022988505747127,0.009522184300341296,0.02485960591133005,0.0048618181818181816,0.16435000000000002,0.0969642857142857,0.004504761904761905,0.004641379310344828,0.09579207920792075
1705784402,1.576599564046663,2.7899183882349896,0.17756438511428851,0.23687872763419332,4.318553729573953,1.0590195471431476,0.39016294838610843,0.08066585444690375,0.7320203419075163,0.8083773194643651,0.0001344154197311628,0.27781934794227875,0.35001987987161026,28.636841818985754,1.315719832202781,210968576,81268736,6025216,423878656,103202816,335290368,40759296,4481024,281321472,92626944,4718592,3010560,301309952,605147136,47501312,1312855.8730842783,0,817440.4517902188,27897.473153676747,0,0,0,1663405.9264548374,13,9,8,4,9,19,6,6,3,11,1,3,6,34,16,8.267,3.8,23.2,1.067,0.8,0.8,16.067,0.015431034482758623,0.0031454545454545455,0.03411624203821656,0.04375,0.00226984126984127,0.003022988505747127,0.00971631205673759,0.02485960591133005,0.0048618181818181816,0.16435000000000002,0.0969642857142857,0.004504761904761905,0.004641379310344828,0.09747524752475253
1705784403,1.576599564046663,2.7899183882349896,0.17756438511428851,0.23687872763419332,4.318553729573953,1.0590195471431476,0.38133038686106535,0.06861997758798404,0.2266093697685797,0.8242608680057328,0.0001344154197311628,0.27781934794227875,0.3427281788170484,27.974120710495185,1.315719832202781,210968576,81268736,6025216,423878656,103202816,335290368,40759296,4481024,281329664,92626944,4718592,3010560,301309952,605147136,47501312,1312855.8730842783,0,798935.1244305562,43298.99885114065,0,0,0,1663405.9264548374,13,9,8,4,9,19,6,6,3,11,1,3,6,34,16,8.267,3.8,23.2,1.067,1.467,0.8,16.067,0.015431034482758623,0.0031454545454545455,0.03411624203821656,0.04375,0.0023015873015873015,0.003022988505747127,0.00971631205673759,0.02485960591133005,0.0048618181818181816,0.16435000000000002,0.0969642857142857,0.004511111111111111,0.004641379310344828,0.09747524752475253
1705784404,1.5547025224393909,2.7899183882349896,0.17756438511428851,0.23615642458100394,4.318553729573953,1.0590195471431476,0.37249782533602227,0.06727554668053565,0.23210666174297642,0.953012912482059,0,0.27781934794227875,0.33543647776248636,27.311399602004627,1.2829647456745172,210968576,81268736,6025216,423882752,103202816,335290368,40759296,4481024,281329664,92626944,4718592,3010560,301309952,605147136,47501312,1312855.8730842783,0,780429.7970708935,44349.38453963565,0,0,0,1811682.060621829,13,9,8,4,9,19,6,6,3,11,1,3,6,34,16,8.267,3.8,23.2,1.067,1.467,1.467,16.067,0.015431034482758623,0.0031454545454545455,0.03411624203821656,0.04375,0.0023015873015873015,0.0030235294117647057,0.00971631205673759,0.02485960591133005,0.0048618181818181816,0.16435000000000002,0.0969642857142857,0.004511111111111111,0.004642352941176471,0.09747524752475253
1705784405,1.5547025224393909,2.7899183882349896,0.17756438511428851,0.236156424581004,4.318553729573953,1.0590195471431476,0.507349475037497,0.06593111577308725,0.23760395371737308,0.953012912482059,0,0.27781934794227875,0.22779932076869838,39.80683025727076,1.0849605199254164,210968576,81268736,6025216,423882752,103202816,335290368,40775680,4481024,281329664,92626944,4718592,3010560,301309952,63369216,47501312,1312855.8730842783,0,893608.8980657225,45399.77022813064,0,0,0,1532079.12926586,13,9,8,4,9,19,6,6,3,11,1,3,6,34,16,9.133,3.8,23.2,1.933,2.333,2.333,18.667,0.0152875,0.0031454545454545455,0.03411624203821656,0.04696969696969697,0.0023015873015873015,0.0030476190476190473,0.009907063197026023,0.0248575,0.0048618181818181816,0.16435000000000002,0.09903225806451613,0.004511111111111111,0.004685714285714285,0.09761682242990659
1705784406,1.5547025224393909,2.7899183882349896,0.17756438511428851,0.23559958107872125,4.318553729573953,1.0590195471431476,0.507349475037497,0.06458668486563884,0.24310124569176975,0.953012912482059,0,0.27781934794227875,0.22269817489365892,39.80683025727076,1.0635777741641748,210968576,81268736,6025216,423882752,103202816,335290368,40775680,4481024,281329664,92626944,4718592,3010560,301309952,63369216,47501312,1312855.8730842783,0,893608.8980657225,46450.155916625634,0,0,0,1501884.428255496,13,9,8,4,9,19,6,6,3,11,1,3,6,34,16,9.133,3.8,23.2,1.933,2.333,2.333,18.667,0.0152875,0.0031454545454545455,0.03411624203821656,0.04696969696969697,0.0023015873015873015,0.0030476190476190473,0.009907063197026023,0.0248575,0.0048618181818181816,0.16435000000000002,0.09903225806451613,0.004511111111111111,0.004685714285714285,0.09761682242990659
1705784407,1.5547025224393909,2.7899183882349896,0.17756438511428851,0.23559958107872125,4.318553729573953,1.0590195471431476,0.507349475037497,0.06324225395819046,0.24859853766616646,0.9457576440230206,0,0.27781934794227875,0.21759702901861946,39.80683025727076,1.0421950284029327,210968576,81268736,6025216,423882752,103202816,335290368,40775680,4481024,281329664,92643328,4718592,3010560,301309952,63369216,47501312,1312855.8730842783,0,893608.8980657225,47500.541605120634,0,0,0,1471689.7272451322,13,9,8,4,9,19,6,6,3,11,1,3,6,34,16,9.133,3.8,23.2,1.933,2.333,2.333,18.667,0.0152875,0.0031454545454545455,0.03411624203821656,0.04696969696969697,0.0023015873015873015,0.0030476190476190473,0.009907063197026023,0.0248575,0.0048618181818181816,0.16435000000000002,0.09903225806451613,0.004511111111111111,0.004685714285714285,0.09761682242990659
1705784408,1.5547025224393909,2.2408043261305886,0.17756438511428851,0.23559958107872125,4.318553729573953,1.0590195471431476,0.507349475037497,0.04450999999999983,0.25409582964056315,0.9457576440230206,0,0.2819521287612072,0.21249588314358006,39.83729849132863,1.3358917692032064,210968576,81268736,6025216,423882752,103202816,335290368,40775680,4481024,281329664,92643328,4718592,3010560,301309952,63369216,47628288,1054458.48609727,0,893608.8980657225,48550.927293615634,0,0,0,1622872.6157766895,13,9,8,4,9,19,6,6,3,11,1,3,6,34,16,8.867,4.267,24.267,2.533,2.333,2.333,20.2,0.015572429906542059,0.003105263157894737,0.03479938271604938,0.0484375,0.0023015873015873015,0.0030476190476190473,0.009883093525179855,0.02594827586206901,0.004789473684210527,0.17113402061855698,0.11200000000000036,0.004511111111111111,0.004685714285714285,0.09924757281553397
1705784409,1.5547025224393909,2.1943056863266728,0.17756438511428851,0.23559958107872125,4.318553729573953,1.1110726763893268,0.507349475037497,0.04450999999999983,0.2595931216149598,0.9457576440230206,0,0.2819521287612072,0.2073947372685406,39.83729849132863,1.3358917692032064,210968576,81268736,6025216,423882752,103202816,335265792,40775680,4481024,281329664,92643328,4718592,3010560,301309952,63369216,47628288,1032577.5548791985,0,893608.8980657225,49601.31298211062,0,0,0,1622872.6157766895,13,9,8,4,9,15,6,6,3,11,1,3,6,34,16,8.867,4.267,25.267,2.533,2.333,2.333,20.2,0.015572429906542059,0.003105263157894737,0.035448328267477194,0.0484375,0.0023015873015873015,0.0030476190476190473,0.009883093525179855,0.02594827586206901,0.004789473684210527,0.18068421052631578,0.11200000000000036,0.004511111111111111,0.004685714285714285,0.09924757281553397
1705784410,1.5547025224393909,2.4430030543872436,0.17756438511428851,0.23559958107872125,4.318553729573953,1.1110726763893268,0.507349475037497,0.0522676733595108,0.2650904135893565,0.9457576440230206,0,0.2819521287612072,0.2022935913935012,39.83729849132863,1.3358917692032064,210968576,81268736,6025216,423882752,103202816,335265792,40775680,4481024,281329664,92643328,4718592,3010560,301309952,63369216,47628288,1078261.0750923266,0,893608.8980657225,50651.69867060562,0,0,0,1622872.6157766895,13,9,8,4,9,15,6,6,3,11,1,3,6,34,16,8.867,4.267,25.267,2.533,2.333,2.333,20.2,0.015572429906542059,0.003105263157894737,0.035448328267477194,0.0484375,0.0023015873015873015,0.0030476190476190473,0.009883093525179855,0.02594827586206901,0.004789473684210527,0.18068421052631578,0.11200000000000036,0.004511111111111111,0.004685714285714285,0.09924757281553397
1705784411,1.5547025224393909,2.3906421427472484,0.1914692097383152,0.23559958107872125,3.6567473664993266,1.092685278829691,0.507349475037497,0.05106646972702352,0.27058770556375317,0.9457576440230206,0,0.2819521287612072,0.3541671088095926,39.83729849132863,1.3358917692032064,210968576,81268736,6025216,423882752,103202816,335265792,40775680,4481024,281329664,92643328,4718592,3010560,301314048,63369216,47628288,1055150.6934755847,0,893608.8980657225,51702.084359100605,0,0,0,1622872.6157766895,13,9,8,4,9,15,6,6,3,11,1,3,7,34,16,8.867,4.267,25.267,2.533,2.333,2.333,20.2,0.015572429906542059,0.003105263157894737,0.035448328267477194,0.0484375,0.0023015873015873015,0.0030476190476190473,0.009883093525179855,0.02594827586206901,0.004789473684210527,0.18068421052631578,0.11200000000000036,0.004511111111111111,0.004685714285714285,0.09924757281553397
1705784412,1.5547025224393909,2.338281231107254,0.1914692097383152,0.23559958107872125,3.5870047100945066,1.092685278829691,0.507349475037497,0.04986526609453624,0.27608499753814986,0.9457576440230206,0,0.2819521287612072,0.3541671088095926,39.83729849132863,1.3358917692032064,210968576,81268736,6025216,423882752,103202816,335265792,40775680,4481024,281329664,92643328,4718592,3010560,301314048,63369216,47628288,1032040.3118588428,0,893608.8980657225,52752.470047595605,0,0,0,1622872.6157766895,13,9,8,4,9,15,6,6,3,11,1,3,7,34,16,8.867,4.267,25.267,2.533,2.333,2.333,20.2,0.015572429906542059,0.003105263157894737,0.035448328267477194,0.0484375,0.0023015873015873015,0.0030476190476190473,0.009883093525179855,0.02594827586206901,0.004789473684210527,0.18068421052631578,0.11200000000000036,0.004511111111111111,0.004685714285714285,0.09924757281553397
1705784413,1.5547025224393909,2.285920319467259,0.18582243031549323,0.23559958107872125,4.736819065152919,1.092685278829691,0.4902899545119546,0.08431533442740992,0.3298375184638005,0.9457576440230206,0,0.2863882379777274,0.3541671088095926,39.83729849132863,1.3358917692032064,210968576,81268736,6017024,423882752,109846528,335265792,40775680,4481024,281329664,92643328,4718592,2883584,301314048,63369216,47628288,1008929.930242101,0,697395.2377322051,63023.141309699655,0,0,0,1622872.6157766895,13,9,9,4,9,15,6,6,3,11,1,3,7,34,16,8.867,4.267,25.267,2.533,2.333,2.333,20.2,0.015572429906542059,0.003105263157894737,0.035448328267477194,0.0484375,0.0023015873015873015,0.0030476190476190473,0.009883093525179855,0.02594827586206901,0.004789473684210527,0.18068421052631578,0.11200000000000036,0.004511111111111111,0.004685714285714285,0.09924757281553397
1705784414,1.5547025224393909,3.541949784822994,0.18582243031549323,0.23559958107872125,4.736819065152919,1.092685278829691,0.4902899545119546,0.08431533442740992,0.3298375184638005,0.9457576440230206,0,0.2863882379777274,0.3541671088095926,39.83729849132863,1.3358917692032064,210968576,81473536,6017024,423882752,109846528,335265792,40775680,4481024,281329664,92643328,4718592,2883584,301314048,63369216,47628288,2134763.5215501394,0,697395.2377322051,63023.141309699655,0,0,0,1622872.6157766895,13,9,9,4,9,15,6,6,3,11,1,3,7,34,16,8.867,4.267,25.267,2.533,2.333,2.333,20.2,0.015572429906542059,0.003105263157894737,0.035448328267477194,0.0484375,0.0023015873015873015,0.0030476190476190473,0.009883093525179855,0.02594827586206901,0.004789473684210527,0.18068421052631578,0.11200000000000036,0.004511111111111111,0.004685714285714285,0.09924757281553397
1705784415,1.5547025224393909,3.541949784822994,0.18582243031549323,0.23559958107872125,4.736819065152919,1.092685278829691,0.4902899545119546,0.08431533442740992,0.3298375184638005,0.9457576440230206,0,0.2863882379777274,0.3541671088095926,39.83729849132863,1.3358917692032064,210968576,81473536,6017024,423882752,109846528,335265792,40775680,4481024,281329664,92643328,4718592,2883584,301314048,63369216,47628288,2134763.5215501394,0,697395.2377322051,63023.141309699655,0,0,0,1622872.6157766895,13,9,9,4,9,15,6,6,3,11,1,3,7,34,16,8.867,4.267,25.267,2.533,2.333,2.333,20.2,0.015572429906542059,0.003105263157894737,0.035448328267477194,0.0484375,0.0023015873015873015,0.0030476190476190473,0.009883093525179855,0.02594827586206901,0.004789473684210527,0.18068421052631578,0.11200000000000036,0.004511111111111111,0.004685714285714285,0.09924757281553397
1705784416,1.5547025224393909,3.541949784822994,0.18582243031549323,0.23559958107872125,4.736819065152919,1.092685278829691,0.4908632665211357,0.08431533442740992,0.3298375184638005,0.9457576440230206,0,0.2863882379777274,0.3541671088095926,39.83729849132863,1.3358917692032064,210968576,81473536,6017024,423882752,109846528,335265792,40779776,4481024,281329664,92643328,4718592,2883584,301314048,63369216,47628288,2134763.5215501394,0,723445.1280015876,63023.141309699655,0,0,0,1622872.6157766895,13,9,9,4,9,15,6,6,3,11,1,3,7,34,16,8.867,4.267,25.267,2.533,2.333,2.333,20.2,0.015572429906542059,0.003093567251461988,0.035448328267477194,0.0484375,0.0023015873015873015,0.0030476190476190473,0.009883093525179855,0.02594827586206901,0.004768421052631579,0.18068421052631578,0.11200000000000036,0.004511111111111111,0.004685714285714285,0.09924757281553397
1705784417,1.5547025224393909,3.541949784822994,0.18582243031549323,0.23559958107872125,4.736819065152919,1.092685278829691,0.4908632665211357,0.08431533442740992,0.3298375184638005,0.9457576440230206,0,0.2863882379777274,0.3541671088095926,39.83729849132863,1.3358917692032064,210968576,81473536,6017024,423882752,109846528,335265792,40779776,4481024,281329664,92643328,4718592,2883584,301314048,63369216,47628288,2134763.5215501394,0,723445.1280015876,63023.141309699655,0,0,0,1622872.6157766895,13,9,9,4,9,15,6,6,3,11,1,3,7,34,16,8.867,4.267,25.267,2.533,2.333,2.333,21.733,0.015572429906542059,0.003093567251461988,0.035448328267477194,0.0484375,0.0023015873015873015,0.0030476190476190473,0.009518581081081083,0.02594827586206901,0.004768421052631579,0.18068421052631578,0.11200000000000036,0.004511111111111111,0.004685714285714285,0.09873762376237627
1705784418,1.5547025224393909,3.541949784822994,0.18582243031549323,0.19428324493723176,4.736819065152919,1.092685278829691,0.4908632665211357,0.08431533442740992,0.3298375184638005,0.948476416134012,0,0.2863882379777274,0.3541671088095926,39.842628964190766,1.3493945987456812,210968576,81473536,6017024,423878656,109846528,335265792,40779776,4481024,281329664,92643328,4718592,2883584,301314048,480178176,47628288,2134763.5215501394,0,723445.1280015876,63023.141309699655,0,0,0,1803435.300140791,13,9,9,4,9,15,6,6,3,11,1,3,7,34,16,8.867,4.267,25.267,2.533,2.467,2.333,21.733,0.015572429906542059,0.003093567251461988,0.035448328267477194,0.0484375,0.002258064516129032,0.0030476190476190473,0.009518581081081083,0.02594827586206901,0.004768421052631579,0.18068421052631578,0.11200000000000036,0.0045032258064516125,0.004685714285714285,0.09873762376237627
1705784419,1.5547025224393909,3.541949784822994,0.18582243031549323,0.1982181087498468,4.736819065152919,1.084807553478479,0.4908632665211357,0.08431533442740992,0.3298375184638005,0.948476416134012,0,0.2863882379777274,0.3541671088095926,39.842628964190766,1.3493945987456812,210968576,81473536,6017024,423878656,109846528,335220736,40779776,4481024,281329664,92643328,4718592,2883584,301314048,480178176,47628288,2134763.5215501394,0,723445.1280015876,63023.141309699655,0,0,0,1803435.300140791,13,9,9,4,9,16,6,6,3,11,1,3,7,34,16,8.867,4.267,25.267,2.533,2.467,2.467,21.733,0.015572429906542059,0.003093567251461988,0.035448328267477194,0.0484375,0.002258064516129032,0.003070588235294118,0.009518581081081083,0.02594827586206901,0.004768421052631579,0.18068421052631578,0.11200000000000036,0.0045032258064516125,0.0047270588235294115,0.09873762376237627
1705784420,1.5547025224393909,3.541949784822994,0.18582243031549323,0.20215297256246187,4.736819065152919,1.084807553478479,0.4908632665211357,0.08431533442740992,0.3298375184638005,0.8260808039453406,0,0.2863882379777274,0.3541671088095926,39.842628964190766,1.3493945987456812,210968576,81473536,6017024,423878656,109846528,335220736,40779776,4481024,281329664,92643328,4718592,2883584,301314048,480178176,47628288,2134763.5215501394,0,723445.1280015876,63023.141309699655,0,0,0,1803435.300140791,13,9,9,4,9,16,6,6,3,11,1,3,7,34,16,8.667,4.267,25.267,2.333,2.267,2.267,21.133,0.01566820276497696,0.003093567251461988,0.035448328267477194,0.044256756756756756,0.00226984126984127,0.0030941176470588236,0.009250814332247557,0.025862068965517272,0.004768421052631579,0.18068421052631578,0.10749999999999993,0.004504761904761905,0.004769411764705882,0.09778947368421056
1705784421,1.6801197211120882,3.541949784822994,0.18582243031549323,0.2360918287569019,4.736819065152919,1.084807553478479,0.4908632665211357,0.08431533442740992,0.2722368931560722,0.8102728636764405,0,0.2863882379777274,0.3541671088095926,39.842628964190766,1.3493945987456812,211001344,81473536,6017024,423878656,109846528,335220736,40779776,4481024,281329664,92643328,4718592,2883584,301314048,480178176,47628288,2134763.5215501394,0,723445.1280015876,52017.200065649115,0,0,0,1803435.300140791,15,9,9,4,9,16,6,6,3,11,1,3,7,34,16,8.667,4.267,25.267,2.333,2.267,2.267,21.133,0.01566820276497696,0.003093567251461988,0.035448328267477194,0.044256756756756756,0.00226984126984127,0.0030941176470588236,0.009250814332247557,0.025862068965517272,0.004768421052631579,0.18068421052631578,0.10749999999999993,0.004504761904761905,0.004769411764705882,0.09778947368421056
1705784422,1.6801197211120882,3.541949784822994,0.18582243031549323,0.2360918287569019,4.736819065152919,1.084807553478479,0.4908632665211357,0.08431533442740992,0.3496558447889139,0.7944649234075403,0,0.2863882379777274,0.3541671088095926,39.85755342118975,1.3493945987456812,211001344,81473536,6017024,423878656,109846528,335220736,40779776,4481024,281321472,92643328,4718592,2883584,301314048,480178176,47628288,2134763.5215501394,0,723445.1280015876,39933.703812030806,0,0,0,1803435.300140791,15,9,9,4,9,16,6,6,3,11,1,3,7,34,16,8.667,4.267,25.267,2.333,2.267,2.267,21.133,0.01566820276497696,0.003093567251461988,0.035448328267477194,0.044256756756756756,0.00226984126984127,0.0030941176470588236,0.009250814332247557,0.025862068965517272,0.004768421052631579,0.18068421052631578,0.10749999999999993,0.004504761904761905,0.004769411764705882,0.09778947368421056
1705784423,1.7994934828122071,3.541949784822994,0.18582243031549323,0.2360918287569019,4.736819065152919,1.084807553478479,0.4908632665211357,0.08236242169019163,0.3496558447889139,0.9205561676100782,0,0.2863882379777274,0.3541671088095926,39.85755342118975,1.3493945987456812,211001344,81473536,6017024,423878656,109846528,335220736,40779776,4481024,281321472,92631040,4718592,2883584,301314048,480178176,47628288,2134763.5215501394,0,723445.1280015876,39933.703812030806,0,0,0,1803435.300140791,15,9,9,4,9,16,6,6,3,11,1,3,7,34,16,8.267,4.133,24.6,2.133,2.267,2.267,20.067,0.016167355371900824,0.0030689655172413794,0.036596385542168666,0.04196428571428571,0.00226984126984127,0.0030941176470588236,0.009193290734824281,0.03211956521739131,0.004724137931034482,0.17793814432989674,0.11071428571428567,0.004504761904761905,0.004769411764705882,0.09706632653061227
1705784424,1.7994934828122071,3.541949784822994,0.18582243031549323,0.2360918287569019,4.933974131094641,1.084807553478479,0.4908632665211357,0.08236242169019163,0.3496558447889139,0.9205561676100782,0,0.2863882379777274,0.38254150357674216,39.85755342118975,1.3493945987456812,211001344,81473536,6017024,423878656,109846528,335220736,40779776,4481024,281321472,92631040,4718592,2883584,301314048,480178176,47628288,2134763.5215501394,0,723445.1280015876,39933.703812030806,0,0,0,1803435.300140791,15,9,9,4,9,16,6,6,3,11,1,3,7,34,16,8.267,4.133,24.333,2.133,2.267,2.267,20.067,0.016167355371900824,0.0030689655172413794,0.03728260869565217,0.04196428571428571,0.00226984126984127,0.0030941176470588236,0.009193290734824281,0.03211956521739131,0.004724137931034482,0.1733163265306121,0.11071428571428567,0.004504761904761905,0.004769411764705882,0.09706632653061227
1705784425,1.7994934828122071,3.4194652462820505,0.18582243031549323,0.2360918287569019,4.933974131094641,1.084807553478479,0.4861343012704164,0.08145696680580389,0.3496558447889139,0.9205561676100782,0,0.24412900048795547,0.38254150357674216,39.85755342118975,1.3493945987456812,211001344,81375232,6017024,423878656,109846528,335220736,40779776,4489216,281321472,92631040,4718592,2883584,301314048,480178176,47628288,2044903.8427732657,0,709066.0337847271,39933.703812030806,0,0,0,1803435.300140791,15,9,9,4,9,16,6,6,3,11,1,3,7,34,16,8.267,4.133,24.333,2.133,2.267,2.267,20.067,0.016167355371900824,0.0030689655172413794,0.03728260869565217,0.04196428571428571,0.00226984126984127,0.0030941176470588236,0.009193290734824281,0.03211956521739131,0.004724137931034482,0.1733163265306121,0.11071428571428567,0.004504761904761905,0.004769411764705882,0.09706632653061227
1705784426,1.7994934828122071,3.4194652462820505,0.18582243031549323,0.2360918287569019,4.995064102564057,0.9393920367031307,0.4861343012704164,0.08145696680580389,0.3496558447889139,0.9205561676100782,0,0.2915161682950107,0.38254150357674216,39.85755342118975,1.3493945987456812,211001344,81375232,6017024,423878656,110866432,335220736,40779776,4489216,281321472,92631040,4718592,2883584,301314048,480178176,47628288,2044903.8427732657,0,709066.0337847271,39933.703812030806,0,0,0,1803435.300140791,15,9,9,4,9,16,6,6,3,11,1,3,7,34,16,8.267,4.133,24.333,2.133,2.267,2.267,20.067,0.016167355371900824,0.0030689655172413794,0.03728260869565217,0.04196428571428571,0.00226984126984127,0.0030941176470588236,0.009193290734824281,0.03211956521739131,0.004724137931034482,0.1733163265306121,0.11071428571428567,0.004504761904761905,0.004769411764705882,0.09706632653061227
1705784427,1.7994934828122071,3.4194652462820505,0.18925117343444572,0.2360918287569019,4.995064102564057,0.9591468768630197,0.4861343012704164,0.08145696680580389,0.3496558447889139,0.9205561676100782,0,0.2915161682950107,0.49603070175439157,39.85755342118975,1.3549643369082789,211001344,81375232,6029312,423878656,110866432,335220736,40779776,4489216,281321472,92631040,4718592,2883584,301350912,480178176,47693824,2044903.8427732657,0,709066.0337847271,39933.703812030806,0,0,0,1634070.77353505,15,9,9,4,9,16,6,6,3,11,1,3,7,34,16,8.267,4.133,24.333,2.133,2.267,2.267,20.067,0.016167355371900824,0.0030689655172413794,0.03728260869565217,0.04196428571428571,0.00226984126984127,0.0030941176470588236,0.009193290734824281,0.03211956521739131,0.004724137931034482,0.1733163265306121,0.11071428571428567,0.004504761904761905,0.004769411764705882,0.09706632653061227
1705784428,1.7994934828122071,3.5643220112329574,0.18456139583697792,0.2360918287569019,4.995064102564057,0.978901717022909,0.5134651990399729,0.08145696680580389,0.3496558447889139,0.9205561676100782,0,0.2915161682950107,0.49603070175439157,39.85755342118975,1.3549643369082789,211001344,81375232,6029312,423878656,110866432,335220736,40824832,4489216,281321472,92631040,4718592,2883584,301350912,480178176,47693824,2388146.563252207,0,1059339.5679880823,39933.703812030806,0,0,0,1634070.77353505,15,9,9,4,9,16,6,6,3,11,1,3,7,34,16,8.267,4.133,24.333,2.133,2.267,2.267,20.067,0.016167355371900824,0.0030689655172413794,0.03728260869565217,0.04196428571428571,0.00226984126984127,0.0030941176470588236,0.009193290734824281,0.03211956521739131,0.004724137931034482,0.1733163265306121,0.11071428571428567,0.004504761904761905,0.004769411764705882,0.09706632653061227
1705784429,1.7994934828122071,3.5643220112329574,0.18456139583697792,0.2360918287569019,4.995064102564057,0.9986565571827982,0.5134651990399729,0.08145696680580389,0.3496558447889139,0.9205561676100782,0,0.2915161682950107,0.49603070175439157,39.85755342118975,1.3934205031840543,211001344,81375232,6029312,423878656,110866432,335220736,40824832,4489216,281321472,92631040,4718592,2883584,301350912,480178176,47693824,2388146.563252207,0,1059339.5679880823,39933.703812030806,0,0,0,1304186.2407349409,15,9,9,4,9,16,6,6,3,11,1,3,7,34,16,8.267,4.133,24.333,2.133,2.267,2.267,20.067,0.016167355371900824,0.0030689655172413794,0.03728260869565217,0.04196428571428571,0.00226984126984127,0.0030941176470588236,0.009193290734824281,0.03211956521739131,0.004724137931034482,0.1733163265306121,0.11071428571428567,0.004504761904761905,0.004769411764705882,0.09706632653061227
1705784430,1.7994934828122071,3.5643220112329574,0.18456139583697792,0.2360918287569019,4.995064102564057,1.0184113973426876,0.5134651990399729,0.08145696680580389,0.37213217848668007,0.9204085995961614,0,0.24463915378247175,0.49603070175439157,39.85755342118975,1.3934205031840543,211001344,81375232,6029312,423878656,110866432,335220736,40824832,4489216,281321472,92631040,4718592,2883584,301350912,480178176,47693824,2388146.563252207,0,1059339.5679880823,23417.088300031446,0,0,0,1304186.2407349409,15,9,9,4,9,16,6,6,3,11,1,3,7,34,16,8.267,4.133,24.333,2.133,2.267,2.267,20.067,0.016167355371900824,0.0030689655172413794,0.03728260869565217,0.04196428571428571,0.00226984126984127,0.0030941176470588236,0.009193290734824281,0.03211956521739131,0.004724137931034482,0.1733163265306121,0.11071428571428567,0.004504761904761905,0.004769411764705882,0.09706632653061227
1705784431,1.7994934828122071,3.5643220112329574,0.18456139583697792,0.2360918287569019,4.995064102564057,0.8983711111111207,0.5134651990399729,0.08145696680580389,0.37213217848668007,0.9204085995961614,0,0.23978055097755493,0.49603070175439157,39.85755342118975,1.3934205031840543,211001344,81375232,6029312,423878656,110866432,335220736,40824832,4489216,281321472,92631040,4718592,2883584,301350912,480178176,47693824,2388146.563252207,0,1059339.5679880823,23417.088300031446,0,0,0,1304186.2407349409,15,9,9,4,9,16,6,6,3,11,1,3,7,34,16,8.267,4.2,24.333,2.133,2.267,2.267,20.067,0.016167355371900824,0.003054945054945055,0.03728260869565217,0.04196428571428571,0.00226984126984127,0.0030941176470588236,0.009193290734824281,0.03211956521739131,0.004698901098901098,0.1733163265306121,0.11071428571428567,0.004504761904761905,0.004769411764705882,0.09706632653061227
1705784432,1.7994934828122071,3.5643220112329574,0.18456139583697792,0.2360918287569019,4.995064102564057,1.0257404430420063,0.5134651990399729,0.08145696680580389,0.37213217848668007,0.9204085995961614,0,0.2858999057261144,0.49603070175439157,39.86388795580949,1.3934205031840543,211001344,81375232,6029312,423878656,110866432,335220736,40824832,4489216,281321472,92631040,4718592,2879488,301350912,825524224,47693824,2388146.563252207,0,1059339.5679880823,23417.088300031446,0,0,0,1304186.2407349409,15,9,9,4,9,16,6,6,3,11,1,3,7,34,16,8.267,4.2,24.333,2.133,2.267,2.267,17.933,0.016167355371900824,0.003054945054945055,0.03728260869565217,0.04196428571428571,0.00226984126984127,0.0030941176470588236,0.008901869158878504,0.03211956521739131,0.004698901098901098,0.1733163265306121,0.11071428571428567,0.004504761904761905,0.004769411764705882,0.0950263157894737
1705784433,1.7994934828122071,3.5643220112329574,0.18456139583697792,0.2360918287569019,4.995064102564057,1.0059856028821172,0.5134651990399729,0.08145696680580389,0.37213217848668007,0.9204085995961614,0,0.2858999057261144,0.49603070175439157,39.86388795580949,1.3934205031840543,211001344,81375232,6029312,423878656,110866432,335220736,40824832,4489216,281321472,92631040,4718592,2879488,301350912,825524224,47693824,2388146.563252207,0,1059339.5679880823,23417.088300031446,0,0,0,1304186.2407349409,15,9,9,4,9,16,6,6,3,11,1,3,7,34,16,8.267,4.2,24.333,2.133,2.267,2.267,17.933,0.016167355371900824,0.003054945054945055,0.03728260869565217,0.04196428571428571,0.002436619718309859,0.0030941176470588236,0.008901869158878504,0.03211956521739131,0.004698901098901098,0.1733163265306121,0.11071428571428567,0.004532394366197183,0.004769411764705882,0.0950263157894737
1705784434,1.7994934828122071,3.5643220112329574,0.18456139583697795,0.20029965170672015,4.995064102564057,0.9862307627222279,0.5134651990399729,0.08145696680580389,0.3953098016090245,0.9204085995961614,0,0.2858999057261144,0.49603070175439157,39.86388795580949,1.3934205031840543,211001344,81375232,6029312,423878656,110866432,335220736,40824832,4489216,281321472,92631040,4718592,2879488,301350912,825524224,47693824,2388146.563252207,0,1059339.5679880823,34505.707425971945,0,0,0,1304186.2407349409,15,9,9,4,9,16,6,6,3,11,1,3,7,34,16,8.267,4.2,24.333,2.133,2.267,2.333,17.933,0.016167355371900824,0.003054945054945055,0.03728260869565217,0.04196428571428571,0.002436619718309859,0.0030898876404494386,0.008901869158878504,0.03211956521739131,0.004698901098901098,0.1733163265306121,0.11071428571428567,0.004532394366197183,0.0047617977528089895,0.0950263157894737
1705784435,1.7994934828122071,3.5643220112329574,0.18456139583697795,0.2316790439607354,4.995064102564057,0.9664759225623388,0.5134651990399729,0.10033476704027805,0.3953098016090245,0.9204085995961614,0,0.2858999057261144,0.49603070175439157,39.86388795580949,1.3934205031840543,211001344,81375232,6029312,423878656,110866432,335220736,40824832,4489216,281321472,92631040,4718592,2879488,301350912,825524224,47693824,2388146.563252207,0,1059339.5679880823,34505.707425971945,0,0,0,1304186.2407349409,15,9,9,4,9,16,6,6,3,11,1,3,7,34,16,8.533,4.2,24.333,2.4,2.533,2.6,18.733,0.01601239669421487,0.003054945054945055,0.03728260869565217,0.041477272727272724,0.0024545454545454545,0.0031075268817204295,0.008795731707317072,0.0318478260869565,0.004698901098901098,0.1733163265306121,0.09772727272727273,0.004490909090909091,0.004793548387096774,0.09442708333333334
1705784436,1.7994934828122071,3.5643220112329574,0.18456139583697795,0.23463581009934634,4.995064102564057,1.2054524406714264,0.5134651990399729,0.10033476704027805,0.3953098016090245,0.9204085995961614,0,0.2858999057261144,0.49603070175439157,39.86388795580949,1.3934205031840543,211001344,81375232,6029312,423878656,110866432,335233024,40824832,4489216,281321472,92631040,4718592,2879488,301350912,825524224,47693824,2388146.563252207,0,1059339.5679880823,34505.707425971945,0,0,0,1304186.2407349409,15,9,9,4,9,20,6,6,3,11,1,3,7,34,16,8.533,4.2,24.333,2.4,2.533,2.6,18.733,0.01601239669421487,0.003054945054945055,0.03728260869565217,0.041477272727272724,0.0024545454545454545,0.0031075268817204295,0.008795731707317072,0.0318478260869565,0.004698901098901098,0.1733163265306121,0.09772727272727273,0.004490909090909091,0.004793548387096774,0.09442708333333334
1705784437,1.7994934828122071,3.5643220112329574,0.18456139583697795,0.23463581009934634,4.496842312208771,1.2054524406714264,0.5134651990399729,0.10033476704027805,0.3953098016090245,0.9204085995961614,0,0.2858999057261144,0.49603070175439157,39.86388795580949,1.3934205031840543,211001344,81375232,6029312,423878656,110866432,335233024,40824832,4489216,281321472,92631040,4718592,2879488,301350912,825524224,47693824,2388146.563252207,0,1059339.5679880823,34505.707425971945,0,0,0,1304186.2407349409,15,9,9,4,9,20,6,6,3,11,1,3,7,34,16,8.533,4.2,24.333,2.4,2.533,2.6,18.733,0.01601239669421487,0.003054945054945055,0.03728260869565217,0.041477272727272724,0.0024545454545454545,0.0031075268817204295,0.008795731707317072,0.0318478260869565,0.004698901098901098,0.1733163265306121,0.09772727272727273,0.004490909090909091,0.004793548387096774,0.09442708333333334
1705784438,1.7994934828122071,3.360856761972977,0.18456139583697795,0.23463581009934634,5.374765460463276,1.2054524406714264,0.5134651990399729,0.10033476704027805,0.3953098016090245,0.7911499952356528,0,0.2858999057261144,0.49603070175439157,26.88472169724513,1.3934205031840543,211001344,81391616,6029312,423878656,110866432,335233024,40824832,4489216,281321472,92631040,4718592,2879488,301350912,825524224,47693824,2078194.9501581807,0,1059339.5679880823,34505.707425971945,0,0,0,1304186.2407349409,15,9,9,4,9,20,6,6,3,11,1,3,7,34,16,7.2,4.267,25.067,2.6,2.533,2.6,18.8,0.015625,0.003043478260869565,0.03720326409495549,0.04113636363636364,0.0024545454545454545,0.0031075268817204295,0.008818840579710144,0.03092391304347825,0.004678260869565217,0.16579207920792077,0.09340000000000004,0.004490909090909091,0.004793548387096774,0.0936666666666667
1705784439,1.6554121863799578,3.360856761972977,0.18456139583697795,0.23463581009934634,5.374765460463276,1.2054524406714264,0.5134651990399729,0.10033476704027805,0.3953098016090245,0.77580985190905,0,0.2858999057261144,0.49603070175439157,27.54923931937317,1.3934205031840543,211017728,81391616,6029312,423878656,110866432,335233024,40824832,4489216,281321472,92631040,4718592,2879488,301350912,825524224,47693824,2078194.9501581807,0,1059339.5679880823,34505.707425971945,0,0,0,1304186.2407349409,15,9,9,4,9,20,6,6,3,11,1,3,7,34,16,7.2,4.267,24.533,2.6,2.533,2.6,18.8,0.015625,0.003043478260869565,0.037014925373134326,0.04113636363636364,0.0024545454545454545,0.0031075268817204295,0.008818840579710144,0.03092391304347825,0.004678260869565217,0.15942307692307717,0.09340000000000004,0.004490909090909091,0.004793548387096774,0.0936666666666667
1705784440,1.6554121863799578,3.360856761972977,0.17761481002535393,0.23463581009934634,5.374765460463276,1.2054524406714264,0.3779521268466665,0.10033476704027805,0.3953098016090245,0.7604697085824474,0,0.2858999057261144,0.49603070175439157,28.21375694150121,1.4011509803921602,211017728,81391616,6021120,423878656,110866432,335233024,40824832,4489216,281321472,92631040,4718592,2879488,301350912,825524224,47706112,2078194.9501581807,0,1024260.8252674477,34505.707425971945,0,0,0,1622337.254901961,15,9,9,4,9,20,6,6,3,11,1,3,7,34,16,7.2,4.267,24.533,2.6,2.533,2.6,18.8,0.015625,0.003043478260869565,0.037014925373134326,0.04113636363636364,0.0024545454545454545,0.0031075268817204295,0.008818840579710144,0.03092391304347825,0.004678260869565217,0.15942307692307717,0.09340000000000004,0.004490909090909091,0.004793548387096774,0.0936666666666667
1705784441,1.6554121863799578,3.360856761972977,0.17761481002535393,0.23463581009934634,5.374765460463276,1.2054524406714264,0.3211775000000028,0.10033476704027805,0.3953098016090245,0.7137996181148233,0,0.2858999057261144,0.35135457703404305,28.87827456362924,1.4011509803921602,211017728,81391616,6021120,423878656,110866432,335233024,40824832,4489216,281321472,92631040,4718592,2879488,301346816,825524224,47706112,2078194.9501581807,0,870400,34505.707425971945,0,0,0,1622337.254901961,15,9,9,4,9,20,6,6,3,11,1,3,7,34,16,7.2,4.267,24.533,2.6,2.533,2.6,18.8,0.015625,0.003043478260869565,0.037014925373134326,0.04113636363636364,0.0024545454545454545,0.0031075268817204295,0.008818840579710144,0.03092391304347825,0.004678260869565217,0.15942307692307717,0.09340000000000004,0.004490909090909091,0.004793548387096774,0.0936666666666667
1705784442,1.6554121863799578,3.360856761972977,0.15070927344956062,0.23463581009934634,5.374765460463276,1.2054524406714264,0.3211775000000028,0.10033476704027805,0.3953098016090245,0.9114747113213134,0.0000892642565317462,0.2858999057261144,0.36063561506596675,29.542792185757282,1.4011509803921602,211017728,81391616,6021120,423878656,110866432,335233024,40824832,4489216,281321472,92639232,4718592,2879488,301346816,825524224,47706112,2078194.9501581807,0,870400,34505.707425971945,0,0,0,1622337.254901961,15,9,9,4,9,20,6,6,3,11,1,3,7,34,16,7.2,4.267,24.533,2.6,2.533,2.6,18.8,0.015625,0.003043478260869565,0.037014925373134326,0.04113636363636364,0.0024545454545454545,0.0031075268817204295,0.008818840579710144,0.03092391304347825,0.004678260869565217,0.15942307692307717,0.09340000000000004,0.004490909090909091,0.004793548387096774,0.0936666666666667
1705784443,1.6554121863799578,3.360856761972977,0.17650670965906434,0.23463581009934634,5.374765460463276,1.2054524406714264,0.39404918176706843,0.10033476704027805,0.3953098016090245,0.9114747113213134,0.0000892642565317462,0.2854809713885219,0.36991665309789046,30.207309807885323,1.4011509803921602,211017728,81391616,6021120,423878656,110866432,335233024,40837120,4489216,281321472,92639232,4718592,2879488,301346816,825524224,47706112,2078194.9501581807,0,866987.3789649417,34505.707425971945,0,0,0,1622337.254901961,15,9,9,4,9,20,6,6,3,11,1,3,7,34,16,7.2,4.267,24.533,2.6,2.533,2.6,18.8,0.015625,0.003043478260869565,0.037014925373134326,0.04113636363636364,0.0024545454545454545,0.0031075268817204295,0.008818840579710144,0.03092391304347825,0.004678260869565217,0.15942307692307717,0.09340000000000004,0.004490909090909091,0.004793548387096774,0.0936666666666667
1705784444,1.6554121863799578,3.360856761972977,0.17650670965906434,0.23463581009934634,4.461727177867077,1.2054524406714264,0.40279022586834834,0.10033476704027805,0.3953098016090245,0.9114747113213134,0.00014033646116519972,0.2854809713885219,0.37919769112981416,30.871827430013365,1.4011509803921602,211017728,81391616,6021120,423878656,110866432,335233024,40837120,4489216,281321472,92639232,4718592,2879488,301346816,825524224,47706112,2078194.9501581807,0,886219.4323873121,34505.707425971945,0,0,0,1622337.254901961,15,9,9,4,9,20,6,6,3,11,1,3,7,34,16,7.2,4.267,24.533,2.6,2.533,2.6,18.8,0.015625,0.003043478260869565,0.037014925373134326,0.04113636363636364,0.0024545454545454545,0.0031075268817204295,0.008818840579710144,0.03092391304347825,0.004678260869565217,0.15942307692307717,0.09340000000000004,0.004490909090909091,0.004793548387096774,0.0936666666666667
1705784445,1.6554121863799578,3.360856761972977,0.17650670965906434,0.23463581009934634,5.133446218351844,1.2135320929536895,0.4115312699696284,0.10033476704027805,0.3953098016090245,0.9114747113213134,0.00014413663071122587,0.2854809713885219,0.38847872916173787,31.5363450521414,1.4011509803921602,211017728,81391616,6021120,423878656,98422784,335233024,40837120,4489216,281321472,92639232,4718592,2879488,301346816,825524224,47706112,2078194.9501581807,0,905451.4858096828,34505.707425971945,0,0,0,1622337.254901961,15,9,9,4,10,20,6,6,3,11,1,3,7,34,16,7.2,4.267,24.533,2.6,2.533,2.6,18.8,0.015625,0.003043478260869565,0.037014925373134326,0.04113636363636364,0.0024545454545454545,0.0031075268817204295,0.008818840579710144,0.03092391304347825,0.004678260869565217,0.15942307692307717,0.09340000000000004,0.004490909090909091,0.004793548387096774,0.0936666666666667
1705784446,1.6554121863799578,3.360856761972977,0.17650670965906434,0.23463581009934634,5.133446218351844,1.2135320929536895,0.42027231407090837,0.10033476704027805,0.3953098016090245,0.9114747113213134,0.00014793680025725203,0.2854809713885219,0.3977597671936615,26.81129249999998,1.4011509803921602,211017728,81391616,6021120,423878656,98422784,335233024,40837120,4489216,281321472,92639232,4718592,2879488,301346816,825524224,47706112,2078194.9501581807,0,924683.5392320534,34505.707425971945,0,0,0,1622337.254901961,15,9,9,4,10,20,6,6,3,11,1,3,7,34,16,7.2,3.867,24.533,2.6,2.533,2.6,18.8,0.015625,0.003044198895027624,0.037014925373134326,0.04113636363636364,0.0024545454545454545,0.0031075268817204295,0.008818840579710144,0.03092391304347825,0.004679558011049723,0.15942307692307717,0.09340000000000004,0.004490909090909091,0.004793548387096774,0.0936666666666667
1705784447,1.6554121863799578,1.8455037726815295,0.17650670965906434,0.23463581009934634,5.133446218351844,1.2135320929536895,0.4290133581721882,0.10033476704027805,0.4143920992073627,0.9114747113213134,0.00015173696980327818,0.283203124999999,0.4070408052255853,33.126907526151925,1.4011509803921602,211017728,81391616,6021120,423878656,98422784,335233024,40837120,4489216,281321472,92639232,4718592,2879488,301346816,528465920,47706112,911023.5150690369,0,943915.5926544239,26182.5620046024,0,0,0,1622337.254901961,15,9,9,4,10,20,6,6,3,11,1,3,7,34,16,7.2,3.867,24.533,2.6,2.533,2.6,18.4,0.015625,0.003044198895027624,0.037014925373134326,0.04113636363636364,0.0024545454545454545,0.0031075268817204295,0.00866096866096866,0.03092391304347825,0.004679558011049723,0.15942307692307717,0.09340000000000004,0.004490909090909091,0.004793548387096774,0.09292553191489361
1705784448,1.6554121863799578,1.892553544448704,0.17650670965906434,0.23463581009934634,5.133446218351844,1.2135320929536895,0.43775440227346835,0.05757500000000082,0.4143920992073627,0.9114747113213134,0.0001555371393493043,0.283203124999999,0.4163218432575088,33.7921309619441,1.4011509803921602,211017728,81391616,6021120,423878656,98422784,335233024,40837120,4489216,281321472,92639232,4718592,2879488,301346816,528465920,47706112,934249.3946868532,0,963147.6460767946,26182.5620046024,0,0,0,1622337.254901961,15,9,9,4,10,20,6,6,3,11,1,3,7,34,16,7.2,3.867,24.533,2.6,2.067,2.6,18.4,0.015625,0.003044198895027624,0.037014925373134326,0.04113636363636364,0.0023866666666666667,0.0031075268817204295,0.00866096866096866,0.03092391304347825,0.004679558011049723,0.15942307692307717,0.09340000000000004,0.004477333333333334,0.004793548387096774,0.09292553191489361
1705784449,1.6554121863799578,1.9396033162158786,0.17650670965906434,0.23463581009934634,5.133446218351844,1.2135320929536895,0.4464954463747483,0.05757500000000082,0.4143920992073627,0.9114747113213134,0.00015933730889533044,0.283203124999999,0.4256028812894326,39.91340614753118,1.1431386939280495,211017728,81391616,6021120,423878656,98422784,335233024,40837120,4489216,281321472,92639232,4718592,2879488,301346816,528465920,47706112,957475.2743046696,0,982379.6994991653,26182.5620046024,0,0,0,1485567.842987966,15,9,9,4,10,20,6,6,3,11,1,3,7,34,16,7.2,3.867,24.533,2.6,2.067,2,18.4,0.015625,0.003044198895027624,0.037014925373134326,0.04113636363636364,0.0023866666666666667,0.0031075268817204295,0.00866096866096866,0.03092391304347825,0.004679558011049723,0.15942307692307717,0.09340000000000004,0.004477333333333334,0.004793548387096774,0.09292553191489361
1705784450,1.6554121863799578,1.9866530879830528,0.17650670965906434,0.23463581009934634,5.133446218351844,1.2135320929536895,0.45523649047602827,0.05757500000000082,0.4143920992073627,0.9114747113213134,0.00016313747844135662,0.283203124999999,0.43488391932135634,39.91340614753118,1.1663028332593102,211017728,81391616,6021120,423878656,98422784,335233024,40837120,4489216,281321472,92639232,4718592,2879488,301346816,528465920,47706112,980701.1539224859,0,1001611.7529215359,26182.5620046024,0,0,0,1515670.8398367276,15,9,9,4,10,20,6,6,3,11,1,3,7,34,16,6.467,3.867,24.533,1.867,1.333,1.267,16.2,0.015625,0.003044198895027624,0.037014925373134326,0.03931818181818182,0.0023866666666666667,0.0031304347826086954,0.00853994490358127,0.03092391304347825,0.004679558011049723,0.15942307692307717,0.09022727272727278,0.004477333333333334,0.004834782608695651,0.09244318181818181
1705784451,0.9341756810357984,1.6594925000000063,0.17650670965906434,0.23506058932458562,5.133446218351844,1.0447196660563902,0.5244626460767986,0.05757500000000082,0.34883526911275786,0.9114747113213134,0.00016693764798738275,0.283203124999999,0.44416495735328,39.91340614753118,1.3898483598756417,211017728,81391616,6021120,423878656,98422784,335233024,40837120,4489216,281321472,92639232,4718592,2879488,301346816,528465920,47706112,819200,0,1153923.2053422371,22040.480695474304,0,0,0,1806179.810925703,15,9,9,4,10,20,6,6,3,11,1,3,7,34,16,6.467,3.867,24.533,1.867,1.333,1.267,16.2,0.015625,0.003044198895027624,0.037014925373134326,0.03931818181818182,0.0023866666666666667,0.0031304347826086954,0.00853994490358127,0.03092391304347825,0.004679558011049723,0.15942307692307717,0.09022727272727278,0.004477333333333334,0.004834782608695651,0.09244318181818181
1705784452,0.9577743189642527,1.6594925000000063,0.17650670965906434,0.19561056650206488,5.133446218351844,1.0794827033381926,0.5244626460767986,0.05757500000000082,0.8396080760095086,0.9114747113213134,0.00017073781753340893,0.283203124999999,0.4534459953852037,39.91340614753118,1.3898483598756417,211017728,81391616,6021120,423878656,98422784,335216640,40837120,4489216,281473024,92639232,4718592,2879488,301346816,528465920,47706112,819200,0,1153923.2053422371,16774.510606929314,0,0,0,1806179.810925703,15,9,9,4,10,16,6,6,3,11,1,3,7,34,16,6.467,3.867,24.533,1.867,1.333,1.267,16.2,0.015625,0.003044198895027624,0.037014925373134326,0.03931818181818182,0.0023866666666666667,0.0031304347826086954,0.00853994490358127,0.03092391304347825,0.004679558011049723,0.15942307692307717,0.09022727272727278,0.004477333333333334,0.004834782608695651,0.09244318181818181
1705784453,0.9813729568927072,2.225708698434594,0.17650670965906434,0.19169289001332177,5.133446218351844,1.0794827033381926,0.5244626460767986,0.05757500000000082,0.8396080760095086,0.9114747113213134,0.0001745379870794351,0.283203124999999,0.46272703341712734,39.91340614753118,1.3898483598756417,211017728,81539072,6021120,423878656,98422784,335216640,40837120,4489216,281473024,92639232,4718592,2879488,301346816,528465920,47706112,1691055.173171818,0,1153923.2053422371,16774.510606929314,0,0,0,1806179.810925703,15,9,9,4,10,16,6,6,3,11,1,3,7,34,16,6.467,3.533,23.6,1.133,1.333,1.267,14.333,0.015598086124401913,0.003056497175141243,0.03606811145510836,0.03818181818181818,0.0023866666666666667,0.0031304347826086954,0.008482658959537573,0.029024390243902454,0.004701694915254238,0.153265306122449,0.0864705882352941,0.004477333333333334,0.004834782608695651,0.09294797687861274
1705784454,1.0382130806245133,2.2743598412471107,0.17650670965906434,0.18777521352457865,5.133446218351844,1.0794827033381926,0.5244626460767986,0.0711863238426494,0.8396080760095086,0.9114747113213134,0.000228010172761569,0.283203124999999,0.4720080714490511,39.91340614753118,1.3898483598756417,211181568,81539072,6021120,423878656,98422784,335216640,40837120,4489216,281473024,92639232,4718592,2879488,301346816,528465920,47706112,1728019.4743814466,0,1153923.2053422371,16774.510606929314,0,0,0,1806179.810925703,13,9,9,4,10,16,6,6,3,11,1,3,7,34,16,6.467,3.533,24.067,1.133,1.333,1.267,14.333,0.015598086124401913,0.003056497175141243,0.0348496835443038,0.03818181818181818,0.0023866666666666667,0.0031304347826086954,0.008482658959537573,0.029024390243902454,0.004701694915254238,0.13873626373626374,0.0864705882352941,0.004477333333333334,0.004834782608695651,0.09294797687861274
1705784455,1.0628920425766635,2.3230109840596267,0.17650670965906434,0.1838575370358356,4.111919752313812,1.0794827033381926,0.5244626460767986,0.07266112769284759,0.8396080760095086,0.9114747113213134,0.000228010172761569,0.283203124999999,0.5568622819154214,39.91340614753118,1.3898483598756417,211181568,81539072,6021120,423878656,98422784,335216640,40837120,4489216,281473024,92639232,4718592,2879488,301346816,528465920,47706112,1764983.775591075,0,1153923.2053422371,16774.510606929314,0,0,0,1806179.810925703,13,9,9,4,10,16,6,6,3,11,1,3,7,34,16,6.467,3.533,24.067,1.133,1.333,1.267,14.333,0.015598086124401913,0.003056497175141243,0.0348496835443038,0.03818181818181818,0.0023866666666666667,0.0031304347826086954,0.008482658959537573,0.029024390243902454,0.004701694915254238,0.13873626373626374,0.0864705882352941,0.004477333333333334,0.004834782608695651,0.09294797687861274
1705784456,1.0875710045288136,2.3716621268721427,0.15005031506683347,0.17993986054709246,4.016030005874486,1.016909634293787,0.5244626460767986,0.07413593154304579,0.8396080760095086,0.9083811228914165,0.000228010172761569,0.283203124999999,0.5568622819154214,39.91340614753118,1.3542915174738763,211181568,81539072,6021120,423878656,98942976,335216640,40837120,4489216,281473024,92639232,4718592,2879488,301346816,528465920,47788032,1801948.0768007033,0,1153923.2053422371,16774.510606929314,0,0,0,1681043.6166425864,13,9,9,4,8,16,6,6,3,11,1,3,7,34,16,6.467,3.533,24.067,1.133,1.333,1.267,14.333,0.015598086124401913,0.003056497175141243,0.0348496835443038,0.03818181818181818,0.0023866666666666667,0.0031304347826086954,0.008482658959537573,0.029024390243902454,0.004701694915254238,0.13873626373626374,0.0864705882352941,0.004477333333333334,0.004834782608695651,0.09294797687861274
1705784457,1.1122499664809635,2.4203132696846588,0.1471085365725157,0.17602218405834935,4.765355718393415,1.016909634293787,0.4548344024473694,0.07561073539324395,0.8396080760095086,0.9016850806772109,0.000228010172761569,0.283203124999999,0.7011252520434496,39.91340614753118,1.3542915174738763,211181568,81539072,6021120,423878656,98942976,335216640,40837120,4489216,281473024,92639232,4718592,2879488,301404160,528465920,47788032,1838912.3780103317,0,1000727.0784641069,16774.510606929314,0,0,0,1681043.6166425864,13,9,9,4,8,16,6,6,3,11,1,3,6,34,16,6.467,3.533,24.067,1.133,1.333,1.267,14.333,0.015598086124401913,0.003056497175141243,0.0348496835443038,0.03818181818181818,0.0023866666666666667,0.0031304347826086954,0.008482658959537573,0.029024390243902454,0.004701694915254238,0.13873626373626374,0.0864705882352941,0.004477333333333334,0.004834782608695651,0.09294797687861274
1705784458,1.1369289284331137,2.4689644124971752,0.17979771093958125,0.1721045075696063,4.765355718393415,1.016909634293787,0.44609335834608943,0.08848823101189113,0.8396080760095086,0.9016850806772109,0.000228010172761569,0.283203124999999,0.7011252520434496,39.91340614753118,1.3542915174738763,211181568,81539072,6029312,423878656,98942976,335216640,40837120,4489216,281473024,92639232,4718592,2879488,301404160,528465920,47788032,1875876.6792199602,0,981495.0250417363,16774.510606929314,0,0,0,1681043.6166425864,13,9,9,4,8,16,6,6,3,11,1,3,6,34,16,6.467,3.533,24.067,1.133,1.333,1.267,14.333,0.015598086124401913,0.003056497175141243,0.0348496835443038,0.03818181818181818,0.0023866666666666667,0.0031304347826086954,0.008482658959537573,0.029024390243902454,0.004701694915254238,0.13873626373626374,0.0864705882352941,0.004477333333333334,0.004834782608695651,0.09294797687861274
1705784459,1.1616078903852638,2.5176155553096913,0.17979771093958125,0.16818683108086319,4.765355718393415,1.016909634293787,0.4373523142448094,0.08848823101189113,0.8396080760095086,0.9016850806772109,0.00013018877372190533,0.2774352179034171,0.7011252520434496,39.91340614753118,1.3542915174738763,211181568,81539072,6029312,423878656,98942976,335216640,40837120,4489216,281473024,92639232,4718592,2879488,301404160,528465920,47788032,1912840.980429589,0,962262.9716193655,16774.510606929318,0,0,0,1681043.6166425864,13,9,9,4,8,16,6,6,3,11,1,3,6,34,16,6.467,3.533,24.067,1.133,1.333,1.267,14.333,0.015598086124401913,0.003056497175141243,0.0348496835443038,0.03818181818181818,0.0023866666666666667,0.0031304347826086954,0.008482658959537573,0.029024390243902454,0.004701694915254238,0.13873626373626374,0.0864705882352941,0.004477333333333334,0.004834782608695651,0.09294797687861274
1705784460,1.1862868523374137,2.919068568750971,0.17979771093958125,0.1642691545921201,4.765355718393415,1.016909634293787,0.42861127014352945,0.08848823101189113,0.8396080760095086,0.9016850806772109,0.00013018877372190533,0.2774352179034171,0.7011252520434496,39.91340614753118,1.3542915174738763,211181568,81539072,6029312,423878656,98942976,335216640,40837120,4489216,281473024,92639232,4718592,2879488,301404160,528465920,47788032,2217858.072577706,0,943030.9181969949,16774.510606929318,0,0,0,1681043.6166425864,13,9,9,4,8,16,6,6,3,11,1,3,6,34,16,6.467,3.533,24.067,1.133,1.333,1.267,14.333,0.015598086124401913,0.003056497175141243,0.0348496835443038,0.03818181818181818,0.0023866666666666667,0.0031304347826086954,0.008482658959537573,0.029024390243902454,0.004701694915254238,0.13873626373626374,0.0864705882352941,0.004477333333333334,0.004834782608695651,0.09294797687861274
1705784461,1.2109658142895638,2.919068568750971,0.17979771093958125,0.16035147810337702,4.765355718393415,1.016909634293787,0.41987022604224944,0.08848823101189113,0.8396080760095086,0.9016850806772109,0.00013018877372190533,0.2774352179034171,0.7011252520434496,40.200682223013715,1.3542915174738763,211181568,81539072,6029312,423878656,98942976,335216640,40837120,4489216,281473024,92639232,4718592,2879488,301404160,838860800,47788032,2217858.072577706,0,923798.8647746242,16774.510606929318,0,0,0,1681043.6166425864,13,9,9,4,8,16,6,6,3,11,1,3,6,34,16,6.467,3.533,24.067,1.133,1.333,1.267,14.333,0.015598086124401913,0.0030578034682080925,0.0348496835443038,0.03818181818181818,0.0023866666666666667,0.0031304347826086954,0.008482658959537573,0.029024390243902454,0.004704046242774567,0.13873626373626374,0.0864705882352941,0.004477333333333334,0.004834782608695651,0.09294797687861274
1705784462,1.4807377171290044,2.919068568750971,0.17979771093958125,0.1564338016146339,4.765355718393415,1.016909634293787,0.5144260110132932,0.08848823101189113,0.8396080760095086,0.9016850806772109,0.00013018877372190533,0.2774352179034171,0.7011252520434496,40.200682223013715,1.3542915174738763,211181568,81539072,6029312,423878656,98942976,335216640,40845312,4489216,281473024,92639232,4718592,2879488,301404160,838860800,47788032,2217858.072577706,0,940998.2112167234,16774.510606929318,0,0,0,1681043.6166425864,13,9,9,4,8,16,6,6,3,11,1,3,6,34,16,6.467,3.533,24.067,1.133,1.333,1.267,14.133,0.015598086124401913,0.0030578034682080925,0.0348496835443038,0.03818181818181818,0.0023866666666666667,0.0031304347826086954,0.00853448275862069,0.029024390243902454,0.004704046242774567,0.13873626373626374,0.0864705882352941,0.004477333333333334,0.004834782608695651,0.09326086956521744
1705784463,1.4807377171290044,2.919068568750971,0.17979771093958125,0.15251612512589083,4.765355718393415,1.016909634293787,0.5144260110132932,0.08848823101189113,0.924470389528643,0.9016850806772109,0.00013018877372190533,0.2774352179034171,0.7011252520434496,40.200682223013715,1.3542915174738763,211181568,81539072,6029312,423878656,98942976,335216640,40845312,4489216,281473024,92639232,4718592,2879488,301404160,838860800,47788032,2217858.072577706,0,940998.2112167234,22413.127877436462,0,0,0,1681043.6166425864,13,9,9,4,8,16,6,6,3,11,1,3,6,34,16,6.467,3.533,24.067,1.133,1.533,1.267,14.133,0.015598086124401913,0.003057803468208092,0.0348496835443038,0.03818181818181818,0.002506849315068493,0.0031304347826086954,0.00853448275862069,0.029024390243902454,0.004704046242774567,0.13873626373626374,0.0864705882352941,0.004501369863013699,0.004834782608695651,0.09326086956521744
1705784464,1.4807377171290044,2.919068568750971,0.17979771093958125,0.22491809007906902,4.765355718393415,1.016909634293787,0.5144260110132932,0.08848823101189113,0.9432129151274273,0.9016850806772109,0.00013018877372190533,0.28000277463979095,0.7011252520434496,40.200682223013715,1.3542915174738763,211181568,81539072,6029312,423878656,98942976,335216640,40845312,4489216,281473024,92639232,4718592,3014656,301404160,838860800,47788032,2217858.072577706,0,940998.2112167234,22867.527096437803,0,0,0,1681043.6166425864,13,9,9,4,8,16,6,6,3,11,1,3,6,34,16,6.467,3.533,24.067,1.133,1.533,1.6,14.133,0.015598086124401913,0.003057803468208092,0.0348496835443038,0.03818181818181818,0.002506849315068493,0.0031411764705882353,0.00853448275862069,0.029024390243902454,0.004704046242774567,0.13873626373626374,0.0864705882352941,0.004501369863013699,0.004854117647058823,0.09326086956521744
1705784465,1.4807377171290044,2.919068568750971,0.17979771093958125,0.22491809007906902,4.765355718393415,1.016909634293787,0.519592023138984,0.08848823101189113,1.1245515359270664,0.9016850806772109,0.00013018877372190533,0.28000277463979095,0.7011252520434496,40.30987422122957,1.3542915174738763,211181568,81539072,6029312,423878656,98942976,335216640,40845312,4489216,281473024,92639232,4718592,3014656,301404160,838860800,47788032,2217858.072577706,0,970932.7360111345,27263.953140080535,0,0,0,1681043.6166425864,13,9,9,4,8,16,6,6,3,11,1,3,6,34,16,6.8,3.533,24.067,1.467,1.867,1.933,15.133,0.015707317073170732,0.003057803468208092,0.0348496835443038,0.03798076923076923,0.002446153846153846,0.003155844155844156,0.008600993377483445,0.029512195121951263,0.004704046242774567,0.13873626373626374,0.084,0.004489230769230769,0.004880519480519481,0.09307453416149068
1705784466,1.4807377171290044,2.919068568750971,0.17979771093958125,0.22491809007906907,4.765355718393415,1.016909634293787,0.519592023138984,0.08848823101189113,1.1245515359270664,0.9016850806772109,0.00013018877372190533,0.28000277463979095,0.7011252520434496,40.30987422122957,1.3542915174738763,211181568,81539072,6029312,423878656,98942976,335216640,40845312,4489216,281473024,92639232,4718592,3014656,301404160,838860800,47788032,2217858.072577706,0,970932.7360111345,27263.953140080535,0,0,0,1681043.6166425864,13,9,9,4,8,16,6,6,3,11,1,3,6,34,16,6.8,3.533,24.067,1.467,1.867,1.933,15.133,0.015707317073170732,0.003057803468208092,0.0348496835443038,0.03798076923076923,0.002446153846153846,0.003155844155844156,0.008600993377483445,0.029512195121951263,0.004704046242774567,0.13873626373626374,0.084,0.004489230769230769,0.004880519480519481,0.09307453416149068
1705784467,1.4807377171290044,2.5040905376078118,0.17979771093958125,0.22491809007906907,4.765355718393415,1.016909634293787,0.519592023138984,0.0913123776456256,0.8696536739531308,0.9224318596573815,0.00013018877372190533,0.28000277463979095,0.7011252520434496,40.30987422122957,1.3542915174738763,211181568,81539072,6029312,423878656,98942976,335216640,40845312,4493312,281473024,92639232,4718592,3014656,301404160,838860800,47788032,1902564.9046933118,0,970932.7360111345,44947.765780001755,0,0,0,1681043.6166425864,13,9,9,4,8,16,6,6,3,11,1,3,6,34,16,6.8,3.533,24.067,1.467,1.867,1.933,15.133,0.015707317073170732,0.003057803468208092,0.0348496835443038,0.03798076923076923,0.002446153846153846,0.003155844155844156,0.008600993377483445,0.029512195121951263,0.004704046242774567,0.13873626373626374,0.084,0.004489230769230769,0.004880519480519481,0.09307453416149068
1705784468,1.569858557877921,2.455439394795295,0.17979771093958125,0.22491809007906907,4.765355718393415,1.016909634293787,0.519592023138984,0.0913123776456256,0.8696536739531308,0.9224318596573815,0.00013018877372190533,0.28000277463979095,0.7011252520434496,40.30987422122957,1.0963777394763499,211083264,81539072,6029312,423878656,98942976,335216640,40845312,4493312,281473024,92639232,4718592,3014656,301404160,838860800,47788032,1865600.6034836832,0,970932.7360111345,44947.765780001755,0,0,0,1580178.405431262,14,9,9,4,8,16,6,6,3,11,1,3,6,34,16,9.067,3.6,24.4,2,1.867,1.933,17.6,0.015884615384615382,0.0030595238095238097,0.03384920634920636,0.03877551020408163,0.002446153846153846,0.003155844155844156,0.008511904761904762,0.031513157894736854,0.004707142857142858,0.131987951807229,0.08866666666666666,0.004489230769230769,0.004880519480519481,0.09260416666666672
1705784469,1.569858557877921,2.4067882519827792,0.17979771093958125,0.22491809007906907,4.765355718393415,1.006460607498854,0.519592023138984,0.0913123776456256,0.8696536739531308,0.9224318596573815,0.00013018877372190533,0.28000277463979095,0.7011252520434496,40.30987422122957,1.0919106361105795,211083264,81539072,6029312,423878656,98942976,335216640,40845312,4493312,281473024,92639232,4718592,3014656,301404160,838860800,47800320,1828636.3022740548,0,970932.7360111345,44947.765780001755,0,0,0,1433685.483776183,14,9,9,4,8,16,6,6,3,11,1,3,6,34,16,9.067,3.6,23.867,2,1.867,1.933,17.6,0.015884615384615382,0.0030595238095238097,0.03312908496732026,0.03877551020408163,0.002446153846153846,0.003155844155844156,0.008511904761904762,0.031513157894736854,0.004707142857142858,0.13256578947368422,0.08866666666666666,0.004489230769230769,0.004880519480519481,0.09260416666666672
1705784470,1.569858557877921,2.358137109170263,0.17979771093958125,0.22491809007906907,4.754206831517154,1.006460607498854,0.5195920231389841,0.0913123776456256,0.8696536739531308,0.9224318596573815,0.00013018877372190533,0.28000277463979095,0.7011252520434496,40.30987422122957,1.1138852378609887,211083264,81539072,6029312,423878656,102207488,335216640,40845312,4493312,281473024,92639232,4718592,3014656,301404160,838860800,47800320,1791672.0010644265,0,970932.7360111347,44947.765780001755,0,0,0,1462538.273097427,14,9,9,4,8,16,6,6,3,11,1,3,6,34,16,9.067,3.6,23.867,2,1.867,1.933,17.6,0.015884615384615382,0.0030595238095238097,0.03312908496732026,0.03877551020408163,0.002446153846153846,0.003155844155844156,0.008511904761904762,0.031513157894736854,0.004707142857142858,0.13256578947368422,0.08866666666666666,0.004489230769230769,0.004880519480519481,0.09260416666666672
1705784471,1.569858557877921,2.3094859663577467,0.17979771093958125,0.22491809007906907,4.754206831517154,0.8283003056280985,0.5195920231389841,0.0913123776456256,0.8696536739531308,0.9224318596573815,0.00013018877372190533,0.28000277463979095,0.6981663848270864,40.30987422122957,1.3184761050245477,211083264,81539072,6029312,423878656,102207488,335216640,40845312,4493312,281473024,92639232,4718592,3014656,301404160,838860800,47800320,1754707.699854798,0,970932.7360111347,44947.765780001755,0,0,0,1731167.359274651,14,9,9,4,8,16,6,6,3,11,1,3,6,34,16,9.067,3.6,23.867,2,1.867,1.933,17.6,0.015884615384615382,0.0030595238095238097,0.03312908496732026,0.03877551020408163,0.002446153846153846,0.003155844155844156,0.008511904761904762,0.031513157894736854,0.004707142857142858,0.13256578947368422,0.08866666666666666,0.004489230769230769,0.004880519480519481,0.09260416666666672
1705784472,1.569858557877921,2.2608348235452307,0.17979771093958125,0.22491809007906907,4.754206831517154,1.034552078221176,0.5195920231389841,0.0913123776456256,0.8696536739531308,0.9224318596573815,0.00013018877372190533,0.28000277463979095,0.6981663848270864,40.30987422122957,1.3184761050245477,211083264,81539072,6029312,423878656,102207488,335216640,40845312,4493312,281473024,92639232,4718592,3014656,301404160,838860800,47800320,1717743.3986451698,0,970932.7360111347,44947.765780001755,0,0,0,1731167.359274651,14,9,9,4,8,15,6,6,3,11,1,3,6,34,16,9.067,3.6,23.867,2,1.867,1.933,17.6,0.015884615384615382,0.0030595238095238097,0.03312908496732026,0.03877551020408163,0.002446153846153846,0.003155844155844156,0.008511904761904762,0.031513157894736854,0.004707142857142858,0.13256578947368422,0.08866666666666666,0.004489230769230769,0.004880519480519481,0.09260416666666672
1705784473,1.569858557877921,2.2121836807327147,0.1704006726384909,0.22491809007906907,4.630104980301972,1.034552078221176,0.5195920231389841,0.09489422054130794,0.8696536739531308,0.9224318596573815,0.00013018877372190533,0.23433570345476315,0.6981663848270864,40.30987422122957,1.3184761050245477,211083264,81539072,6029312,423878656,102207488,335216640,40845312,4493312,281473024,92639232,4718592,3014656,301404160,838860800,47800320,1680779.0974355415,0,970932.7360111347,44947.765780001755,0,0,0,1731167.359274651,14,9,9,4,8,15,6,6,3,11,1,3,6,34,16,9.067,3.6,23.867,2,1.867,1.933,17.6,0.015884615384615382,0.0030595238095238097,0.03312908496732026,0.03877551020408163,0.002446153846153846,0.003155844155844156,0.008511904761904762,0.031513157894736854,0.004707142857142858,0.13256578947368422,0.08866666666666666,0.004489230769230769,0.004880519480519481,0.09260416666666672
1705784474,1.569858557877921,2.1989063441097145,0.17040067263849093,0.22491809007906907,4.630104980301972,1.034552078221176,0.5195920231389841,0.09489422054130794,0.8696536739531308,0.9224318596573815,0.00013018877372190533,0.28194435780674754,0.584292538435185,40.30987422122957,1.3184761050245477,211083264,81539072,6029312,423878656,102207488,335216640,40845312,4493312,281473024,92639232,4718592,3014656,301404160,838860800,47800320,1825760.5819438945,0,970932.7360111347,44947.765780001755,0,0,0,1731167.359274651,14,9,9,4,8,15,6,6,3,11,1,3,6,34,16,9.067,3.6,23.867,2,1.867,1.933,17.6,0.015884615384615382,0.0030595238095238097,0.03312908496732026,0.03877551020408163,0.002446153846153846,0.003155844155844156,0.008511904761904762,0.031513157894736854,0.004707142857142858,0.13256578947368422,0.08866666666666666,0.004489230769230769,0.004880519480519481,0.09260416666666672
1705784475,1.569858557877921,3.3651503961996516,0.14369249721081542,0.22491809007906907,4.630104980301972,1.034552078221176,0.5195920231389841,0.09489422054130794,0.8696536739531308,0.9224318596573815,0.00013018877372190533,0.28194435780674754,0.5726564320214003,40.30987422122957,1.3184761050245477,211083264,81608704,6029312,423878656,102207488,335216640,40845312,4493312,281473024,92639232,4718592,3014656,301404160,838860800,47800320,2133801.72052454,0,970932.7360111347,44947.765780001755,0,0,0,1731167.359274651,14,9,9,4,8,15,6,6,3,11,1,3,6,34,16,9.067,3.6,23.867,2,1.867,1.933,17.6,0.015884615384615382,0.0030595238095238097,0.03312908496732026,0.03877551020408163,0.002446153846153846,0.003155844155844156,0.008511904761904762,0.031513157894736854,0.004707142857142858,0.13256578947368422,0.08866666666666666,0.004489230769230769,0.004880519480519481,0.09260416666666672
1705784476,1.569858557877921,3.3651503961996516,0.17229552540833082,0.22491809007906907,4.630104980301972,1.034552078221176,0.4926343154246069,0.09489422054130794,0.8696536739531308,0.7537113855938825,0.00013018877372190533,0.28194435780674754,0.5609261377563591,40.30987422122957,1.3184761050245477,211083264,81608704,6033408,423878656,102207488,335216640,40845312,4493312,281473024,92639232,4718592,3014656,301416448,838860800,47800320,2133801.72052454,0,563007.2312197455,44947.765780001755,0,0,0,1731167.359274651,14,9,9,4,8,15,6,6,3,11,1,3,6,34,16,9.067,3.933,23.867,2,1.867,1.933,17.6,0.015884615384615382,0.0030740740740740746,0.03312908496732026,0.03877551020408163,0.002446153846153846,0.003155844155844156,0.008511904761904762,0.031513157894736854,0.004733333333333334,0.13256578947368422,0.08866666666666666,0.004489230769230769,0.004880519480519481,0.09260416666666672
1705784477,1.569858557877921,3.3651503961996516,0.17229552540833082,0.22491809007906907,4.630104980301972,1.034552078221176,0.4926343154246069,0.09489422054130794,0.8696536739531308,0.7383375212662594,0.00013018877372190533,0.28194435780674754,0.560926137756359,40.22952672070343,1.3184761050245477,211083264,81608704,6033408,423878656,102207488,335216640,40845312,4493312,281473024,92639232,4718592,3014656,301416448,838868992,47800320,2133801.72052454,0,563007.2312197455,44947.765780001755,0,0,0,1731167.359274651,14,9,9,4,8,15,6,6,3,11,1,3,6,34,16,9.067,3.933,23.867,2,1.867,1.933,17.733,0.015884615384615382,0.0030740740740740746,0.03312908496732026,0.03877551020408163,0.002446153846153846,0.003155844155844156,0.00858843537414966,0.031513157894736854,0.004733333333333334,0.13256578947368422,0.08866666666666666,0.004489230769230769,0.004880519480519481,0.09368794326241135
1705784478,1.569858557877921,3.3651503961996516,0.17229552540833082,0.2274884416643982,4.630104980301973,1.034552078221176,0.4926343154246069,0.09489422054130794,0.8696536739531308,0.7229636569386364,0.00013018877372190533,0.28194435780674754,0.560926137756359,40.33200338236262,1.3184761050245477,211083264,81608704,6033408,423878656,102207488,335216640,40845312,4493312,281473024,92639232,4718592,3014656,301416448,838868992,47800320,2133801.72052454,0,563007.2312197455,44947.765780001755,0,0,0,1731167.359274651,14,9,9,4,8,15,6,6,3,11,1,3,6,34,16,9.067,3.933,23.867,2,2.067,1.933,17.733,0.015884615384615382,0.003074074074074074,0.03312908496732026,0.03877551020408163,0.002288135593220339,0.003155844155844156,0.00858843537414966,0.031513157894736854,0.004733333333333333,0.13256578947368422,0.08866666666666666,0.004457627118644067,0.004880519480519481,0.09368794326241135
1705784479,1.569858557877921,3.3651503961996516,0.17229552540833082,0.2274884416643982,4.630104980301973,0.9291334562473937,0.4926343154246069,0.09489422054130794,0.8555299379398836,0.9017613441742188,0,0.28194435780674754,0.560926137756359,40.33200338236262,1.3184761050245477,211083264,81608704,6033408,423878656,102207488,335216640,40845312,4493312,281473024,92663808,4718592,3014656,301416448,838868992,47800320,2133801.72052454,0,563007.2312197455,35502.5482786118,0,0,0,1731167.359274651,14,9,9,4,8,15,6,6,3,11,1,3,6,34,16,9.067,3.933,23.867,2,2.067,2,17.733,0.015884615384615382,0.003074074074074074,0.03312908496732026,0.03877551020408163,0.002288135593220339,0.0031643835616438354,0.00858843537414966,0.031513157894736854,0.004733333333333333,0.13256578947368422,0.08866666666666666,0.004457627118644067,0.004895890410958904,0.09368794326241135
1705784480,1.569858557877921,3.3651503961996516,0.17229552540833082,0.2274884416643982,4.630104980301973,0.9291334562473937,0.47253899060350524,0.09489422054130794,0.8555299379398836,0.9017613441742188,0,0.28194435780674754,0.560926137756359,40.33200338236262,1.3184761050245477,211083264,81608704,6033408,423878656,102207488,335216640,40882176,4493312,281473024,92663808,4718592,3014656,301416448,838868992,47800320,2133801.72052454,0,531690.4000774968,35502.5482786118,0,0,0,1731167.359274651,14,9,9,4,8,15,6,6,3,11,1,3,6,34,16,9.2,3.933,23.867,2.133,2.2,2.133,18.133,0.016076923076923072,0.003074074074074074,0.03312908496732026,0.03954081632653061,0.00225,0.0031408450704225356,0.008741438356164383,0.032179487179487175,0.004733333333333333,0.13256578947368422,0.08966666666666669,0.00445,0.004853521126760563,0.09400709219858155
1705784481,1.3937080869307208,3.3651503961996516,0.17229552540833082,0.2274884416643982,4.630104980301973,0.9291334562473937,0.47253899060350524,0.09489422054130794,0.8555299379398836,0.9017613441742188,0,0.23600857331108316,0.560926137756359,40.33200338236262,1.3184761050245477,211083264,81608704,6033408,423878656,102207488,335216640,40882176,4493312,281473024,92663808,4718592,3014656,301416448,838868992,47800320,2133801.72052454,0,531690.4000774968,35502.5482786118,0,0,0,1731167.359274651,14,9,9,4,8,15,6,6,3,11,1,3,6,34,16,9.2,3.933,23.867,2.133,2.2,2.133,18.133,0.016076923076923072,0.003074074074074074,0.03312908496732026,0.03954081632653061,0.00225,0.0031408450704225356,0.008741438356164383,0.032179487179487175,0.004733333333333333,0.13256578947368422,0.08966666666666669,0.00445,0.004853521126760563,0.09400709219858155
1705784482,1.6617810698484379,3.3651503961996516,0.17229552540833082,0.2274884416643982,4.630104980301973,0.9291334562473937,0.47253899060350524,0.09489422054130794,0.9648859185163864,0.9017613441742188,0,0.23130950068097073,0.560926137756359,40.33200338236262,1.3184761050245477,211083264,81608704,6033408,423878656,102207488,335216640,40882176,4493312,281473024,92663808,4718592,3014656,301416448,838868992,47800320,2133801.72052454,0,531690.4000774968,27193.66189390754,0,0,0,1731167.359274651,14,9,9,4,8,15,6,6,3,11,1,3,6,34,16,9.2,3.933,23.867,2.133,2.2,2.133,18.133,0.016076923076923072,0.003074074074074074,0.03312908496732026,0.03954081632653061,0.00225,0.0031408450704225356,0.008741438356164383,0.032179487179487175,0.004733333333333333,0.13256578947368422,0.08966666666666669,0.00445,0.004853521126760563,0.09400709219858155
1705784483,1.6617810698484379,3.3651503961996516,0.17229552540833082,0.2274884416643982,4.630104980301973,0.9291334562473937,0.47253899060350524,0.0803387650855566,0.9648859185163864,0.8756265247283312,0,0.2266104280508582,0.560926137756359,40.33200338236262,1.3184761050245477,211083264,81608704,6033408,423878656,102207488,335216640,40882176,4493312,281473024,92663808,4718592,3014656,301416448,838868992,47800320,2133801.72052454,0,531690.4000774968,27193.66189390754,0,0,0,1731167.359274651,14,9,9,4,8,15,6,6,3,11,1,3,6,34,16,8.333,4.067,24.2,2.067,2.2,2.133,17.467,0.017035714285714286,0.0031392405063291142,0.03341584158415842,0.04047619047619047,0.00225,0.0031408450704225356,0.008789198606271777,0.039490740740740736,0.004850632911392406,0.14909090909090958,0.11999999999999997,0.00445,0.004853521126760563,0.09602040816326528
1705784484,1.6617810698484379,3.3651503961996516,0.17229552540833082,0.2274884416643982,4.630104980301973,0.9291334562473937,0.47253899060350524,0.09239864577485195,0.9648859185163864,0.8756265247283312,0,0.22191135542074578,0.560926137756359,40.33200338236262,1.3184761050245477,211083264,81608704,6033408,423878656,102207488,335216640,40882176,4501504,281473024,92663808,4718592,3014656,301416448,838868992,47800320,2133801.72052454,0,531690.4000774968,27193.66189390754,0,0,0,1731167.359274651,14,9,9,4,8,15,6,7,3,11,1,3,6,34,16,8.333,4.067,25.067,2.067,2.2,2.133,17.467,0.017035714285714286,0.0031392405063291142,0.03379166666666667,0.04047619047619047,0.00225,0.0031408450704225356,0.008789198606271777,0.039490740740740736,0.004850632911392406,0.16588607594936736,0.11999999999999997,0.00445,0.004853521126760563,0.09602040816326528
1705784485,1.65193485731359,3.5709631499784913,0.17229552540833082,0.2274884416643982,4.630104980301973,0.9291334562473937,0.47253899060350524,0.08334634186419095,0.9648859185163864,0.8756265247283312,0,0.21721228279063337,0.560926137756359,40.33200338236262,1.1158629520185253,211103744,81608704,6033408,423878656,102207488,335216640,40882176,4501504,281473024,92663808,4718592,3014656,301416448,838868992,47800320,2464288.7838418563,0,531690.4000774968,27193.66189390754,0,0,0,1465135.0241363386,15,9,9,4,8,15,6,7,3,11,1,3,6,34,16,8.333,4.067,25.067,2.067,2.2,2.133,17.467,0.017035714285714286,0.0031392405063291142,0.03379166666666667,0.04047619047619047,0.00225,0.0031408450704225356,0.008789198606271777,0.039490740740740736,0.004850632911392406,0.16588607594936736,0.11999999999999997,0.00445,0.004853521126760563,0.09602040816326528
1705784486,1.65193485731359,3.5709631499784913,0.17229552540833082,0.2274884416643982,2.9274050000000074,0.9291334562473937,0.47253899060350524,0.08334634186419095,0.9648859185163864,0.8756265247283312,0,0.21251321016052088,0.560926137756359,40.33200338236262,1.0938883502681163,211103744,81608704,6033408,423878656,102207488,335216640,40882176,4501504,281473024,92663808,4718592,3014656,301416448,838868992,47800320,2464288.7838418563,0,531690.4000774968,27193.66189390754,0,0,0,1436282.2348150946,15,9,9,4,8,15,6,7,3,11,1,3,6,34,16,8.333,4.067,25.067,2.067,2.2,2.133,17.467,0.017035714285714286,0.0031392405063291142,0.03379166666666667,0.04047619047619047,0.00225,0.0031408450704225356,0.008789198606271777,0.039490740740740736,0.004850632911392406,0.16588607594936736,0.11999999999999997,0.00445,0.004853521126760563,0.09602040816326528
1705784487,1.65193485731359,3.5709631499784913,0.17931287788890776,0.2274884416643982,2.9274050000000074,0.9291334562473937,0.47253899060350524,0.08334634186419095,0.9648859185163864,0.8756265247283312,0,0.20781413753040842,0.6302944427126296,40.33200338236262,1.0426642592467672,211103744,81608704,6033408,423878656,102207488,335216640,40882176,4501504,281473024,92663808,4718592,3014656,301416448,838868992,47800320,2464288.7838418563,0,531690.4000774968,27193.66189390754,0,0,0,1119368.5425374142,15,9,9,4,8,15,6,7,3,11,1,3,6,34,16,8.333,4.067,25.067,2.067,2.2,2.133,17.467,0.017035714285714286,0.0031392405063291142,0.03379166666666667,0.04047619047619047,0.00225,0.0031408450704225356,0.008789198606271777,0.039490740740740736,0.004850632911392406,0.16588607594936736,0.11999999999999997,0.00445,0.004853521126760563,0.09602040816326528
1705784488,1.65193485731359,3.5709631499784913,0.17931287788890776,0.2274884416643982,3.9180724453765263,1.0809107742159882,0.4650848377901421,0.08334634186419095,0.9648859185163864,0.8756265247283312,0,0.20311506490029596,0.6302944427126296,40.33200338236262,1.298834350801006,211103744,81608704,6033408,423878656,106819584,335433728,40882176,4501504,281473024,92663808,4718592,3014656,301416448,838868992,48099328,2464288.7838418563,0,489273.78851635667,27193.66189390754,0,0,0,1267046.3391649937,15,9,9,4,13,18,6,7,3,11,1,3,6,34,18,8.333,4.067,25.067,2.067,2.2,2.133,17.467,0.017035714285714286,0.0031392405063291142,0.03379166666666667,0.04047619047619047,0.00225,0.0031408450704225356,0.008789198606271777,0.039490740740740736,0.004850632911392406,0.16588607594936736,0.11999999999999997,0.00445,0.004853521126760563,0.09602040816326528
1705784489,1.65193485731359,3.5709631499784913,0.17931287788890776,0.2274884416643982,4.61047634411084,1.0809107742159882,0.4650848377901421,0.08334634186419095,0.9648859185163864,0.8756265247283312,0,0.19841599227018347,0.6302944427126296,40.33200338236262,1.298834350801006,211103744,81608704,6033408,423878656,106819584,335433728,40882176,4501504,281473024,92663808,4718592,3014656,301416448,838868992,48099328,2464288.7838418563,0,489273.78851635667,27193.66189390754,0,0,0,1267046.3391649937,15,9,9,4,13,18,6,7,3,11,1,3,6,34,18,8.333,4.067,25.067,2.067,2.2,2.133,17.467,0.017035714285714286,0.0031392405063291142,0.03379166666666667,0.04047619047619047,0.00225,0.0031408450704225356,0.008789198606271777,0.039490740740740736,0.004850632911392406,0.16588607594936736,0.11999999999999997,0.00445,0.004853521126760563,0.09602040816326528
1705784490,1.65193485731359,3.5709631499784913,0.17931287788890776,0.2274884416643982,4.61047634411084,1.0809107742159882,0.4650848377901421,0.08334634186419095,0.9648859185163864,0.8756265247283312,0,0.28653274448817045,0.6302944427126296,40.33200338236262,1.298834350801006,211103744,81608704,6033408,423878656,106819584,335433728,40882176,4501504,281473024,92663808,4718592,2883584,301416448,838868992,48099328,2464288.7838418563,0,489273.78851635667,27193.66189390754,0,0,0,1267046.3391649937,15,9,9,4,13,18,6,7,3,11,1,3,6,34,18,8.333,4.067,25.067,2.067,2.2,2.133,17.467,0.017035714285714286,0.0031392405063291142,0.03379166666666667,0.04047619047619047,0.00225,0.0031408450704225356,0.008789198606271777,0.039490740740740736,0.004850632911392406,0.16588607594936736,0.11999999999999997,0.00445,0.004853521126760563,0.09602040816326528
1705784491,1.65193485731359,3.5709631499784913,0.17931287788890776,0.2274884416643982,4.61047634411084,1.0809107742159882,0.4650848377901421,0.08334634186419095,0.9648859185163864,0.8756265247283312,0,0.28653274448817045,0.5853433502052673,40.33200338236262,1.298834350801006,211103744,81608704,6033408,423878656,106819584,335433728,40882176,4501504,281473024,92663808,4718592,2883584,301412352,838868992,48099328,2464288.7838418563,0,489273.78851635667,27193.66189390754,0,0,0,1267046.3391649937,15,9,9,4,13,18,6,7,3,11,1,3,8,34,18,8.333,4.2,25.067,2.067,2.2,2.133,17.467,0.017035714285714286,0.0031518987341772153,0.03379166666666667,0.04047619047619047,0.00225,0.0031408450704225356,0.008789198606271777,0.039490740740740736,0.004873417721518987,0.16588607594936736,0.11999999999999997,0.00445,0.004853521126760563,0.09602040816326528
1705784492,1.65193485731359,3.535247408278802,0.1793128778889078,0.2274884416643982,4.61047634411084,1.0809107742159885,0.4650848377901421,0.08334634186419095,0.9648859185163864,0.8756265247283312,0,0.28950220512339436,0.5853433502052673,39.841460401599136,1.2988343508010058,211103744,81641472,6033408,423878656,106819584,335433728,40882176,4501504,281473024,92663808,4718592,2883584,301412352,473731072,48099328,2077964.8555253288,0,489273.78851635667,27193.66189390754,0,0,0,1267046.3391649935,15,9,9,4,13,18,6,7,3,11,1,3,8,38,18,8.333,4.2,25.067,2.067,2.2,2.133,21.067,0.017035714285714286,0.0031518987341772153,0.03379166666666667,0.04047619047619047,0.00225,0.0031408450704225356,0.009282006920415226,0.039490740740740736,0.004873417721518987,0.16588607594936736,0.11999999999999997,0.00445,0.004853521126760563,0.09698895027624313
1705784493,1.65193485731359,3.535247408278802,0.1793128778889078,0.2274884416643982,4.61047634411084,1.0809107742159885,0.4650848377901421,0.08334634186419095,0.9648859185163864,0.8756265247283312,0,0.28950220512339436,0.5853433502052673,39.841460401599136,1.2988343508010058,211103744,81641472,6033408,423878656,106819584,335433728,40882176,4501504,281473024,92663808,4718592,2883584,301412352,473731072,48099328,2077964.8555253288,0,489273.78851635667,27193.66189390754,0,0,0,1267046.3391649935,15,9,9,4,13,18,6,7,3,11,1,3,8,38,18,8.333,4.2,25.067,2.067,2.2,2.133,21.067,0.017035714285714286,0.0031518987341772157,0.03379166666666667,0.04047619047619047,0.002068965517241379,0.0031408450704225356,0.009282006920415226,0.039490740740740736,0.0048734177215189875,0.16588607594936736,0.11999999999999997,0.004413793103448275,0.004853521126760563,0.09698895027624313
1705784494,1.65193485731359,3.535247408278802,0.1793128778889078,0.2274884416643982,4.61047634411084,1.0809107742159885,0.4754726713619664,0.08334634186419095,0.4125250661139308,0.8756265247283312,0,0.28950220512339436,0.5853433502052673,39.841460401599136,1.2988343508010058,211103744,81641472,6033408,423878656,106819584,335433728,40931328,4501504,281473024,92663808,4718592,2883584,301412352,473731072,48099328,2077964.8555253288,0,820743.9738121219,24004.07247194533,0,0,0,1267046.3391649935,15,9,9,4,13,18,6,7,3,11,1,3,8,38,18,8.333,4.2,25.067,2.067,2.2,2.2,21.067,0.017035714285714286,0.0031518987341772157,0.03379166666666667,0.04047619047619047,0.002068965517241379,0.003216216216216216,0.009282006920415226,0.039490740740740736,0.0048734177215189875,0.16588607594936736,0.11999999999999997,0.004413793103448275,0.004989189189189189,0.09698895027624313
1705784495,1.65193485731359,3.535247408278802,0.18058519354721195,0.24131032676314515,4.61047634411084,1.0809107742159885,0.4754726713619664,0.07466511022328007,0.4207995081551822,0.8756265247283312,0,0.28950220512339436,0.5853433502052673,39.841460401599136,1.2988343508010058,211103744,81641472,6021120,423878656,106819584,335433728,40931328,4501504,281473024,92663808,4718592,2883584,301412352,473731072,48099328,2077964.8555253288,0,820743.9738121219,24485.54698764968,0,0,0,1267046.3391649935,15,9,9,4,13,18,6,7,3,11,1,3,8,38,18,8.467,4.2,25.067,2.2,2.333,2.333,21.467,0.016824644549763033,0.0031518987341772157,0.03379166666666667,0.0421875,0.0022459016393442627,0.003282051282051282,0.009448275862068967,0.03916666666666668,0.0048734177215189875,0.16588607594936736,0.1589285714285715,0.004659016393442623,0.006750000000000004,0.09671717171717174
1705784496,1.65193485731359,3.535247408278802,0.18058519354721192,0.24131032676314515,4.61047634411084,1.2316423571408748,0.4754726713619664,0.07620324917828403,0.4964665224750782,0.8456642651834765,0,0.28950220512339436,0.5853433502052673,39.841460401599136,1.2988343508010058,211103744,81641472,6021120,423878656,106819584,335433728,40931328,4501504,281473024,92663808,4718592,2883584,301412352,473731072,48099328,2077964.8555253288,0,820743.9738121219,28888.470942260676,0,0,0,1267046.3391649935,15,9,9,4,13,18,6,7,3,11,1,3,8,38,18,8.467,4.2,25.067,2.2,2.333,2.333,21.467,0.016824644549763033,0.0031518987341772157,0.03379166666666667,0.0421875,0.0022459016393442627,0.003282051282051282,0.009448275862068967,0.03916666666666668,0.0048734177215189875,0.16588607594936736,0.1589285714285715,0.004659016393442623,0.006750000000000004,0.09671717171717174
1705784497,1.65193485731359,3.535247408278802,0.18058519354721192,0.24131032676314515,4.61047634411084,1.2316423571408748,0.4754726713619664,0.077741388133288,0.4964665224750782,0.8456642651834765,0,0.28950220512339436,0.5853433502052673,39.841460401599136,1.2988343508010058,211103744,81641472,6021120,423878656,106819584,335433728,40931328,4501504,281473024,92663808,4718592,2883584,301412352,473731072,48099328,2077964.8555253288,0,820743.9738121219,28888.470942260676,0,0,0,1267046.3391649935,15,9,9,4,13,18,6,7,3,11,1,3,8,38,18,8.467,4.2,25.067,2.2,2.333,2.333,21.467,0.016824644549763033,0.0031518987341772157,0.03379166666666667,0.0421875,0.0022459016393442627,0.003282051282051282,0.009448275862068967,0.03916666666666668,0.0048734177215189875,0.16588607594936736,0.1589285714285715,0.004659016393442623,0.006750000000000004,0.09671717171717174
1705784498,1.65193485731359,3.71046476306198,0.18058519354721192,0.24131032676314515,4.61047634411084,1.1776654051937514,0.4754726713619664,0.09228833730023801,0.4964665224750782,0.8456642651834765,0,0.28950220512339436,0.5853433502052673,39.841460401599136,1.2988343508010058,211103744,81641472,6021120,423878656,106819584,335241216,40931328,4501504,281473024,92663808,4718592,2883584,301412352,473731072,48099328,1534548.4001620088,0,820743.9738121219,28888.470942260676,0,0,0,1267046.3391649935,15,9,9,4,13,22,6,7,3,11,1,3,8,38,18,7.933,4.267,24.8,2.333,2.333,2.333,21.6,0.01652777777777778,0.003175,0.034583333333333334,0.04262820512820512,0.0022459016393442627,0.003282051282051282,0.009601328903654486,0.03813725490196077,0.004914999999999999,0.17549450549450557,0.15035714285714283,0.004659016393442623,0.006750000000000004,0.09695238095238096
1705784499,1.7014789094649856,3.71046476306198,0.18058519354721192,0.24131032676314515,4.61047634411084,1.1776654051937514,0.4754726713619665,0.09228833730023801,0.4964665224750782,0.8456642651834765,0,0.28950220512339436,0.5853433502052673,39.841460401599136,1.2988343508010058,211103744,81641472,6021120,423878656,106819584,335241216,40931328,4501504,281473024,92663808,4718592,2883584,301412352,473731072,48099328,1534548.4001620088,0,820743.973812122,28888.470942260676,0,0,0,1267046.3391649935,15,9,9,4,13,22,6,7,3,11,1,3,8,38,18,7.933,4.267,24.467,2.333,2.333,2.333,21.6,0.01652777777777778,0.003175,0.035185185185185174,0.04262820512820512,0.0022459016393442627,0.003282051282051282,0.009601328903654486,0.03813725490196077,0.004914999999999999,0.18359223300970845,0.15035714285714283,0.004659016393442623,0.006750000000000004,0.09695238095238096
1705784500,1.7014789094649856,3.71046476306198,0.17946481611492066,0.24131032676314515,4.61047634411084,1.1776654051937514,0.4754726713619665,0.0777875323019381,0.4964665224750782,0.8456642651834765,0,0.28950220512339436,0.5853433502052673,39.841460401599136,1.3029856164072853,211103744,81641472,6021120,423878656,106819584,335241216,40931328,4501504,281473024,92663808,4718592,2883584,301412352,473731072,48144384,1534548.400162009,0,820743.973812122,28888.470942260676,0,0,0,1709841.644357729,15,9,9,4,13,22,6,7,3,11,1,3,8,38,18,7.933,4.267,24.467,2.333,2.333,2.333,21.6,0.01652777777777778,0.003175,0.035185185185185174,0.04262820512820512,0.0022459016393442627,0.003282051282051282,0.009601328903654486,0.03813725490196077,0.004914999999999999,0.18359223300970845,0.15035714285714283,0.004659016393442623,0.006750000000000004,0.09695238095238096
1705784501,1.7014789094649856,3.71046476306198,0.17946481611492066,0.24131032676314515,4.61047634411084,1.1776654051937514,0.4754726713619665,0.07624939334693416,0.4964665224750782,0.8456642651834765,0,0.28941050696775705,0.40179271043572307,39.841460401599136,1.3029856164072853,211103744,81641472,6021120,423878656,106819584,335241216,40931328,4501504,281473024,92663808,4718592,3010560,301412352,473731072,48144384,1534548.400162009,0,820743.973812122,28888.470942260676,0,0,0,1709841.644357729,15,9,9,4,13,22,6,7,3,11,1,3,8,38,18,7.933,4.267,24.467,2.333,2.333,2.333,21.6,0.01652777777777778,0.003175,0.035185185185185174,0.04262820512820512,0.0022459016393442627,0.003282051282051282,0.009601328903654486,0.03813725490196077,0.004914999999999999,0.18359223300970845,0.15035714285714283,0.004659016393442623,0.006750000000000004,0.09695238095238096
1705784502,1.7014789094649856,3.71046476306198,0.17946481611492066,0.24131032676314515,4.61047634411084,1.1776654051937514,0.4754726713619664,0.08673271091208655,0.4964665224750782,0.830863311197144,0,0.28941050696775705,0.40179271043572307,39.85781164645484,1.3029856164072853,211103744,81641472,6021120,423878656,106819584,335241216,40931328,4497408,281473024,92663808,4718592,3010560,301412352,13934592,48144384,1534548.400162009,0,820743.9738121219,28888.470942260676,0,0,0,1709841.644357729,15,9,9,4,13,22,6,7,3,11,1,3,8,37,18,7.933,4.267,24.467,2.333,2.333,2.333,21.6,0.01652777777777778,0.003175,0.035185185185185174,0.04262820512820512,0.0022459016393442627,0.003282051282051282,0.009601328903654486,0.03813725490196077,0.004914999999999999,0.18359223300970845,0.15035714285714283,0.004659016393442623,0.006750000000000004,0.09695238095238096
1705784503,1.4112349654920835,3.71046476306198,0.17946481611492066,0.24131032676314515,4.61047634411084,1.1776654051937514,0.3841053296131671,0.08673271091208655,0.4964665224750782,0.830863311197144,0,0.28941050696775705,0.40179271043572307,39.85781164645484,1.3029856164072853,211103744,81641472,6021120,423878656,106819584,335241216,40931328,4497408,281473024,92663808,4718592,3010560,301412352,13934592,48144384,1534548.400162009,0,832634.7741101546,28888.470942260676,0,0,0,1709841.644357729,15,9,9,4,13,22,6,7,3,11,1,3,8,37,18,7.933,4.267,24.467,2.333,2.333,2.333,21.6,0.01652777777777778,0.003175,0.035185185185185174,0.04262820512820512,0.0022459016393442627,0.003282051282051282,0.009601328903654486,0.03813725490196077,0.004914999999999999,0.18359223300970845,0.15035714285714283,0.004659016393442623,0.006750000000000004,0.09695238095238096
1705784504,1.382876983667667,3.71046476306198,0.17946481611492066,0.24131032676314515,4.777488234998587,1.1776654051937514,0.4646552539487393,0.08673271091208655,0.4964665224750782,0.830863311197144,0.00011436866298633403,0.28941050696775705,0.40179271043572307,39.85781164645484,1.3029856164072853,211103744,81641472,6021120,423878656,110649344,335241216,40931328,4497408,281473024,92663808,4718592,3010560,301412352,13934592,48144384,1534548.400162009,0,1007244.8690059585,28888.470942260676,0,0,0,1709841.644357729,15,9,9,4,12,22,6,7,3,11,1,3,8,37,18,7.933,4.267,24.467,2.333,2.333,2.333,21.6,0.01652777777777778,0.003175,0.035185185185185174,0.04262820512820512,0.0022459016393442627,0.003282051282051282,0.009601328903654486,0.03813725490196077,0.004914999999999999,0.18359223300970845,0.15035714285714283,0.004659016393442623,0.006750000000000004,0.09695238095238096
1705784505,1.3545190018432507,3.71046476306198,0.17946481611492066,0.24131032676314515,4.872969216727534,1.1776654051937514,0.4646552539487393,0.08673271091208655,0.4964665224750782,0.830863311197144,0.00011436866298633403,0.28941050696775705,0.40179271043572307,39.85781164645484,1.3029856164072853,211103744,81641472,6021120,423878656,110649344,335241216,40931328,4497408,281473024,92663808,4718592,3010560,301412352,13934592,48144384,1534548.400162009,0,1007244.8690059585,28888.470942260676,0,0,0,1709841.644357729,15,9,9,4,12,22,6,7,3,11,1,3,8,37,18,7.933,4.267,24.467,2.333,2.333,2.333,21.6,0.01652777777777778,0.003175,0.035185185185185174,0.04262820512820512,0.0022459016393442627,0.003282051282051282,0.009601328903654486,0.03813725490196077,0.004914999999999999,0.18359223300970845,0.15035714285714283,0.004659016393442623,0.006750000000000004,0.09695238095238096
1705784506,1.3261610200188343,3.71046476306198,0.17946481611492066,0.2408458822681767,4.872969216727534,1.1776654051937514,0.4646552539487393,0.08673271091208655,0.4964665224750782,0.830863311197144,0.00011436866298633403,0.28941050696775705,0.40179271043572307,39.85781164645484,1.3029856164072853,211103744,81641472,6021120,423878656,110649344,335241216,40931328,4497408,281473024,92663808,4718592,3010560,301412352,13934592,48144384,1534548.400162009,0,1007244.8690059585,28888.470942260676,0,0,0,1709841.644357729,15,9,9,4,12,22,6,7,3,11,1,3,8,37,18,7.933,4.2,24.467,2.333,2.333,2.333,21.6,0.01652777777777778,0.0031754385964912276,0.035185185185185174,0.04262820512820512,0.0022459016393442627,0.003282051282051282,0.009601328903654486,0.03813725490196077,0.00491578947368421,0.18359223300970845,0.15035714285714283,0.004659016393442623,0.006750000000000004,0.09695238095238096
1705784507,1.2978030381944177,3.71046476306198,0.17946481611492066,0.2408458822681767,4.872969216727534,1.1776654051937514,0.4646552539487393,0.08673271091208655,0.4964665224750782,0.830863311197144,0.00011436866298633403,0.29125746876697484,0.40179271043572307,39.44750176103404,1.3029856164072853,211103744,81641472,6021120,423878656,110649344,335241216,40931328,4497408,281473024,92663808,4718592,3010560,301412352,13934592,48144384,1534548.400162009,0,1007244.8690059585,28888.470942260676,0,0,0,1709841.644357729,15,9,9,4,12,22,6,7,3,11,1,3,8,37,18,7.933,4.2,24.467,2.333,2.333,2.333,17.333,0.01652777777777778,0.0031754385964912276,0.035185185185185174,0.04262820512820512,0.0022459016393442627,0.003282051282051282,0.00974755700325733,0.03813725490196077,0.00491578947368421,0.18359223300970845,0.15035714285714283,0.004659016393442623,0.006750000000000004,0.09735294117647061
1705784508,1.2694450563700013,3.71046476306198,0.17946481611492066,0.2408458822681767,4.872969216727534,1.1776654051937514,0.4612267940505945,0.08673271091208655,0.45143145661340167,0.830863311197144,0.00011436866298633403,0.29125746876697484,0.40179271043572307,39.44750176103404,1.3029856164072853,211103744,81641472,6021120,423878656,110649344,335241216,40947712,4497408,281473024,92663808,4718592,3010560,301412352,13934592,48144384,1534548.400162009,0,844902.8335685593,50795.450519080194,0,0,0,1709841.644357729,15,9,9,4,12,22,6,7,3,11,1,3,8,37,18,7.933,4.2,24.467,2.333,2,2.333,17.333,0.01652777777777778,0.0031754385964912276,0.035185185185185174,0.04262820512820512,0.0020526315789473684,0.003282051282051282,0.00974755700325733,0.03813725490196077,0.00491578947368421,0.18359223300970845,0.15035714285714283,0.004635087719298246,0.006750000000000004,0.09735294117647061
1705784509,1.241087074545585,3.71046476306198,0.17946481611492066,0.2408458822681767,4.872969216727534,1.1777937828994083,0.4612267940505945,0.08673271091208655,0.45143145661340167,0.830863311197144,0.00011436866298633403,0.29125746876697484,0.3714074557530724,39.44750176103404,1.3029856164072853,211103744,81641472,6021120,423878656,110649344,335417344,40947712,4497408,281473024,92663808,4718592,3010560,301408256,13934592,48144384,1534548.400162009,0,844902.8335685593,50795.450519080194,0,0,0,1709841.644357729,15,9,9,4,12,23,6,7,3,11,1,3,8,37,18,7.933,4.2,24.467,2.333,2,2,17.333,0.01652777777777778,0.0031754385964912276,0.035185185185185174,0.04262820512820512,0.0020526315789473684,0.0032469135802469136,0.00974755700325733,0.03813725490196077,0.00491578947368421,0.18359223300970845,0.15035714285714283,0.004635087719298246,0.00590000000000001,0.09735294117647061
1705784510,1.6150357442104635,3.71046476306198,0.17946481611492066,0.2408458822681767,4.872969216727534,1.1777937828994083,0.4612267940505945,0.08673271091208655,0.45143145661340167,0.8506836451055443,0.00011436866298633403,0.29125746876697484,0.3714074557530724,39.44750176103404,1.3029856164072853,211136512,81641472,6021120,423878656,110649344,335417344,40947712,4497408,281473024,92659712,4718592,3010560,301408256,13934592,48144384,1534548.400162009,0,844902.8335685593,50795.450519080194,0,0,0,1709841.644357729,16,9,9,4,12,23,6,7,3,11,1,3,8,37,18,7.467,4.2,24.467,1.867,1.533,1.533,15.933,0.016453488372093022,0.0031754385964912276,0.035185185185185174,0.0445945945945946,0.0020689655172413794,0.0031904761904761906,0.00988372093023256,0.03808823529411763,0.00491578947368421,0.18359223300970845,0.1415384615384615,0.00463448275862069,0.004942857142857143,0.09737991266375547
1705784511,1.6150357442104635,3.71046476306198,0.17946481611492066,0.2408458822681767,4.872969216727534,1.1777937828994083,0.4612267940505945,0.08673271091208655,0.45143145661340167,0.8506836451055443,0.00011436866298633403,0.29125746876697484,0.3714074557530724,39.44750176103404,1.3029856164072853,211136512,81641472,6021120,423878656,110649344,335417344,40947712,4497408,281473024,92659712,4718592,3010560,301408256,13934592,48144384,1534548.400162009,0,844902.8335685593,50795.450519080194,0,0,0,1709841.644357729,16,9,9,4,12,23,6,7,3,11,1,3,8,37,18,7.467,4.2,24.467,1.867,1.533,1.533,15.933,0.016453488372093022,0.0031754385964912276,0.035185185185185174,0.0445945945945946,0.0020689655172413794,0.0031904761904761906,0.00988372093023256,0.03808823529411763,0.00491578947368421,0.18359223300970845,0.1415384615384615,0.00463448275862069,0.004942857142857143,0.09737991266375547
1705784512,1.6150357442104635,3.5907221884908678,0.17946481611492066,0.2408458822681767,4.872969216727534,0.9598718389871653,0.4612267940505945,0.08673271091208655,0.4800019546043193,0.8506836451055443,0.00011436866298633405,0.29125746876697484,0.3714074557530724,39.44750176103404,1.3029856164072853,211136512,81674240,6021120,423878656,110649344,335417344,40947712,4497408,281473024,92659712,4718592,3010560,301408256,13934592,48144384,2058638.6021722995,0,844902.8335685593,40030.29636687923,0,0,0,1709841.644357729,16,9,9,4,12,23,6,7,3,11,1,3,8,37,18,7.467,4.2,24.467,1.867,1.533,1.533,15.933,0.016453488372093022,0.0031754385964912276,0.035185185185185174,0.0445945945945946,0.0020689655172413794,0.0031904761904761906,0.00988372093023256,0.03808823529411763,0.00491578947368421,0.18359223300970845,0.1415384615384615,0.00463448275862069,0.004942857142857143,0.09737991266375547
1705784513,1.6150357442104635,2.7117185858586055,0.17946481611492066,0.2408458822681767,4.872969216727534,0.9803190066547516,0.4612267940505945,0.08673271091208655,0.4800019546043193,0.8506836451055443,0.00011436866298633405,0.29125746876697484,0.3714074557530724,39.44750176103404,1.3029856164072853,211136512,81674240,6021120,423878656,110649344,335417344,40947712,4497408,281473024,92659712,4718592,3010560,301408256,13934592,48144384,1784922.1356421355,0,844902.8335685593,40030.29636687923,0,0,0,1709841.644357729,16,9,9,4,12,23,6,7,3,11,1,3,8,37,18,8,4.133,24.333,1.667,1.533,1.533,15.667,0.016197183098591552,0.0032011834319526627,0.03485494880546075,0.045703125,0.0020689655172413794,0.0031904761904761906,0.009915254237288135,0.03532608695652175,0.004962130177514793,0.18221698113207568,0.11350000000000016,0.00463448275862069,0.004942857142857143,0.09746724890829697
1705784514,1.5589777164079526,2.7684016666666866,0.17946481611492066,0.2408458822681767,4.872969216727534,1.0007661743223377,0.4612267940505945,0.08162820438295623,0.4800019546043193,0.8506836451055443,0.00011436866298633405,0.29125746876697484,0.3714074557530724,39.44750176103404,1.3029856164072853,211136512,81674240,6021120,423878656,110649344,335417344,40947712,4497408,281473024,92659712,4718592,3010560,301408256,13934592,48144384,1822232.3809523808,0,844902.8335685593,40030.29636687923,0,0,0,1709841.644357729,16,9,9,4,12,23,6,7,3,11,1,3,8,37,18,8,4.133,24.2,1.667,1.533,1.533,15.667,0.016197183098591552,0.0032011834319526627,0.03473639455782313,0.045703125,0.0020689655172413794,0.0031904761904761906,0.009915254237288135,0.03532608695652175,0.004962130177514793,0.1805045871559633,0.11350000000000016,0.00463448275862069,0.004942857142857143,0.09746724890829697
1705784515,1.5589777164079526,3.4009848484848733,0.17946481611492066,0.2408458822681767,4.952071096583101,1.0212133419899239,0.4612267940505945,0.08183072100313427,0.4800019546043193,0.8506836451055443,0.00011436866298633405,0.29125746876697484,0.3714074557530724,39.44750176103404,1.3029856164072853,211136512,81674240,6021120,423878656,98361344,335417344,40947712,4497408,281473024,92659712,4718592,3010560,301408256,13934592,48144384,2238614.718614719,0,844902.8335685593,40030.29636687923,0,0,0,1709841.644357729,16,9,9,4,12,23,6,7,3,11,1,3,8,37,18,8,4.133,24.2,1.667,1.533,1.533,15.667,0.016197183098591552,0.0032011834319526627,0.03473639455782313,0.045703125,0.0020689655172413794,0.0031904761904761906,0.009915254237288135,0.03532608695652175,0.004962130177514793,0.1805045871559633,0.11350000000000016,0.00463448275862069,0.004942857142857143,0.09746724890829697
1705784516,1.5589777164079526,3.4009848484848733,0.1440429480342382,0.2408458822681767,5.02558692288721,1.04166050965751,0.4612267940505945,0.08183072100313425,0.4800019546043193,0.8506836451055443,0.00011436866298633405,0.2853751605913625,0.3714074557530724,39.44750176103404,1.3224800130527188,211136512,81674240,6021120,423878656,98361344,335417344,40947712,4497408,281473024,92659712,4718592,2883584,301408256,13934592,48144384,2238614.718614719,0,844902.8335685593,40030.29636687923,0,0,0,1897967.0419317994,16,9,9,4,12,23,6,7,3,11,1,3,8,37,18,8,4.133,24.2,1.667,1.533,1.533,15.667,0.016197183098591552,0.0032011834319526627,0.03473639455782313,0.045703125,0.0020689655172413794,0.0031904761904761906,0.009915254237288135,0.03532608695652175,0.004962130177514793,0.1805045871559633,0.11350000000000016,0.00463448275862069,0.004942857142857143,0.09746724890829697
1705784517,1.5589777164079526,3.4009848484848733,0.14105186776565617,0.2408458822681767,5.02558692288721,1.0621076773250961,0.4612267940505945,0.08183072100313425,0.4800019546043193,0.655353139823295,0.00011436866298633405,0.2853751605913625,0.3229873342193075,33.81801453055314,1.302555599311878,211136512,81674240,6021120,423878656,98361344,335417344,40947712,4497408,281473024,92659712,4718592,2883584,301408256,13934592,48185344,2238614.718614719,0,844902.8335685593,40030.29636687923,0,0,0,1774336.228159264,16,9,9,4,12,23,6,7,3,11,1,3,8,37,18,8,4.133,24.2,1.667,1.533,1.533,15.667,0.016197183098591552,0.0032011834319526627,0.03473639455782313,0.045703125,0.0020689655172413794,0.0031904761904761906,0.009915254237288135,0.03532608695652175,0.004962130177514793,0.1805045871559633,0.11350000000000016,0.00463448275862069,0.004942857142857143,0.09746724890829697
1705784518,1.5589777164079526,3.4009848484848733,0.14223756017001116,0.2408458822681767,5.02558692288721,1.2268300600551705,0.4612267940505945,0.08183072100313425,0.4800019546043193,0.669323501094516,0.00008854530284195769,0.2853751605913625,0.38872571102502745,33.160556167869245,1.302555599311878,211136512,81674240,6021120,423878656,98361344,335417344,40947712,4497408,281473024,92659712,4718592,2883584,301408256,13934592,48185344,2238614.718614719,0,844902.8335685593,40030.29636687923,0,0,0,1774336.228159264,16,9,9,4,12,23,6,7,3,11,1,3,8,37,18,8,4.133,24.2,1.667,1.533,1.533,15.667,0.016197183098591552,0.0032011834319526627,0.03473639455782313,0.045703125,0.0020689655172413794,0.0031904761904761906,0.009915254237288135,0.03532608695652175,0.004962130177514793,0.1805045871559633,0.11350000000000016,0.00463448275862069,0.004942857142857143,0.09746724890829697
1705784519,1.5589777164079526,3.4009848484848733,0.1846383106531433,0.2408458822681767,5.02558692288721,1.2268300600551705,0.4612267940505945,0.08183072100313425,0.4800019546043193,0.6832938623657371,0.00011372080697172824,0.2853751605913625,0.38872571102502745,32.50309780518534,1.302555599311878,211136512,81674240,6025216,423878656,98361344,335417344,40947712,4497408,281473024,92659712,4718592,2883584,301408256,13934592,48185344,2238614.718614719,0,844902.8335685593,40030.29636687923,0,0,0,1774336.228159264,16,9,9,4,12,23,6,7,3,11,1,3,8,37,18,8,4.133,24.2,1.667,1.533,1.533,15.667,0.016197183098591552,0.0032011834319526627,0.03473639455782313,0.045703125,0.0020689655172413794,0.0031904761904761906,0.009915254237288135,0.03532608695652175,0.004962130177514793,0.1805045871559633,0.11350000000000016,0.00463448275862069,0.004942857142857143,0.09746724890829697
1705784520,1.5589777164079526,3.4009848484848733,0.1846383106531433,0.2408458822681767,5.02558692288721,1.2268300600551705,0.4612267940505945,0.08183072100313425,0.4800019546043193,0.6972642236369581,0.00011662197748244562,0.28537516059136253,0.38872571102502745,39.54132711669725,1.302555599311878,211136512,81674240,6025216,423878656,98361344,335417344,40947712,4497408,281473024,92659712,4718592,2883584,301408256,522526720,48185344,2238614.718614719,0,844902.8335685593,40030.29636687923,0,0,0,1774336.228159264,16,9,9,4,12,23,6,7,3,11,1,3,8,38,18,8,4.133,24.2,1.667,1.533,1.533,15.667,0.016197183098591552,0.0032011834319526627,0.03473639455782313,0.045703125,0.0020689655172413794,0.0031904761904761906,0.009915254237288135,0.03532608695652175,0.004962130177514793,0.1805045871559633,0.11350000000000016,0.00463448275862069,0.004942857142857143,0.09746724890829697
1705784521,1.6921906539208913,3.4009848484848733,0.1846383106531433,0.2408458822681767,5.02558692288721,1.2268300600551705,0.4612267940505945,0.08183072100313425,0.4800019546043193,0.83822167627326,0.00011952314799316303,0.28537516059136253,0.38872571102502745,39.37155107013971,1.302555599311878,211156992,81674240,6025216,423878656,98361344,335417344,40947712,4497408,281473024,92659712,4718592,2883584,301408256,522526720,48185344,2238614.718614719,0,844902.8335685593,40030.29636687923,0,0,0,1774336.228159264,16,9,9,4,12,23,6,7,3,11,1,3,8,38,18,8,4.067,24.2,1.667,1.533,1.533,15.667,0.016197183098591552,0.003215568862275449,0.03473639455782313,0.045703125,0.0020689655172413794,0.0031904761904761906,0.009915254237288135,0.03532608695652175,0.004988023952095809,0.1805045871559633,0.11350000000000016,0.00463448275862069,0.004942857142857143,0.09746724890829697
1705784522,1.6921906539208913,3.4009848484848733,0.1846383106531433,0.2408458822681767,5.02558692288721,1.0702865443921308,0.39429645733295404,0.08183072100313425,0.4800019546043193,0.83822167627326,0.00012242431850388043,0.28537516059136253,0.38872571102502745,39.37155107013971,1.302555599311878,211156992,81674240,6025216,423878656,98361344,335417344,40947712,4497408,281473024,92659712,4718592,2883584,301408256,522526720,48185344,2238614.718614719,0,896019.2035165676,40030.29636687923,0,0,0,1774336.228159264,16,9,9,4,12,23,6,7,3,11,1,3,8,38,18,8,4.067,24.2,1.667,1.533,1.533,17.6,0.016197183098591552,0.003215568862275449,0.03473639455782313,0.045703125,0.0020689655172413794,0.0031904761904761906,0.009957482993197278,0.03532608695652175,0.004988023952095809,0.1805045871559633,0.11350000000000016,0.00463448275862069,0.004942857142857143,0.097092050209205
1705784523,1.6921906539208913,3.6570483397428117,0.1846383106531433,0.2408458822681767,5.025586922887208,1.0498393767245444,0.33345500000000255,0.08183072100313425,0.41201367775090586,0.83822167627326,0.00012532548901459783,0.28537516059136253,0.3829613779822473,39.37155107013971,1.302555599311878,211156992,81711104,6025216,423878656,98361344,335417344,40947712,4497408,281473024,92659712,4718592,2883584,301412352,522526720,48185344,2168002.3156763013,0,757760.0000000001,34360.338472313844,0,0,0,1774336.228159264,16,9,9,4,12,23,6,7,3,11,1,3,8,38,18,8,4.067,24.2,1.667,1.733,1.533,17.6,0.016197183098591552,0.003215568862275449,0.03473639455782313,0.045703125,0.0020344827586206895,0.0031904761904761906,0.009957482993197278,0.03532608695652175,0.004988023952095809,0.1805045871559633,0.11350000000000016,0.004627586206896552,0.004942857142857143,0.097092050209205
1705784524,1.6921906539208913,3.6570483397428117,0.1846383106531433,0.14086634246480964,5.025586922887208,1.0293922090569583,0.46617107071253394,0.08183072100313425,0.40401364517416727,0.83822167627326,0.00012822665952531522,0.19111455066615368,0.3829613779822473,39.37155107013971,1.302555599311878,211156992,81711104,6025216,423878656,98361344,335417344,40976384,4497408,281473024,92659712,4718592,2883584,301412352,522526720,48185344,2168002.3156763013,0,913482.4626613503,33693.16686619919,0,0,0,1774336.228159264,16,9,9,4,12,23,6,7,3,11,1,3,8,38,18,8,4.067,24.2,1.667,1.733,1.733,17.6,0.016197183098591552,0.003215568862275449,0.03473639455782313,0.045703125,0.0020344827586206895,0.003186046511627907,0.009957482993197278,0.03532608695652175,0.004988023952095809,0.1805045871559633,0.11350000000000016,0.004627586206896552,0.004934883720930232,0.097092050209205
1705784525,1.6921906539208913,3.6570483397428117,0.1846383106531433,0.14466809515594958,5.025586922887208,1.0089450413893721,0.46617107071253394,0.08183072100313425,0.455546583744226,0.83822167627326,0.00013112783003603262,0.19575719734819313,0.3829613779822473,39.37155107013971,1.302555599311878,211156992,81711104,6025216,423878656,98361344,335417344,40976384,4497408,281473024,92659712,4718592,2883584,301412352,522526720,48185344,2168002.3156763013,0,913482.4626613503,56295.6345456732,0,0,0,1774336.228159264,16,9,9,4,12,23,6,7,3,11,1,3,8,38,18,8.533,4.067,24.2,2.2,2.267,2.267,19.2,0.016098130841121494,0.003215568862275449,0.03473639455782313,0.04595588235294117,0.0020666666666666663,0.0032068965517241385,0.009870689655172415,0.03488888888888893,0.004988023952095809,0.1805045871559633,0.1105,0.004626666666666666,0.004972413793103449,0.09700413223140496
1705784526,1.6921906539208913,3.6570483397428117,0.1846383106531433,0.14846984784708955,5.025586922887208,0.9884978737217859,0.46617107071253394,0.08183072100313425,0.455546583744226,0.83822167627326,0.00013402900054675004,0.20039984403023262,0.3829613779822473,39.37155107013971,1.302555599311878,211156992,81711104,6025216,423878656,98361344,335417344,40976384,4497408,281473024,92659712,4718592,2883584,301412352,522526720,48185344,2168002.3156763013,0,913482.4626613503,56295.6345456732,0,0,0,1774336.228159264,16,9,9,4,12,23,6,7,3,11,1,3,8,38,18,8.533,4.067,24.2,2.2,2.267,2.267,19.2,0.016098130841121494,0.003215568862275449,0.03473639455782313,0.04595588235294117,0.0020666666666666663,0.0032068965517241385,0.009870689655172415,0.03488888888888893,0.004988023952095809,0.1805045871559633,0.1105,0.004626666666666666,0.004972413793103449,0.09700413223140496
1705784527,1.6921906539208913,3.6570483397428117,0.1846383106531433,0.15227160053822955,5.025586922887208,1.2253201059160441,0.46617107071253394,0.07964686384497656,0.3643007486166972,0.83822167627326,0.00013693017105746743,0.205042490712272,0.3829613779822473,39.37155107013971,1.302555599311878,211156992,81711104,6025216,423878656,98361344,335400960,40976384,4497408,281473024,92659712,4718592,2883584,301412352,522526720,48185344,2168002.3156763013,0,913482.4626613503,71103.39589888249,0,0,0,1774336.228159264,16,9,9,4,12,18,6,7,3,11,1,3,8,38,18,8.533,4.067,24.2,2.2,2.267,2.267,19.2,0.016098130841121494,0.003215568862275449,0.03473639455782313,0.04595588235294117,0.0020666666666666663,0.0032068965517241385,0.009870689655172415,0.03488888888888893,0.004988023952095809,0.1805045871559633,0.1105,0.004626666666666666,0.004972413793103449,0.09700413223140496
1705784528,1.7197611200315692,3.6570483397428117,0.1846383106531433,0.15607335322936952,5.025586922887208,1.2253201059160441,0.46617107071253394,0.07964686384497656,0.3643007486166972,0.6945120624665274,0.0001398313415681848,0.21633946746788144,0.3829613779822473,39.37155107013971,1.302555599311878,211156992,81711104,6025216,423878656,98361344,335400960,40976384,4497408,281473024,92659712,4718592,2883584,301412352,522526720,48185344,2168002.3156763013,0,913482.4626613503,71103.39589888249,0,0,0,1774336.228159264,16,9,9,4,12,18,6,7,3,11,1,3,8,38,18,9.4,4.333,25.333,2.267,2.267,2.267,19.933,0.016141975308641976,0.0032470588235294115,0.03496677740863787,0.04473684210526315,0.0020666666666666663,0.0032068965517241385,0.009780130293159611,0.030931372549019617,0.0054999999999999945,0.17368421052631589,0.09484848484848485,0.004626666666666666,0.004972413793103449,0.09582000000000002
1705784529,1.7197611200315692,3.6570483397428117,0.1846383106531433,0.15987510592050952,5.025586922887208,1.2253201059160441,0.46617107071253394,0.08244825283774729,0.3643007486166972,0.6805417011953063,0.00014273251207890222,0.22113691877331038,0.3829613779822473,39.37155107013971,1.031753400284056,211156992,81711104,6025216,423878656,98361344,335400960,40976384,4497408,281473024,92659712,4718592,2883584,301412352,522526720,48185344,2168002.3156763013,0,913482.4626613503,71103.39589888249,0,0,0,1782870.5854323446,16,9,9,4,12,18,6,7,3,11,1,3,8,38,18,9.4,4.333,25.667,2.267,2.267,2.267,19.933,0.016141975308641976,0.0032470588235294115,0.034991638795986615,0.04473684210526315,0.0020666666666666663,0.0032068965517241385,0.009780130293159611,0.030931372549019617,0.0054999999999999945,0.16800847457627122,0.09484848484848485,0.004626666666666666,0.004972413793103449,0.09582000000000002
1705784530,1.7197611200315692,3.6570483397428117,0.1846383106531433,0.1636768586116495,4.270212149787872,1.2253201059160441,0.46617107071253394,0.08244825283774729,0.3643007486166972,0.6665713399240855,0.0001456336825896196,0.22593437007873926,0.3829613779822473,39.37155107013971,1.053066986300573,211156992,81711104,6025216,423878656,99164160,335400960,40976384,4497408,281473024,92659712,4718592,2883584,301412352,522526720,48185344,2168002.3156763013,0,913482.4626613503,71103.39589888249,0,0,0,1819700.4767304673,16,9,9,4,16,18,6,7,3,11,1,3,8,38,18,9.4,4.333,25.667,2.267,2.267,2.267,19.933,0.016141975308641976,0.0032470588235294115,0.034991638795986615,0.04473684210526315,0.0020666666666666663,0.0032068965517241385,0.009780130293159611,0.030931372549019617,0.0054999999999999945,0.16800847457627122,0.09484848484848485,0.004626666666666666,0.004972413793103449,0.09582000000000002
1705784531,1.7197611200315692,3.6570483397428117,0.1846383106531433,0.16747861130278946,4.356759393380679,1.2253201059160441,0.46617107071253394,0.08244825283774729,0.3643007486166972,0.6526009786528644,0.00017407023064304383,0.23073182138416817,0.3829613779822473,39.37155107013971,1.07438057231709,211156992,81711104,6025216,423878656,99164160,335400960,40976384,4497408,281473024,92659712,4718592,2883584,301412352,522526720,48185344,2168002.3156763013,0,913482.4626613503,71103.39589888249,0,0,0,1856530.36802859,16,9,9,4,16,18,6,7,3,11,1,3,8,38,18,9.4,4.333,25.667,2.267,2.267,2.267,19.933,0.016141975308641976,0.0032470588235294115,0.034991638795986615,0.04473684210526315,0.0020666666666666663,0.0032068965517241385,0.009780130293159611,0.030931372549019617,0.0054999999999999945,0.16800847457627122,0.09484848484848485,0.004626666666666666,0.004972413793103449,0.09582000000000002
1705784532,1.7197611200315692,3.6570483397428117,0.1846383106531433,0.17128036399392943,4.443306636973484,0.9690192133844953,0.46617107071253394,0.08244825283774729,0.3643007486166972,0.6386306173816434,0.00017407023064304383,0.23552927268959706,0.3829613779822473,39.37155107013971,1.2788151609910166,211156992,81711104,6025216,423878656,99164160,335400960,40976384,4497408,281473024,92659712,4718592,2883584,301412352,522526720,48185344,2168002.3156763013,0,913482.4626613503,71103.39589888249,0,0,0,2209793.477887358,16,9,9,4,16,18,6,7,3,11,1,3,8,38,18,9.4,4.333,25.667,2.267,2.267,2.267,19.933,0.016141975308641976,0.0032470588235294115,0.034991638795986615,0.04473684210526315,0.0020666666666666663,0.0032068965517241385,0.009780130293159611,0.030931372549019617,0.0054999999999999945,0.16800847457627122,0.09484848484848485,0.004626666666666666,0.004972413793103449,0.09582000000000002
1705784533,1.7197611200315692,3.6570483397428117,0.1846383106531433,0.1750821166850694,5.192834615568385,0.9881635480062982,0.46617107071253394,0.08244825283774729,0.3643007486166972,0.6246602561104224,0.00017407023064304383,0.240326723995026,0.3829613779822473,39.37155107013971,1.0921774166408817,211156992,81711104,6025216,423878656,99164160,335400960,40976384,4497408,281473024,92659712,4718592,2883584,301412352,522526720,48185344,2168002.3156763013,0,913482.4626613503,71103.39589888249,0,0,0,1887283.3272625227,16,9,9,4,16,18,6,7,3,11,1,3,8,38,18,9.4,4.333,25.667,2.267,2.267,2.267,19.933,0.016141975308641976,0.0032470588235294115,0.034991638795986615,0.04473684210526315,0.0020666666666666663,0.0032068965517241385,0.009780130293159611,0.030931372549019617,0.0054999999999999945,0.16800847457627122,0.09484848484848485,0.004626666666666666,0.004972413793103449,0.09582000000000002
1705784534,1.6422578995807056,3.6570483397428117,0.1846383106531433,0.1788838693762094,5.192834615568385,1.1486600773081843,0.46617107071253394,0.08244825283774729,0.3643007486166972,0.6106898948392013,0.0001468318660105459,0.2451241753004549,0.3829613779822473,39.37155107013971,1.070863830624365,211181568,81711104,6025216,423878656,99164160,335400960,40976384,4497408,281473024,92659712,4718592,2883584,301412352,522526720,48185344,2168002.3156763013,0,913482.4626613503,71103.39589888249,0,0,0,1850453.4359644,16,9,9,4,16,18,6,7,3,11,1,3,8,38,18,9.4,4.333,25.667,2.267,2.267,2.267,19.933,0.016141975308641976,0.0032470588235294115,0.034991638795986615,0.04473684210526315,0.0020666666666666663,0.0032068965517241385,0.009780130293159611,0.030931372549019617,0.0054999999999999945,0.16800847457627122,0.09484848484848485,0.004626666666666666,0.004972413793103449,0.09582000000000002
1705784535,1.6422578995807056,3.766727575815864,0.18434039807078276,0.18268562206734937,5.192834615568385,1.1486600773081843,0.46617107071253394,0.08244825283774729,0.3643007486166972,0.5967195335679804,0.00014393069549982848,0.24992162660588377,0.3829613779822473,39.37155107013971,1.337611252214373,211181568,81711104,6025216,423878656,99164160,335400960,40976384,4497408,281473024,92659712,4718592,2883584,301412352,522526720,48250880,2678668.974802847,0,913482.4626613503,71103.39589888249,0,0,0,1835869.634815273,16,9,9,4,16,18,6,7,3,11,1,3,8,38,18,9.4,4.333,25.667,2.267,2.267,2.267,19.933,0.016141975308641976,0.0032470588235294115,0.034991638795986615,0.04473684210526315,0.0020666666666666663,0.0032068965517241385,0.009780130293159611,0.030931372549019617,0.0054999999999999945,0.16800847457627122,0.09484848484848485,0.004626666666666666,0.004972413793103449,0.09582000000000002
1705784536,1.6422578995807056,3.766727575815864,0.18505945726191686,0.18648737475848934,5.192834615568385,1.1486600773081843,0.46444206008583855,0.08244825283774729,0.3643007486166972,0.5827491722967595,0.00014102952498911108,0.2878470783257345,0.33810301507538204,33.369248744077275,1.337611252214373,211181568,81711104,6025216,423878656,99164160,335400960,40992768,4497408,281473024,92659712,4718592,2883584,301412352,522526720,48250880,2678668.974802847,0,856995.7081545064,71103.39589888249,0,0,0,1835869.634815273,16,9,9,4,16,18,6,7,3,11,1,3,8,38,18,9.4,4.133,25.667,2.267,2.267,2.267,19.933,0.016141975308641976,0.003258823529411764,0.034991638795986615,0.04473684210526315,0.0020666666666666663,0.0032068965517241385,0.009780130293159611,0.030931372549019617,0.005736842105263153,0.16800847457627122,0.09484848484848485,0.004626666666666666,0.004972413793103449,0.09582000000000002
1705784537,1.6422578995807056,3.6130377543734404,0.18505945726191686,0.1902891274496293,5.192834615568385,1.1486600773081843,0.46444206008583855,0.08244825283774729,0.3643007486166972,0.5687788110255384,0.00010511846041884954,0.2878470783257345,0.33810301507538204,39.82065094652944,1.337611252214373,211181568,81842176,6025216,423878656,99164160,335400960,40992768,4497408,281473024,92659712,4718592,2883584,301412352,641650688,48250880,2339735.8086397713,0,856995.7081545064,71103.39589888249,0,0,0,1835869.634815273,16,9,9,4,16,18,6,7,3,11,1,3,8,40,18,9.4,4.133,25.667,2.267,2.267,2.267,21.6,0.016141975308641976,0.003258823529411764,0.034991638795986615,0.04473684210526315,0.0020666666666666663,0.0032068965517241385,0.009619205298013243,0.030931372549019617,0.005736842105263153,0.16800847457627122,0.09484848484848485,0.004626666666666666,0.004972413793103449,0.09575510204081632
1705784538,1.6422578995807056,3.6130377543734404,0.18505945726191686,0.1940908801407693,5.192834615568385,1.1486600773081843,0.46444206008583855,0.08244825283774729,0.3643007486166972,0.5548084497543175,0.00010511846041884954,0.2878470783257345,1.4736189402480255,39.82065094652944,1.337611252214373,211181568,81842176,6025216,423878656,99164160,335400960,40992768,4497408,281473024,92659712,4718592,2883584,301772800,641650688,48250880,2339735.8086397713,0,856995.7081545064,71103.39589888249,0,0,0,1835869.634815273,16,9,9,4,16,18,6,7,3,11,1,3,10,40,18,9.4,4.133,25.667,2.267,2.6,2.267,21.6,0.016141975308641976,0.003258823529411764,0.034991638795986615,0.04473684210526315,0.0022812499999999994,0.0032068965517241385,0.009619205298013243,0.030931372549019617,0.005736842105263153,0.16800847457627122,0.09484848484848485,0.00465625,0.004972413793103449,0.09575510204081632
1705784539,1.6422578995807056,3.6130377543734404,0.18505945726191686,0.2281051614683987,5.192834615568385,1.1486600773081843,0.46444206008583855,0.08824070234897473,0.36019622931897255,0.9373448461953602,0.00010511846041884954,0.2878470783257345,1.4736189402480255,39.82065094652944,1.337611252214373,211181568,81842176,6025216,423878656,99164160,335400960,40992768,4497408,281473024,92659712,4718592,2883584,301772800,641650688,48250880,2339735.8086397713,0,856995.7081545064,105066.05104527382,0,0,0,1835869.634815273,16,9,9,4,16,18,6,7,3,11,1,3,10,40,18,9.4,4.133,25.667,2.267,2.6,2.667,21.6,0.016141975308641976,0.003258823529411764,0.034991638795986615,0.04473684210526315,0.0022812499999999994,0.003188235294117647,0.009619205298013243,0.030931372549019617,0.005736842105263153,0.16800847457627122,0.09484848484848485,0.00465625,0.0049388235294117655,0.09575510204081632
1705784540,1.6422578995807056,3.6130377543734404,0.18505945726191686,0.19169577594535112,5.192834615568387,1.1486600773081843,0.45187249114522,0.08824070234897473,0.36019622931897255,0.9373448461953602,0.00010511846041884954,0.28607000795544657,1.4736189402480255,39.82065094652944,1.337611252214373,211181568,81842176,6025216,423878656,99164160,335400960,40992768,4497408,281473024,92659712,4718592,2883584,301772800,641650688,48250880,2339735.8086397713,0,580306.9657615114,105066.05104527382,0,0,0,1835869.634815273,16,9,9,4,16,18,6,7,3,11,1,3,10,40,18,9.267,4.133,25.667,2.133,2.467,2.533,21.2,0.016285425101214574,0.003258823529411764,0.034991638795986615,0.04583333333333334,0.0022058823529411764,0.0032142857142857142,0.009635761589403973,0.030931372549019617,0.005736842105263153,0.16800847457627122,0.09636363636363636,0.004441176470588236,0.004985714285714286,0.09578947368421052
1705784541,1.6422578995807056,3.6130377543734404,0.18505945726191686,0.18789402325421115,5.121106239842745,0.9912840745496522,0.45187249114522,0.08824070234897473,0.36019622931897255,0.9373448461953602,0.00010511846041884954,0.28607000795544657,1.4736189402480255,39.82065094652944,1.337611252214373,211181568,81842176,6025216,423878656,100315136,335400960,40992768,4497408,281473024,92659712,4718592,2883584,301772800,641650688,48250880,2339735.8086397713,0,580306.9657615114,105066.05104527382,0,0,0,1835869.634815273,16,9,9,4,12,18,6,7,3,11,1,3,10,40,18,9.267,4.133,25.667,2.133,2.467,2.533,21.2,0.016285425101214574,0.003258823529411764,0.034991638795986615,0.04583333333333334,0.0022058823529411764,0.0032142857142857142,0.009635761589403973,0.030931372549019617,0.005736842105263153,0.16800847457627122,0.09636363636363636,0.004441176470588236,0.004985714285714286,0.09578947368421052
1705784542,1.6422578995807056,3.6130377543734404,0.18505945726191686,0.18409227056307112,5.121106239842745,0.972139739927849,0.45187249114522,0.08824070234897473,0.36019622931897255,0.9373448461953602,0.00010511846041884954,0.28607000795544657,1.4736189402480255,39.82065094652944,1.337611252214373,211181568,81842176,6025216,423878656,100315136,335400960,40992768,4497408,281473024,92659712,4718592,2883584,301772800,641650688,48250880,2339735.8086397713,0,580306.9657615114,105066.05104527382,0,0,0,1835869.634815273,16,9,9,4,12,18,6,7,3,11,1,3,10,40,18,9.267,4.133,25.667,2.133,2.467,2.533,21.2,0.016285425101214574,0.003258823529411764,0.034991638795986615,0.04583333333333334,0.0022058823529411764,0.0032142857142857142,0.009635761589403973,0.030931372549019617,0.005736842105263153,0.16800847457627122,0.09636363636363636,0.004441176470588236,0.004985714285714286,0.09578947368421052
1705784543,1.6422578995807056,3.6130377543734404,0.18505945726191686,0.23895984092167005,5.121106239842745,0.9529954053060461,0.45187249114522,0.08824070234897473,0.29869272316275797,0.9373448461953602,0.00010511846041884954,0.28607000795544657,1.4736189402480255,39.82065094652944,1.337611252214373,211181568,81842176,6025216,423882752,100315136,335400960,40992768,4497408,281473024,92659712,4718592,2883584,301772800,641650688,48250880,2339735.8086397713,0,580306.9657615114,87126.02282929332,0,0,0,1835869.634815273,16,9,9,4,12,18,6,7,3,11,1,3,10,40,18,7.867,3.933,25.067,2.4,2.467,2.533,21,0.01628205128205128,0.003265060240963855,0.03500816993464053,0.04722222222222222,0.0022058823529411764,0.0032142857142857142,0.009628378378378377,0.031923076923076915,0.005888888888888884,0.1673660714285714,0.12999999999999998,0.004441176470588236,0.004985714285714286,0.09595141700404855
1705784544,1.6422578995807056,3.6130377543734404,0.18505945726191686,0.23895984092167005,5.121106239842745,0.933851070684243,0.45187249114522,0.07636864463180461,0.36282725678698025,0.9373448461953602,0.00010511846041884956,0.28607000795544657,1.4736189402480255,39.82065094652944,1.337611252214373,211181568,81842176,6025216,423882752,100315136,335400960,40992768,4497408,281473024,92659712,4718592,2883584,301772800,641650688,48250880,2339735.8086397713,0,580306.9657615114,66041.88080698148,0,0,0,1835869.634815273,16,9,9,4,12,18,6,7,3,11,1,3,10,40,18,7.867,3.933,25.533,2.4,2.467,2.533,21,0.01628205128205128,0.003265060240963855,0.03535031847133758,0.04722222222222222,0.0022058823529411764,0.0032142857142857142,0.009628378378378377,0.031923076923076915,0.005888888888888884,0.1719444444444445,0.12999999999999998,0.004441176470588236,0.004985714285714286,0.09595141700404855
1705784545,1.2184645812766657,3.6130377543734404,0.18505945726191686,0.23895984092167005,5.121106239842745,1.1719672907856107,0.45187249114522,0.07792387164016035,0.36282725678698025,0.9373448461953602,0.00010511846041884956,0.28607000795544657,1.4736189402480255,39.82065094652944,1.337611252214373,211181568,81842176,6025216,423882752,100315136,335409152,40992768,4497408,281473024,92659712,4718592,2883584,301772800,641650688,48250880,2339735.8086397713,0,580306.9657615114,66041.88080698148,0,0,0,1835869.634815273,16,9,9,4,12,22,6,7,3,11,1,3,10,40,18,7.867,3.933,25.533,2.4,2.467,2.533,21,0.01628205128205128,0.003265060240963855,0.03535031847133758,0.04722222222222222,0.0022058823529411764,0.0032142857142857142,0.009628378378378377,0.031923076923076915,0.005888888888888884,0.1719444444444445,0.12999999999999998,0.004441176470588236,0.004985714285714286,0.09595141700404855
